Desplacment,Force
0.0,0.0
6.895512997673807e-06,0.6895509843859909
2.124487243528006e-05,2.1244780200095703
3.195293473886126e-05,3.1952620931203883
3.259590105058335e-05,3.259556791575682
2.391956836648624e-05,2.391923523165971
1.2203064300747667e-05,1.2202731165921135
4.928664956892477e-06,0.4928331822065944
5.474698336049871e-06,0.5474364774539869
1.2014637329774546e-05,1.2014288665037662
1.954488276027472e-05,1.9544478962562022
2.300280565597588e-05,2.3002356599539038
2.029370805456918e-05,2.0293258998132337
1.4087734257411316e-05,1.4087285200974473
1.0985066202427708e-05,1.0984617145990865
1.619566577300114e-05,1.6195188606265998
2.9935134645519944e-05,2.993444031694997
4.767533580666371e-05,4.767385719710579
6.317233930456921e-05,6.316947813275313
7.140398665122363e-05,7.1400048721295555
6.964298019085044e-05,6.963904226092237
6.005245550162082e-05,6.004851757169274
4.803551690518671e-05,4.803157897525864
3.864643401333162e-05,3.864249608340355
3.3092592019411814e-05,3.3088654089483747
2.9849121046811153e-05,2.9845183116883085
2.8216868198178096e-05,2.821293026825003
2.737197504994607e-05,2.7368037120018003
2.741185141183755e-05,2.74079126187533
2.8045168845650586e-05,2.804121600426647
2.7681518908161674e-05,2.7677566066777555
2.555327727878674e-05,2.5549324437402623
2.2985917016411222e-05,2.2981964175027105
2.0993643321900255e-05,2.098969048051614
1.8069018347393242e-05,1.8065065506009128
1.1448766370427787e-05,1.1444813529043671
-2.5889570303730565e-06,-0.25929094177956646
-2.446451664989553e-05,-2.446832828897444
-5.013085858689845e-05,-5.013359902395821
-7.343974366539848e-05,-7.343988578659
-8.842799244396693e-05,-8.842529340899828
-9.367654499842734e-05,-9.367259003042793
-9.236870969650066e-05,-9.236475472850126
-8.900584300042547e-05,-8.900188803242607
-8.31961263731567e-05,-8.319217140515729
-7.422257026808533e-05,-7.421861530008593
-6.337932926091356e-05,-6.337537429291416
-5.507135791430586e-05,-5.506740294630647
-5.915117618722388e-05,-5.914683710366284
-7.978401745270446e-05,-7.977678443083693
-0.00011208944022122384,-11.207354789782055
-0.0001451161098052377,-14.508437435031052
-0.00016762204211162975,-16.757440729059518
-0.00017634714155976213,-17.62920622789077
-0.00017887935137429295,-17.882196836103873
-0.00018507129066985256,-18.500799402146672
-0.0001982331141683764,-19.815587169305957
-0.00021396848814374142,-21.38719647245601
-0.00022323102362060388,-22.31217378522788
-0.0002172199233629471,-21.711063759462206
-0.00018915419216883661,-18.904490640051154
-0.0001435974675528004,-14.348818178447532
-9.503707749266434e-05,-9.492779172433925
-6.0149241179301664e-05,-6.003995541097657
-5.0044795021992904e-05,-4.993550925366781
-6.239688021491142e-05,-6.228646778842567
-8.377724965022097e-05,-8.366352837625225
-9.829647003588057e-05,-9.817927802497026
-9.80836672220813e-05,-9.796647521117098
-8.486831472584016e-05,-8.475112271492986
-6.516917269925278e-05,-6.505198068834247
-4.716198883421271e-05,-4.7044796823302395
-3.526256798400762e-05,-3.51453759730973
-2.7544109396964143e-05,-2.7426917386053824
-1.644309524738306e-05,-1.632590323647274
4.276229228198503e-06,0.43934193124531257
3.234666894611847e-05,3.2463530634963487
6.33869942954114e-05,6.350172144440996
9.753575928036861e-05,9.764399258045994
0.0001336581910954135,13.375235655488337
0.00016302156606838936,16.30970028416914
0.0001810893886327998,18.11493638850001
0.0001927656522084204,19.281384302960557
0.00020823031942746438,20.826055426478018
0.00023787188929542453,23.785950112567665
0.00028410358508152274,28.400012628411293
0.000339895873191148,33.963545696237745
0.0003936392458111476,39.31702567001356
0.0004358638572246794,43.518567852197656
0.0004641622472529808,46.331921426264685
0.00048276254850781585,48.17996494848836
0.0004998341534612181,49.87528406277178
0.0005239404777531389,52.26777108491082
0.0005563324748302996,55.47983677255883
0.0005901825320533146,58.83292737802395
0.0006151760760360117,61.30625800087796
0.00062419169847722,62.197901185898274
0.0006176997869620955,61.54871003438583
0.0006030339766012758,60.08212899830385
0.0005895623018413381,58.73496152231009
0.0005793905677806444,57.71778811624071
0.0005718339923213407,56.962130570310336
0.0005663936096771656,56.41809230589284
0.000562396223083027,56.01835364647898
0.0005593904746914977,55.71777880732604
0.0005571279492397618,55.49152626215245
0.0005582371678680651,55.60146075221387
0.0005632899898248469,56.10219556418653
0.0005700591551805184,56.772891604050265
0.0005740079957981484,57.164078339690946
0.0005677047795231147,56.533756712187575
0.000548965832863605,54.659862046236604
0.0005214569325599277,51.90897201586887
0.0004915390485595413,48.917183615830226
0.0004623262532211904,45.995904081995135
0.00043196800261030766,42.96007902090686
0.0003953083618857992,39.29411494845601
0.0003469502882186399,34.45830758174009
0.0002853939092766831,28.3026696875444
0.00021490793192018918,21.25407195189501
0.0001446990989083984,14.233188650715935
8.293718517489706e-05,8.0569972773658
3.160807142967787e-05,2.9240859028438817
-9.627491010402304e-06,-1.199467452859187
-3.339297097732204e-05,-3.575972881946412
-3.988353016328759e-05,-4.225000132157785
-3.88575337520753e-05,-4.122400491036556
-4.383282210365034e-05,-4.619901771990948
-6.115052661835192e-05,-6.35152018462127
-8.940505168701773e-05,-9.176474847723554
-0.00012156848087404359,-12.391728887278598
-0.0001499815684124981,-15.23146638014375
-0.00017371245319962853,-17.602704311889205
-0.00019463394226865548,-19.69274997329237
-0.0002155867356602513,-21.78542469282567
-0.00024074945228169575,-24.297835030577
-0.0002843673047283298,-28.65077364859676
-0.0003474871015908294,-34.94426854011262
-0.00041244176347779644,-41.41233890500679
-0.0004522859254506007,-45.375083959103826
-0.00044118181322510045,-44.26467273655379
-0.000375871333020415,-37.73362471608525
-0.00027819554151230723,-27.96604556527447
-0.00017945896977819613,-18.09238839186336
-0.00010034094609992977,-10.180586024036721
-4.05619703106432e-05,-4.2026884451080635
1.7264375310578618e-05,1.5799392142584125
9.338383473064812e-05,9.191143042591248
0.00019575019390592578,19.421478588510457
0.0003135946855176078,31.18376946752727
0.0004244217006443146,42.2230713039279
0.000505469623514679,50.277720275330815
0.0005448484847062636,54.18460059904966
0.0005508132356649287,54.7759684821854
0.0005506693407845853,54.761578994151066
0.0005659525067790162,56.27630525188184
0.0005878436650882786,58.444640798413026
0.0006005002765084516,59.69756148550163
0.0005981369206705331,59.46061551429001
0.0005852847376974995,58.17539721698665
0.0005707921549346662,56.72613894070332
0.0005630373533321633,55.95065878045304
0.0005640643420221211,56.05203281319414
0.0005694054331768798,56.58125546796366
0.0005707712494394667,56.71626781505532
0.000562225657891982,55.861708660306846
0.0005458791336501726,54.22705623612592
0.0005289118130779555,52.53032417890421
0.0005173917792758725,51.37832079869591
0.000515237927251914,51.16293559630006
0.0005316845630749357,52.79478073368242
0.0005598803247972355,55.59046611645293
0.0005760146707938427,57.18910120819057
0.0005521327574023358,54.800909869039884
0.0004722676028113933,46.81439440994563
0.000339887173354733,33.5763514642796
0.000172724574755879,16.860091604394203
-6.140706719535939e-06,-1.0264272529994125
-0.00018085764183070748,-18.492022983705493
-0.0003503953643041122,-35.40905145517089
-0.0005288929079066055,-53.15636880679845
-0.0007290957403206667,-72.94497174261568
-0.0009503658329288514,-94.62111162161585
-0.0011765368340706463,-116.5082558868122
-0.0013747685522790586,-135.42242249976815
-0.001522140802342554,-149.29783711615678
-0.0016164059634897127,-158.0824221995869
-0.001672333963988288,-163.25913840933984
-0.0017104284007635232,-166.76969055610903
-0.0017481074256966577,-170.22936687314944
-0.0017933145690830676,-174.36344607602317
-0.0018424696694203087,-178.83733216348648
-0.0018848832577752807,-182.67952899098495
-0.001908561317390479,-184.8170894434191
-0.0019080877373968542,-184.74212632144682
-0.0018859535534933478,-182.5287079310962
-0.0018514876855561808,-179.0821211373795
-0.0018177256117095691,-175.70591375271835
-0.0017915125345114285,-173.08460603290428
-0.001768193152099834,-170.7526677917448
-0.0017322153932970642,-167.15489191146784
-0.0016680781489352714,-160.74116747528856
-0.0015711948370699766,-151.0528362887591
-0.001447754340097118,-138.70878659147326
-0.0013098388862806377,-124.91724120982524
-0.0011732045607806953,-111.25380865983098
-0.0010662905713463566,-100.56240971639711
-0.000992410459604184,-93.17439854217984
-0.0009245074987736108,-86.38410245912254
-0.0008243564703787433,-76.36899961963579
-0.0006686485435698106,-60.7982069387425
-0.00045756658699761194,-39.69001128152263
-0.00020726738136930063,-14.660090718691496
6.07130263839383e-05,12.136156512378939
0.00033106321199661073,39.114426544248296
0.0005995311570010796,65.74205695263714
0.0008669206331432209,91.9941920884499
0.0011347309398337495,117.91654622110363
0.001396785660597612,142.82960704949727
0.0016422948864332028,165.68907470827872
0.0018607502965822284,185.58666023151406
0.0020399166137401808,201.56516557134614
0.0021703563860899695,212.99280509347042
0.0022504781435624443,219.92293280153658
0.002309766039857736,225.00623512415962
0.0023704651118841838,230.17038232704311
0.002434266227236196,235.55401797557002
0.002482544210603725,239.59713341461074
0.002488574804999386,240.100303952165
0.002433380459586811,234.5808694109075
0.002314078279395676,222.650651391794
0.0021541330319712363,206.65612664935003
0.001989893148371321,190.2321382893585
0.001849651829751717,176.20800642739812
0.0017434263232559304,165.58545577781948
0.0016554336554387532,156.7861889961017
0.0015608654853262042,147.32937198484683
0.001441309340622788,135.3737575145052
0.0012917237850872513,120.41520196095153
0.0011358967877156557,104.83250222379196
0.0010111654138914641,92.35936484137281
0.0009285596195496306,84.09878540718944
0.0008111080117259191,72.35362462481831
0.0005981999586497657,51.06281931720295
0.00028820114775860253,20.062938228086637
-5.617021886783084e-05,-14.37120593493104
-0.0002995122870671367,-38.651567270408215
-0.0003631099640434834,-44.9787691322509
-0.0002649048121673089,-35.15825394463345
-9.646852253057374e-05,-18.314624980959938
4.276443415959842e-05,-4.391329311942718
8.12042139551102e-05,-0.5473513323915394
2.631463394745328e-06,-8.403999485855413
-0.00015551402979855196,-24.205062328493188
-0.0003411571749668,-42.70690521870499
-0.0005237141337863924,-60.81852104096561
-0.0007386431595328558,-81.9904599419975
-0.0010402712974647487,-111.32905900943219
-0.0014635625100490085,-151.52214431771978
-0.0020072992938731074,-200.9723453675876
-0.002627424110549332,-253.67744682763035
-0.0032503735304443043,-302.06600398084555
-0.0037938196985193443,-340.27911335056604
-0.004186659028654274,-365.5387509767357
-0.00436961871251513,-376.6309439470774
-0.004320339041257914,-371.34116990315556
-0.004073946396485322,-346.70190542589637
-0.0037360618063061015,-312.9134464079742
-0.003442001707559932,-283.50743653335735
-0.0032867757577350045,-267.98484155086453
-0.003278263832818339,-266.9105927441199
-0.0033448906833004628,-272.19586594939346
-0.0033827552230990747,-275.17540508657066
-0.003315993353066742,-268.4992180833374
-0.0031477806786268645,-251.6779506393496
-0.0029569882783764844,-232.59871061431159
-0.0028385152286179477,-220.75140563845792
-0.0028347388425237477,-220.3737670290379
-0.002910302784274727,-226.85875965027466
-0.0029851035929660606,-233.21626109329583
-0.002995935834921345,-234.1317404165162
-0.0029244518146502394,-226.98333838940565
-0.002804031896041134,-214.94134652849507
-0.0026934487039761306,-203.88302732199475
-0.0026391027358444513,-198.44843050882682
-0.0026414082311067687,-198.60861631353353
-0.0026572894809969243,-200.01836841161912
-0.00262610583932276,-196.90000424420268
-0.0025020070643179846,-184.49012674372517
-0.00227621502773222,-161.91092308514868
-0.00197241751661018,-131.53117197294472
-0.001626265932382675,-96.9160135501942
-0.001252086117650653,-59.49803207699198
-0.0008578450908992403,-20.07392940185071
-0.00045200252226938677,20.499278552838835
-4.944548511895903e-05,60.52887876239292
0.00032704232967329825,97.4514591441767
0.0006538854401038314,128.87620268625292
0.0009113547810766848,153.10075774920827
0.0010826518250670436,168.91725603233556
0.001140477876152015,174.1979179923684
0.0010732518368218652,167.4753140593534
0.0009033715608491614,150.48728646208303
0.0006923827607250692,129.3884064496738
0.000513037057247241,111.45383610189099
0.0004190045257576085,102.05058295292773
0.00043211048879473286,103.29978910808983
0.0005238717062112221,112.1577342145919
0.0006362596235231599,122.93389014842647
0.0007179562419878786,130.71320334815235
0.0007531433369339553,134.04902842993008
0.000760227595166577,134.71953070643357
0.0007785021359145477,136.44742870776057
0.0008446713081408906,142.68264378476022
0.0009679475947917789,154.20685743419705
0.0011147211031345907,167.76156310761976
0.001212267529074619,176.66427768599928
0.0012034792598061834,175.78545075915574
0.0010812691971601902,163.5644444945564
0.000894665237776514,144.9040485561888
0.0007181606429657243,127.25358907510983
0.0006079719392963585,116.23471870817323
0.0005739194283287258,112.82946761140997
0.0005840250442313362,113.80144216240785
0.0006059411723158767,115.90711769722698
0.0006039570904836266,115.70870951400197
0.0005495985250729465,110.27285297293396
0.0004402701672112672,99.34001718676602
0.0003013519212991115,85.44819259555045
0.00016025072499820095,71.33807296545939
6.259270532714146e-06,55.93892751891071
-0.00016751955308568322,38.56104515707097
-0.00034951896075906394,20.361104389732898
-0.0005154688034861954,3.7661201170197507
-0.0006476640080520139,-9.452986543715369
-0.0007404134971898046,-18.723642914714237
-0.0007958887316558215,-24.264859731356864
-0.0008239405344183619,-27.065389799019304
-0.0008323414468873129,-27.903870524100586
-0.000816537054174846,-26.3234312528539
-0.0007398333741138325,-18.653063246752556
-0.0005903194179621134,-3.7016676315806425
-0.0003998803967329227,15.337475731274235
-0.0002274798961341857,32.54355419172727
-0.0001267420044193541,42.572271152522745
-0.0001208453014273461,43.15332523275186
-0.00019702608854643816,35.53524652084265
-0.00032602533659123613,22.63532171636285
-0.0005050580446991615,4.732050905570312
-0.0007283174276963427,-17.590013503000485
-0.0009813855690668507,-42.83358460887566
-0.0012409242822993868,-68.56490173366247
-0.0014802392384098968,-92.0664235990341
-0.0016770172448373319,-111.17578034202853
-0.0018171241321327872,-124.64029403088529
-0.0018907767308832587,-131.66596359364453
-0.0018693094894702688,-129.49689052847486
-0.0017445515921029665,-117.02110079174463
-0.0015451658296038947,-97.08252454183746
-0.001325463936307949,-75.11233521224288
-0.0011345157793547407,-56.01751951692206
-0.000997495999917047,-42.3155415731527
-0.0009236573575344759,-34.93167733489558
-0.0008916453366807652,-31.730475249524513
-0.0008671326054993352,-29.27920213138151
-0.0008263045157762477,-25.196393159072766
-0.0007718904217099078,-19.754983752438772
-0.0007316665138648207,-15.73259296793006
-0.0007338716690795091,-15.952982574705345
-0.0007847752089913488,-21.03919837430269
-0.0008496504322736981,-27.51717582557698
-0.0008841238302254957,-30.95700418481941
-0.0008636114049048557,-28.90576165275541
-0.0007924558122139277,-21.790202383662614
-0.0006988192913291216,-12.426550295182002
-0.0006223984455660589,-4.784465718875735
-0.0006060202324304401,-3.1466444053138547
-0.0006588721721911076,-8.431557366448944
-0.0007508379774877334,-17.624591250065485
-0.0008321999553238016,-25.751351261810004
-0.0008600778299507869,-28.533957499706293
-0.0008200912880105156,-24.53530330567916
-0.000726156168827928,-15.141791387420403
-0.0006064232658124337,-3.168501085870973
-0.00048255103775480423,9.217451814112522
-0.0003557890335155039,21.882179049829347
-0.00020131577053648738,37.284774696572335
-5.263293950721437e-06,56.75349313605337
0.0002166206441985903,78.63027383574443
0.00042336503389852026,98.81410228724519
0.0005696852848900763,112.95624122506815
0.0006283627597671681,118.5901530616123
0.0006020434762402887,115.95822470892435
0.0005149587633694775,107.24975342184324
0.0003861035710230682,94.3642341872023
0.00024340352809034373,80.09422989392988
0.00011639655705252591,67.39353279014809
2.5360326375204546e-05,58.289909722415956
-2.6790037394441025e-05,53.0748733454514
-5.022361916317471e-05,50.731515168578035
-5.700458269883138e-05,50.053418815012364
-5.5853564748452954e-05,50.16749426539941
-4.779887109494287e-05,50.966607776978094
-2.4452272924928563e-05,53.281729171083136
3.584085723455185e-05,59.252478784238704
0.00014217319980352967,69.75085579056847
0.00028022601804717385,83.31158019577727
0.00041958712169667023,96.90799093833603
0.0005229205914309728,106.92095060418183
0.0005719558748905054,111.6501890510524
0.0005764079400923145,112.07091775243617
0.0005608589853208524,110.51602227528997
0.0005468761552750132,109.11773927070605
0.000542490788172639,108.67920256046862
0.0005468534591977155,109.10007722025036
0.0005417955389580716,108.59428519628595
0.0005022936377611252,104.64409507659131
0.00041526430842985093,95.94116214346388
0.00029107522972486724,83.52225427296553
0.00015775024422671002,70.18975572314979
4.569299664985788e-05,58.984030965464584
-2.7985527951580088e-05,51.61617850532079
-6.72565304984627e-05,47.68907825063253
-9.082953440153585e-05,45.331777860325204
-0.00012080789176509647,42.333942123969145
-0.00016472757961959455,37.94197333851934
-0.00021085342606706018,33.32938869377277
-0.00023979510229925945,30.43522107055285
-0.0002487857979194603,29.536151508532765
-0.0002376308627085529,30.648394568225648
-0.0002031607225899637,34.08386668002364
-0.0001439347829592412,39.98079402674396
-6.393878993995057e-05,47.932188286724156
2.6255128109206862e-05,56.87527121963439
0.00011247344068599601,65.39877882108388
0.0001812096064828391,72.17384070057506
0.00022379320338626103,76.36131796280904
0.0002386247500874492,77.81792320050359
0.00022871791572458614,76.82723976421727
0.00020058375460461968,74.01382365222062
0.0001614661951659466,70.10206770835333
0.00011441659104719583,65.39710729647825
5.754425995922014e-05,59.709874187680676
-8.790222832345656e-06,53.0764259085241
-6.549773737713343e-05,47.40567445404532
-0.00010379358531755902,43.57608966000276
-0.00013509027052419442,40.446421139339215
-0.0001768826658687431,36.26718160488434
-0.00023483806686746192,30.47164150501246
-0.0003067516082074289,23.280287371015763
-0.00040043529176287095,13.911919015471556
-0.0005107744804387792,2.878000147880727
-0.000620810382077853,-8.125350068815498
-0.0007127249126038673,-17.313377241737914
-0.000782488151250826,-24.282252753833063
-0.0008375480747294248,-29.77798547758022
-0.000886585151441802,-34.66845447866427
-0.0009375568256088156,-39.74701330086321
-0.0009930576166470324,-45.2703402895118
-0.0010402588695725688,-49.961687456631104
-0.001033816440810333,-49.31744458040753
-0.0009515919690481372,-41.09499740418795
-0.0008140114912574347,-27.336949625117693
-0.0006744298559255812,-13.378786091932346
-0.0005878432211365402,-4.720122613028244
-0.000585769893505134,-4.51277333230755
-0.0006704617239114217,-12.980587043347498
-0.0008112251353370658,-27.042594285807333
-0.0009641228988736865,-42.28348627825143
-0.0011045641504297066,-56.23517274050674
-0.0012690219395474496,-72.49337780033233
-0.001489455430243926,-94.11036155562529
-0.0017575140218573611,-120.05240650174193
-0.0020198000729372673,-144.98183618345837
-0.0021783410123391287,-159.7970642922825
-0.0021654636984432232,-158.38854129083748
-0.0019839391585896407,-140.2360873054792
-0.0017075553159803466,-112.59770304454979
-0.0014308503486651209,-84.92720631302721
-0.0012178933020350123,-63.63150165001636
-0.001071385135758866,-48.98068502240172
-0.0009438184505424484,-36.224016500759966
-0.0007812965240813967,-19.971823854654787
-0.0005624432133719617,1.913362164497709
-0.000317385372511681,26.39760252655498
-0.00010620557618113975,47.421996341054765
2.132134686539732e-05,60.06068275135016
4.539907425418059e-05,62.440837859371264
-3.826242136508944e-05,54.07468829744426
-0.00018520178548452247,39.380751885500956
-0.0003215316331642521,25.74776711752799
-0.0003849758244055298,19.40334799340022
-0.00035909621102742854,21.987529036983155
-0.0002738996876141545,30.487718408820275
-0.00018380288800687945,39.46207947364437
-0.0001257200305333252,45.23766350628624
-7.425097504823705e-05,50.34802504954001
1.1044479610131725e-05,58.79923528299563
0.00015787958603808575,73.28704229289328
0.0003641813203238519,93.48329901971215
0.0006021035905920049,116.48983622571699
0.0008324074764567706,138.4081025885076
0.0010202113709361364,155.98538510641265
0.0011425051090968496,167.27334727346346
0.0011736415484485381,170.11285890689553
0.0011118656177441612,163.93526583645783
0.0009825007384389993,150.99877790594164
0.0008250500135477364,135.25370541681534
0.0006690635897345197,119.65506303549368
0.000523376275691454,105.08633163118711
0.0003942108087862082,92.16978494066252
0.00026846274733724023,79.59497879576573
0.00012569154891046413,65.31785895308812
-4.1667845992854606e-05,48.581919462756254
-0.00021659270509142892,31.08943355289882
-0.0003691065192385614,15.83805213818557
-0.00048004220209306886,4.744483852734823
-0.000552135086983813,-2.464802228057101
-0.0006127277249937718,-8.523751612363169
-0.0007028312619676135,-17.530552656644748
-0.0008661526859375404,-33.83438235110404
-0.0011137723566781662,-58.45110193975984
-0.0014147285485262054,-88.09437844909436
-0.0017174171218159251,-117.4631285574539
-0.001977268583305723,-142.21240664661784
-0.0021690794120062112,-160.1553294660184
-0.0022812210238704967,-170.50337364614774
-0.0023256735789795807,-174.57459593412858
-0.00232946965001902,-174.9115367501304
-0.00232403484073898,-174.36805582212642
-0.002331073396384812,-175.01119572026684
-0.0023625117461054607,-177.8783130208764
-0.0024245518199754873,-183.50938904917612
-0.002516664741263738,-191.80264073376807
-0.0026336402964638305,-202.214355065444
-0.0027715612102748003,-214.31104822079703
-0.0029468936448068883,-229.39667589903732
-0.003165246471868619,-247.70516614893015
-0.003409014666940495,-267.4890665818645
-0.003642846410300884,-285.7915103262663
-0.003825463201212535,-299.61302247172443
-0.003915974163272326,-306.30753231643354
-0.003862599878389674,-300.92811007585186
-0.0036582341482302074,-280.4915370599053
-0.003364187889957449,-251.0869112326294
-0.0030779578877571066,-222.46391101259513
-0.002871392237814489,-201.8073460183334
-0.002751051010539504,-189.77322329083492
-0.0026652580093228925,-181.19392316917373
-0.0025472444226904314,-169.39256450592765
-0.002379302775479245,-152.59839978480898
-0.0021851845160395823,-133.18657384084273
-0.002010266762458467,-115.69479848273122
-0.0018924241014883487,-103.91053238571936
-0.0018368393669963247,-98.35205893651695
-0.0018123316937507822,-95.90129161196272
-0.0017671390350761048,-91.38202574449497
-0.0016518718766090805,-79.85530989779255
-0.0014314496092741355,-57.813083164298035
-0.0011094147129018382,-25.60959352706831
-0.0007239095692946118,12.937379196795375
-0.00032638292256541345,52.53131040200831
4.22138238289923e-05,88.80715309815419
0.0003650661513453526,120.0168732242759
0.0006504499307594511,147.02408478805214
0.0009203396819279099,171.96377003828275
0.0011942972065296176,196.59772920796217
0.0014805845346464932,221.52782162379006
0.0017733165671390055,246.08827794937523
0.0020546067002549994,268.7459487900368
0.002291035739349189,287.04447635756105
0.0024643755067092995,300.0161652645438
0.002580481945849065,308.4918212686313
0.0026624756584648496,314.3735811604899
0.0027364948802268705,319.609291429112
0.0028189726808464863,325.36040034072226
0.002909893372482449,331.5987912452088
0.0029976656622313397,337.5201708461834
0.003080351445067845,343.0076604754224
0.0031574920127872565,348.04783982664014
0.0032252382638342115,352.41118235695006
0.0032752250801520817,355.59296524522887
0.0032946427633364648,356.82032250322254
0.003269672487058554,354.3232948754315
0.0031971434074016475,347.0703869097409
0.003093410028459286,336.6970490155048
0.0029810809895482867,325.4641451244048
0.002871714441946902,314.5274903642663
0.0027583334273381895,303.18938890339507
0.0026213885392766404,289.4949000972402
0.002445477765098847,271.90382267946086
0.00222716796818518,250.07284298809418
0.001972445931910605,224.60063936063668
0.0017087573850545204,198.23178467502822
0.0014808171674106853,175.43776291064472
0.0013121572421485371,158.57177038442993
0.0011868751689054194,146.04356306011817
0.0010663018324272517,133.98622941230138
0.0009145906289334809,118.81510906292432
0.0007160648156081088,98.9625277303871
0.00048344491468719033,75.70053763829526
0.0002414054715405586,51.49659332363208
1.1260452528387481e-05,28.48209142241497
-0.00020013195388028047,7.3428507815481785
-0.00040128140650995533,-12.770452129298763
-0.0006070374603526851,-33.31470463757409
-0.0008290829789673695,-55.3953122104706
-0.0010720013131994117,-79.37334397703563
-0.0013420327665908,-105.7166407742938
-0.0016315345411681394,-133.4834202096193
-0.0019191611432002424,-160.46967652934796
-0.002181372976257763,-184.4613886249928
-0.002402784727868241,-204.21310531635962
-0.0025772937879012026,-219.42743847250603
-0.002695483333553615,-229.54562802017122
-0.0027580074675367687,-234.83569502696034
-0.0027757015477935542,-236.32477530537437
-0.0027617958090647887,-234.93420143249782
-0.0027291953216998905,-231.67415269600795
-0.0026946157318509622,-228.21619371111515
-0.0026780629819566984,-226.56091872168875
-0.0026774891246269415,-226.50353298871306
-0.0026698558887951218,-225.7402094055311
-0.002624802353520599,-221.2348558780788
-0.0025203715047749306,-210.79177100351197
-0.002366402008519776,-195.39482137799655
-0.0021978589839381176,-178.5405189198307
-0.002054063185885022,-164.1609391145211
-0.0019518320573435255,-153.93782626037145
-0.0018779835479210004,-146.55297531811894
-0.0018001760071480197,-138.77222124082087
-0.0016850487525252675,-127.25949577854567
-0.0015202285444120035,-110.77747496721926
-0.0013218766936530253,-90.94228989132142
-0.0011336117589633844,-72.11579642235732
-0.0009917005132192298,-57.92467184794186
-0.0009046780952706409,-49.222430053082974
-0.0008506553544532029,-43.82015597133917
-0.0007835501755124484,-37.10963807726371
-0.0006659242939095567,-25.347049916974548
-0.0004850384173643799,-7.258462262456869
-0.00025498310746301626,15.742314340379272
-7.22474573169868e-06,40.452793766548616
0.00022878457011903862,63.856121600532816
0.0004373114205994818,84.36469718816765
0.0006203786038954534,102.19778736442044
0.0007915446688737602,118.69703966776673
0.0009636155141471728,135.08792911698055
0.0011388430145609974,151.55337575478677
0.0013049947373440023,166.9338648179588
0.0014419992653798668,179.43259693108814
0.0015301980139312919,187.38602478586594
0.0015613761053988166,190.17957100313623
0.0015435898095312644,188.40094141638104
0.0014987458595418785,183.91654641744242
0.0014565185557107669,179.69381603433126
0.0014338073332424584,177.42269378750044
0.0014277558349774142,176.817543960996
0.0014206087198057593,176.1028324438305
0.001392656953943498,173.30765585760435
0.0013325673231975796,167.2986927830125
0.001240125860449889,158.05454650824348
0.0011255450423820854,146.5964647014631
0.001003552786776793,134.39723914093386
0.0008928876429591568,123.33072475917025
0.000802012060845909,114.24316654784548
0.0007264125249946147,106.68321296271603
0.0006549022951285368,99.53218997610824
0.0005767393072442802,91.71589118768257
0.0004879714352848463,82.83910399173918
0.0003913094330250751,73.17290376576206
0.00028595502883059666,62.63746334631421
0.00015554801892143862,49.596762355398404
-1.016907029024215e-05,33.02505343423033
-0.00019994256749891623,14.047703713362921
-0.0003939966056946063,-5.357614164077343
-0.0005770510632701279,-23.652024681291163
-0.0007423584142848522,-40.13629565207407
-0.0008909831839207506,-54.90537620866653
-0.0010294852242484335,-68.60768123356746
-0.0011638329164954937,-81.82867048415379
-0.001295936329647531,-94.74845995118638
-0.0014221144384176242,-107.00315216775094
-0.0015351921894955283,-117.90589718941415
-0.0016264760589333217,-126.64733102062908
-0.0016925220395262262,-132.9362930315774
-0.0017372239691687858,-137.1750786300323
-0.001768058127217304,-140.0902604561954
-0.0017907996360865754,-142.2357340992804
-0.001806752965776196,-143.7384375785145
-0.0018117982986837053,-144.21326752515193
-0.0018004671402134598,-143.08015167812738
-0.001771831011489195,-140.21653880570088
-0.0017300537511833714,-136.03881277511854
-0.0016813846943396567,-131.17190709074706
-0.0016325271713687009,-126.28615479365149
-0.0015959747039396024,-122.63090805074164
-0.00157249777297664,-120.2832149544454
-0.0015504642332243598,-118.07986097921739
-0.0015120831449310292,-114.24175214988432
-0.0014443864109150606,-107.47207874828746
-0.0013459701095811917,-97.63044861490056
-0.001224583130997052,-85.49175075648658
-0.0010900992793122005,-72.04336558800142
-0.0009392693490137994,-56.96037255816132
-0.0007708772137698851,-40.1211590337699
-0.0005921710331491092,-22.2505409716923
-0.00041333054339434645,-4.3664919962160225
-0.00024195325415843957,12.768699363300794
-8.341152924729695e-05,28.600113650709325
4.921880910455328e-05,41.81201627338606
0.00015028212503235335,51.85098184223436
0.0002239017449047152,59.144701555517095
0.00028292543008918357,64.97899199495318
0.0003510657468493933,71.69804296939901
0.00044178426519084473,80.61334252493357
0.0005537137715638056,91.56028170495783
0.0006739860266345226,103.250193207412
0.0007891733226737252,114.36697429458684
0.0008905736925628473,124.08315970679085
0.0009752838631123705,132.14601583575933
0.0010479285132698293,139.0189420658871
0.0011142568148397153,145.259237784485
0.0011748465615823627,150.92927403192303
0.001214941124265355,154.6649277792821
0.0012200549778274064,155.12448535928223
0.0011881878454297122,151.93777211951283
0.0011304650273703263,146.16549031357425
0.001065523318294628,139.6713194060044
0.0010122015513837558,134.3391427149172
0.000987285911911073,131.8475787676489
0.0009900840740555887,132.1131105486992
0.0010020478517776417,133.24777003579015
0.001002754988846214,133.3148030123636
0.0009819792653828182,131.23723066602403
0.0009419098366491973,127.23028779266194
0.0008923769803657279,122.27700216431501
0.0008373903493180627,116.77833905954847
0.000769176815625111,109.9569856902533
0.000672155658905499,100.25487001829211
0.0005337431935611884,86.41362348386106
0.0003560918881289102,68.64849294063323
0.0001583219828520164,48.87150241294385
-3.130560879607014e-05,29.9087432481352
-0.00019280260069852228,13.759044057889982
-0.00031873704810819476,1.1655993169227326
-0.0004137460733518993,-8.334938744560688
-0.0004925440457602489,-16.211739583647564
-0.0005712412661530238,-24.073041687341686
-0.000657467906626856,-32.67693458639271
-0.0007413669110393436,-41.03560476619363
-0.0008100006066586376,-47.86154835714155
-0.0008569329525258888,-52.52201865358051
-0.0008871274218589587,-55.51698932616006
-0.0009201596632441404,-58.79017632464633
-0.0009708877027770708,-63.80977039174276
-0.0010401539773575547,-70.64872119591901
-0.0011153984781012865,-78.0563409027545
-0.001179449548869785,-84.34260827781002
-0.001218971696595636,-88.21194621906773
-0.0012307358941434313,-89.3622280917809
-0.001221510510152532,-88.43968969269098
-0.001200489334739958,-86.33757215143359
-0.0011812285114298222,-84.41148982042
-0.001174617737854713,-83.75041246290908
-0.0011804738239029771,-84.32438069816992
-0.0011864490403239035,-84.9098587695248
-0.0011753341966030829,-83.79837439744274
-0.0011357000812642743,-79.8349628635619
-0.0010684554105421934,-73.1104957913538
-0.0009854255526734255,-64.80751000447701
-0.000902727598298753,-56.53771456700976
-0.0008320965612867074,-49.47461086580519
-0.0007729480415107013,-43.559758888204584
-0.0007123504152341646,-37.499996260550915
-0.0006352267029709024,-29.787625034224696
-0.0005363721941602435,-19.902174153158793
-0.0004198204819022423,-8.247002927358675
-0.00029616726904539334,4.118159908241813
-0.00017278124730587125,16.451740739261794
-4.369805735646734e-05,29.33819571337949
9.345297736259634e-05,42.99787514937818
0.0002239578028815001,55.951718200354215
0.0003344495519333714,66.87620999015435
0.0004241096608658463,75.70670615209079
0.000502114641463654,83.36099136898031
0.0005798935009433971,90.9642129793724
0.0006650716828554275,99.25474908126608
0.000757608532254061,108.21526047673999
0.0008504661471355743,117.15450276913325
0.0009337314484838648,125.12250730255077
0.0009998112265445802,131.41188065666148
0.0010469204119964866,135.87643224831427
0.0010788880603821197,138.89661882601027
0.0011015844185235887,141.03618062139725
0.0011207147914667702,142.83650088014357
0.0011396210772831412,144.61293249769102
0.0011565682720102559,146.20289769324373
0.0011664596670922483,147.12984305567247
0.0011661275031510053,147.09662666154816
0.0011620709157532934,146.69096792177697
0.0011579610986987377,146.27998621632136
0.0011497694596803438,145.46082231448202
0.0011295082794175347,143.4347042882011
0.001092200137512478,139.70389009769545
0.001035339004224096,134.01777676885723
0.0009514664308698177,125.63051943342941
0.0008419635166630824,114.68022801275588
0.0007170537873661993,102.18925508306756
0.0005893412609535585,89.41800244180351
0.00046492497277006363,76.97637362345401
0.00034173678797855375,64.65755514430303
0.0002136370215682355,51.8475785032712
7.819409711860175e-05,38.303286058307826
-5.270607392534137e-05,25.21326895391351
-0.00016599533344197965,13.884343002249683
-0.00025516670355869435,4.967205990578213
-0.0003237308959657551,-1.8892102964354507
-0.00038245053498523244,-7.760870114920426
-0.00044535542104522964,-14.049497198292864
-0.0005263457012212627,-22.141521060374544
-0.0006318499951876637,-32.67034673095286
-0.000760196985392978,-45.450723738606506
-0.0009030491238964803,-59.62550406055201
-0.001050475228373368,-74.18227391827948
-0.0011946449016951347,-88.3302462500004
-0.0013316718721550426,-101.68261274672969
-0.0014606761907295534,-114.1567622178918
-0.0015804236480767414,-125.6424941707694
-0.0016892370981599339,-135.99439226768985
-0.0017848338936563876,-145.01715505659894
-0.0018630127671815722,-152.34316823071268
-0.0019154666572813004,-157.23078475994987
-0.0019379642760142437,-159.32008466345926
-0.0019337579412497608,-158.89390813912976
-0.0019122018349084133,-156.73829750499505
-0.0018847964610000968,-153.99776011416338
-0.001861940377079272,-151.7121517220809
-0.0018514310164645994,-150.66121566061366
-0.0018488139391398119,-150.3995079281349
-0.0018378778905745964,-149.3059030716134
-0.0018014851108740272,-145.66662510155646
-0.0017332014634647594,-138.8382603606297
-0.001640272281803161,-129.54534219446984
-0.0015403888533357555,-119.55699934772929
-0.0014488653949735644,-110.40465351151018
-0.0013697048618810288,-102.48860020225662
-0.0012941357403015506,-94.9316880443088
-0.0012069321586377743,-86.21132987793116
-0.0010972943703581087,-75.24755104996461
-0.0009662896328804512,-62.14707730219885
-0.0008254851756462937,-48.066631578783095
-0.0006887710392795539,-34.39521794210912
-0.0005653546345520115,-22.053577469354877
-0.000455118952542377,-11.030009268391426
-0.0003527196616343889,-0.7900803622350142
-0.0002584811827386148,8.632889672971466
-0.00017125835853174182,17.350038135099684
-8.732948990469188e-05,25.730405043518054
-3.50111034178041e-06,34.089889736913875
7.971029326513416e-05,42.3738096743859
0.0001593927392610468,50.290278656661336
0.0002323234840200383,57.519671987417595
0.00029532020356553987,63.75008902914046
0.0003460536165119038,68.75706626974477
0.00038767538761909354,72.85719835585212
0.0004385116752439327,77.85514540548623
0.0005096074927193638,84.8253702737632
0.0005967134718557591,93.3316401843851
0.0006826275879216242,101.68213079206487
0.0007465660040709499,107.86934788504827
0.0007708879949511122,110.21651067138971
0.0007481827806797099,107.94598924424947
0.0006881293713205091,101.9406483083294
0.0006115007235935737,94.27778353563588
0.0005367683093413462,86.80454211041312
0.00046244475281347617,79.37218645762613
0.00037781341161789196,70.90905233806771
0.0002764470468606795,60.772415862346456
0.0001603653319001653,49.16424436629503
4.256392432304434e-05,37.38410360858294
-5.723298875821544e-05,27.404412300456958
-0.00011173985763968957,21.953725412309545
-0.00011457879076643172,21.669832099635332
-8.787473295486853e-05,24.335784461072123
-6.434953504625579e-05,26.683521449556338
-6.719798754796041e-05,26.398676199385875
-0.00010625555962661632,22.49291899152028
-0.00019816061734558789,13.302413219623123
-0.00033582298696772846,-0.46382374259093595
-0.0004911858331633174,-15.996879431580874
-0.0006329691582148848,-30.154629688704443
-0.0007460797967878348,-41.42589401289227
-0.0008327103647557361,-50.03882971193258
-0.0008998237731538821,-56.697042073077
-0.0009565241701108612,-62.311091457662634
-0.0010065955909227997,-67.25947375830262
-0.001042178432399683,-70.77029248451302
-0.0010357504397849784,-70.12749322304255
-0.0009750986605188002,-64.06231529642473
-0.0008790106093591702,-54.45351018046173
-0.0007901812660804516,-45.57057585258986
-0.0007584587739794124,-42.39832664248595
-0.0008062936865903215,-47.15537937926759
-0.0009168265359170288,-58.12339775128391
-0.0010406151427540464,-70.35910344711517
-0.0011014571241397498,-76.35143873877804
-0.001062395766116039,-72.44530293640695
-0.0009484278923843577,-61.04851556323881
-0.0008347225221950467,-49.67797854430772
-0.0008180125155815602,-48.00206822363289
-0.0009282259265026127,-58.93567995792912
-0.0011091954753052625,-76.79803417614839
-0.0012593526428215853,-91.5137031398818
-0.0013021307219226045,-95.68579073423354
-0.001223370199398258,-87.80973848179887
-0.0010775448782029756,-73.22720636227065
-0.0009469599031961299,-60.168708861586076
-0.000878328717315,-53.305590273473086
-0.0008637811375393218,-51.85083229590527
-0.0008462088824128398,-50.09360678325707
-0.0007626676072719291,-41.739479269166
-0.0005900425034675258,-24.476968888725665
-0.00035143873684098556,-0.6165945629766871
-0.00010230403848004657,24.281189300270082
0.00010158807042155048,44.594180044722144
0.00022626744729668905,56.96494266495492
0.0002720104395961953,61.49123801334455
0.000263389761872863,60.62856605055942
0.00023130890359306507,57.420480222579634
0.0002002729086815889,54.316880731432015
0.00018360773718863324,52.65036358213645
0.00020481170267283358,54.75240817120226
0.00026692942830544504,60.901963527781355
0.00035030183432300214,69.13402325190411
0.0004276301664874908,76.74457080063728
0.00047692364573460194,81.5823644076931
0.0004955402692373811,83.40653055647404
0.0004964046928284272,83.49008434628973
0.0004896595820937106,82.81557327281809
0.0004475622457698776,78.60583964043478
0.00035152900262619896,69.00251532606691
0.00021250882752816576,55.1004978162636
7.044348708922332e-05,40.89396377236935
-1.0127938531060722e-05,32.83682121034094
4.084873603176815e-06,34.251571985907184
0.00010087030411927208,43.88495160539202
0.0002378897733582485,57.48047545688646
0.0003741941668806395,70.94281853008997
0.0004859295069542199,81.922507665988
0.000572198703156238,90.36010167821026
0.0006489260964521251,97.83240200378663
0.0007262376098868743,105.32860230113555
0.0007908463055802942,111.56603369663067
0.0007949845391303804,111.96467053578165
0.0006961425681362358,102.08047343636717
0.000488409206143049,81.3071372370485
0.00020954832272059324,53.421048894802915
-7.729528707245996e-05,24.7366879154976
-0.0003107937730121211,1.386839321531485
-0.00045510250237683304,-13.042381544242557
-0.0005137309845341321,-18.901390924275027
-0.0005192459391982751,-19.45236077694657
-0.0005083875884407063,-18.366525701189687
-0.0004918475566090728,-16.71252251802633
-0.000468825791417865,-14.410345998905559
-0.0004397913697537939,-11.506903832498447
-0.00041220709339913754,-8.748476197032808
-0.00039787987182035003,-7.315754039154058
-0.0004079272080087726,-8.320352802624349
-0.00044625437352454635,-12.152113162582769
-0.0005036418794628294,-17.887565211504107
-0.0005604410379380134,-23.561063010378003
-0.0005997033412374029,-27.480468941285206
-0.0006243879742060971,-29.943460148891766
-0.000644324817123924,-31.93198781705183
-0.0006678895895304419,-34.28145427798848
-0.0006995551820823253,-37.43690537605716
-0.000740592740397682,-41.523114754580064
-0.0007894887556608491,-46.38666102241071
-0.0008440668842963931,-51.808010859989295
-0.0009026029428366163,-57.6128536795605
-0.0009642780965507868,-63.71697549587882
-0.0010226324693704209,-69.47992871307244
-0.0010604676642001606,-73.20942977929232
-0.0010646730177852053,-73.62360379679505
-0.0010373684846006982,-70.89315047834435
-0.000987043626489524,-65.86066466722693
-0.0009204093980296605,-59.19724182124057
-0.0008372632474605758,-50.8826267643321
-0.0007216637169441224,-39.32267371268677
-0.0005713611771953702,-24.292419737811542
-0.00040696655953591633,-7.852957971866156
-0.0002661116211615751,6.232178799754084
-0.00019378210680821533,13.462576076329999
-0.00020216203044665277,12.624583712486256
-0.00026099764045601494,6.7410227115500385
-0.0003198887500551989,0.8519117516316442
-0.00034342146870299786,-1.5013598461837747
-0.0003238197014201054,0.45881391052698617
-0.000275628023481555,5.277744998599843
-0.0002279612449391665,10.043361331983673
-0.00020682209605579605,12.156378522723719
-0.0002158804955453187,11.250538573771454
-0.00023332072634251778,9.506515494051547
-0.00022637489797969272,10.200861447401945
-0.00016702899197481742,16.131957258255962
-5.618466262460246e-05,27.199606723700022
7.533455230199115e-05,40.30510264332014
0.00018809526903525647,51.5091902603101
0.0002584643159046566,58.48231391655902
0.0002887994341952123,61.48325441120968
0.0003035210678187222,62.93843814355665
0.0003313878280411435,65.69079556714883
0.0003885309950364674,71.3253838219568
0.0004707451954824883,79.4082967157307
0.0005588265459543401,88.0338308444722
0.000625529826343156,94.54017262935898
0.0006380962201192474,95.7632932571086
0.0005873782229287774,90.6914935380616
0.0004922685949611655,81.18053074130042
0.0003909785815171293,71.05152939689678
0.00031575383417736764,63.52905466292063
0.00027801438385359814,59.75510963054368
0.00026749771507895254,58.70344275307912
0.0002603547768334775,57.98914892853162
0.00023768202330432735,55.721873575616605
0.0001998117257029562,51.93484381547949
0.00017542850014442283,49.49652125962615
0.00019124434320281648,51.066107772347955
0.0002507067227694588,56.96038670296021
0.0003296780585018422,64.77022057312695
0.000381908466959936,69.92285554575011
0.00037267389958646144,68.99939880840265
0.0002969339543750784,61.42540428726434
0.00017894497623113898,49.6265064728704
5.459965418424555e-05,37.19197426818106
-5.2260613586448e-05,26.5059474911117
-0.00014035411870533097,17.696596979223404
-0.00022286227652675415,9.445781197081086
-0.0002989429555816771,1.8377132915887884
-0.00036739542459362725,-5.007475446519718
-0.0004307545443938153,-11.342380117809327
-0.0004902704088713964,-17.290861699667268
-0.0005442025385383892,-22.678416675918164
-0.0005959067404863452,-27.840009505800708
-0.0006682198443212733,-35.05186250453685
-0.0007764357275302999,-45.82453057144612
-0.0009185637078812813,-59.92619471934808
-0.0010774972293889225,-75.61402576945285
-0.0012318061360237376,-90.7432647967278
-0.0013631310425070843,-103.52500956455866
-0.0014592193923909677,-112.81525471367603
-0.0015153817139979453,-118.21900061090757
-0.0015266090686720693,-119.29636382810722
-0.0014939444294378903,-116.02989990468932
-0.0014254738947700062,-109.1828464379009
-0.0013382836386095426,-100.46382082185457
-0.0012550139506891562,-92.1368520298159
-0.0011961239402545616,-86.24785098635645
-0.0011771699242604347,-84.35244938694377
-0.001198823409712476,-86.47330484763499
-0.0012503087135035554,-91.50686324630837
-0.0013152091555242889,-97.83265127374108
-0.0013778683353576028,-103.91829982512249
-0.0014295593618852867,-108.92174946777683
-0.001468853311434004,-112.71451374191604
-0.0014957199287416148,-115.30225972958382
-0.0014964662427860822,-115.37407854358051
-0.0014617718730418094,-111.90464156915321
-0.0013955053617658196,-105.27799044155424
-0.0013107507760834105,-96.80253187331333
-0.0012223004493354948,-87.95749919852177
-0.001143645688083455,-80.09202307331778
-0.0010924228974849958,-74.96974401347185
-0.0010713958492707327,-72.86703919204555
-0.0010672183216978892,-72.44928643476119
-0.001059917443190542,-71.71919858402649
-0.0010352424459512532,-69.25169886009759
-0.0009863699670801013,-64.36445097298241
-0.0009040562400583099,-56.13307827080326
-0.0007888312622185768,-44.61058048682994
-0.0006496633438924995,-30.69378865422221
-0.0004993900722414188,-15.666461489114143
-0.0003487587949220672,-0.6033352678614797
-0.00020459631879997495,13.809748597583766
-7.259141701503296e-05,26.992140083008326
3.865894669087815e-05,38.08060949599069
0.0001071934277369979,44.89817752258142
0.00012096529970219931,46.266719251239415
8.580996865960333e-05,42.75118614697982
2.31713675307484e-05,36.48732603409433
-3.931088944862077e-05,30.23910033615741
-7.901689016728264e-05,26.268500264291223
-8.511110118899427e-05,25.658824254085587
-5.706139778821918e-05,28.457391082868035
9.48242715185485e-06,35.0910046628897
0.0001102655744811226,45.11979776157739
0.00023112866562484955,57.11075421151655
0.0003529712516947305,69.14974045669467
0.00045754759293187985,79.43580952009651
0.0005326685831638777,86.79427986247461
0.0005739825255448961,90.82941441106185
0.0005810232330321111,91.5138012319607
0.0005465712332956386,88.06860125831345
0.00047322706375077116,80.73418430382671
0.0003764299971177465,71.05447764052425
0.0002772391362511504,61.13539155386462
0.00019250723673686906,52.66220160243649
0.00012750087619915667,46.16156554866526
7.653918107981822e-05,41.06539603673142
3.061872427108581e-05,36.47335035585817
-9.499620751159701e-06,32.46151585363362
-4.319839301248173e-05,29.091638627501418
-7.43247467441624e-05,25.97900325433335
-0.00011164687655984868,22.24679027276472
-0.00016487250467773536,16.924227460976056
-0.0002407176620598921,9.339711722760383
-0.0003406222591687975,-0.6507479881301594
-0.00045737125398880236,-12.324263323089717
-0.0005783447448228149,-24.410696717750493
-0.0006930404025461984,-35.85187545774081
-0.000804061042815616,-46.901468527642955
-0.0009146107163246245,-57.8719891720331
-0.001021455701485924,-68.43723076939268
-0.0011189765127222727,-78.04240255069796
-0.001204083370018259,-86.39113257250028
-0.0012750458933516726,-93.32580314570781
-0.0013239831741267652,-98.09298654579705
-0.0013514400660512489,-100.76200618081901
-0.0013678201384571239,-102.35227634969202
-0.0013873592947782503,-104.2472576346596
-0.0014188130918861373,-107.29312534303523
-0.0014624989191652595,-111.51373936526446
-0.0015111659243630241,-116.20177712067326
-0.0015536425342408506,-120.28116667181447
-0.0015811671256608767,-122.91826293931935
-0.0015906522843343106,-123.82584938651202
-0.001586695175128596,-123.43013846594057
-0.001578379099906822,-122.59853094376315
-0.001574264692359172,-122.18709018899816
-0.0015767069215962834,-122.42095811859855
-0.0015786965569855296,-122.61145613221947
-0.0015678095006789847,-121.52275050156499
-0.0015325769951966051,-117.99949995332703
-0.0014685727508685748,-111.599075520524
-0.0013799766000954256,-102.73946044320908
-0.0012758015463764558,-92.3219550713121
-0.0011648996920231812,-81.23176963598463
-0.00105165131335474,-69.90693176914051
-0.0009387449534754622,-58.616295781212735
-0.0008226183082493505,-47.003631258601565
-0.0006960085165614556,-34.34265208981207
-0.0005541355197863787,-20.155352412304385
-0.0003973316816767522,-4.474968601341727
-0.00023160680058646356,12.09536752535131
-6.400485686942109e-05,28.83195778343082
0.00010285983085471897,45.44692994393249
0.0002764536196645026,62.65274748060503
0.0004645865296339929,81.17513679994887
0.0006701981242342789,101.22897004415566
0.0008864681736655786,122.06081348071062
0.0010857993607064588,140.9813830691518
0.0012474561612550103,156.10289416368292
0.0013682513309019896,167.25989691443405
0.0014598379338881713,175.6330337698368
0.0015372500202300268,182.64994385594946
0.001614060954234137,189.5559178035948
0.0016970571355989232,196.95293647539597
0.0017853144749955046,204.74259019992147
0.0018744234017172474,212.52544270939555
0.001957813771917816,219.73232276979311
0.0020312602676744573,226.01718891197393
0.0020959166575004926,231.5004308914065
0.002165070236571623,237.31299125443914
0.002247039864764334,244.13198768824677
0.002336891435513896,251.51703849372151
0.002416387441195691,257.97158751423467
0.0024587702779255475,261.3819831017275
0.002435321031887443,259.03705849791703
0.0023264612896581422,248.15108427498694
0.002144701984180863,229.975153727259
0.001928692591425933,208.37421445176602
0.0017180776717646668,187.3127224856394
0.0015306842349914846,168.57337880832117
0.0013589066779967178,151.39562310884446
0.001188187708892646,134.3237261984373
0.0010033948758844512,115.84444289761782
0.0007996289133289431,95.467846642067
0.000583562659087522,73.86122121792488
0.0003671223725048096,52.217192559653625
0.00015802682485465604,31.307637794638268
-4.609416188968397e-05,10.895539120204262
-0.00025676541704485373,-10.170715226432218
-0.0004927613347276183,-33.73573639404014
-0.0007666058361849213,-60.9416920767481
-0.0010767803430307605,-91.43885390894124
-0.0014090119749256371,-123.55542734287816
-0.001743116954524068,-155.09957155775598
-0.002059077473944465,-184.08409474974326
-0.002336294069433146,-208.73626014168806
-0.0025651410298093476,-228.48495772923195
-0.002747598008466321,-243.81520775203867
-0.0028939086480200427,-255.8312054412238
-0.0030165386008242467,-265.70703567926006
-0.003126763696213154,-274.4288191435572
-0.0032341724705820013,-282.78441438151344
-0.0033431419025659144,-291.1150419226845
-0.0034529898268606677,-299.36206026085387
-0.003562386144908641,-307.4234409787352
-0.003678039931214026,-315.78013743412373
-0.003800532244765796,-324.44416237835696
-0.003917471133774266,-332.5354627879045
-0.004008034001581228,-338.6807729235342
-0.004050812595984237,-341.54686250544927
-0.004028216942639324,-339.28729717095797
-0.0039291052512651185,-329.37612803353744
-0.0037665960032569187,-313.12520323271747
-0.0035728754293277596,-293.75314583980156
-0.0033762080341643535,-274.08640632346095
-0.0031816522734145693,-254.63083024848248
-0.002982093582445963,-234.67496115162183
-0.0027804765570443347,-214.51325861145904
-0.0025826470563824347,-194.73030854526903
-0.0023946816177018186,-175.93376467720742
-0.002214414600670079,-157.90706297403344
-0.002021002015783014,-138.56580448532694
-0.0017987408562548492,-116.33968853251048
-0.0015540357262888355,-91.86917553590914
-0.0013004149864006705,-66.50710154709262
-0.0010460944872016007,-41.075051627185644
-0.0007908958751379528,-15.55519042082085
-0.0005250814294171639,11.024096476189603
-0.00024115315587978589,39.35099457098215
5.4900670068600086e-05,68.68234051626553
0.00035100662716158477,97.66732978180255
0.0006327019342154343,124.79039158854992
0.000888234307237888,148.91987535987008
0.0011127901246223751,169.68978569401716
0.0013090256849729112,187.46916389425266
0.001485316187914795,203.1220267901853
0.0016535270788573854,217.758135223512
0.0018293569908968887,232.72898284215842
0.002021164437892423,248.66108157022887
0.0022268204862419365,265.26320306881433
0.002435585229064206,281.5916673039002
0.0026323679428227145,296.4871238960939
0.0028014888319829404,308.89775170695333
0.0029250819111792856,317.73654939402235
0.002990050705347169,322.3042517147753
0.0029913029505933258,322.1724748986922
0.0029339678113491446,316.43896097427415
0.0028342127615892747,306.46345599828715
0.002715796217949404,294.6218016343001
0.0025968041841103874,282.72259825039845
0.0024816878587863985,271.2109657179995
0.0023688416304691808,259.9263428862778
0.002249554558646174,247.99763570397707
0.002116266858748434,234.66886571420306
0.0019694048616133004,219.9826660006897
0.0018186492482124932,204.907104660609
0.0016761179930113476,190.65397914049444
0.001547462720779011,177.78845191726077
0.001424498394279316,165.49201926729125
0.0012824709432336676,151.28927416272643
0.001100366603855567,133.07884022491638
0.0008741464059221487,110.45682043157453
0.0006195530998707583,84.99748982643548
0.0003634283253545544,59.385012374815105
0.00013046159844517754,36.08833968387742
-6.757114290311794e-05,16.285065549047868
-0.0002343562842647774,-0.39344858711808117
-0.0003798679417571224,-14.941842452367469
-0.0005182268743184875,-28.75925798412182
-0.0006610819745384678,-42.993093262828424
-0.0008125022377112326,-58.02593549260093
-0.0009685689258471711,-73.4413144404451
-0.0011199625440156292,-88.29921411209328
-0.0012582967247139825,-101.77697997364024
-0.0013789044591443127,-113.43988394468458
-0.0014820297611800105,-123.34037287949982
-0.0015716132558287535,-131.8826505190157
-0.0016511901362964458,-139.42253001734713
-0.0017208874535285623,-145.98716475171943
-0.0017766175793151747,-151.20888557207056
-0.0018120828214061423,-154.51881217681475
-0.0018198668405003512,-155.2436522384042
-0.0017961714958470315,-152.87411777307224
-0.001752177130035823,-148.4746811919514
-0.0017015610535638594,-143.413073544755
-0.0016510449599198103,-138.3614641803501
-0.0015969651867304823,-132.9534868614173
-0.0015305466395561715,-126.31163214398622
-0.0014434350925072732,-117.60047743909638
-0.0013336976140423387,-106.62672959260294
-0.001205145082577024,-93.77147644607146
-0.0010606382203448182,-79.32079022285087
-0.0009062443732511373,-63.8814055134828
-0.0007503130676342015,-48.28827495178922
-0.0005973148341576237,-32.98845160413143
-0.00044050850333949844,-17.307818522318904
-0.00027420056323106416,-0.6770246916372545
-9.924972154142653e-05,16.81277670236902
7.383362385739715e-05,34.08537550148427
0.00023077478720652408,49.695918132744495
0.0003584104393097212,62.33997902891018
0.00044901621417856204,71.28079030185593
0.0005063792924123261,76.92414400319691
0.0005425744627328336,80.47761289257433
0.0005703915322704182,83.20447833882493
0.0005865008822657454,84.78198143547381
0.0005882632337891069,84.95279714320989
0.0005801716914233415,84.14364290663335
0.000577728306629991,83.89604216085294
0.0006153830498061024,87.58011534571483
0.0007129928691099213,97.0965063933689
0.0008635547180526834,111.67121041908048
0.001039119673896088,128.48636828099737
0.0012071796394615623,144.3784798894093
0.0013379733786553667,156.5943191822264
0.0014003038141056023,162.3658052117326
0.0013872621877183053,161.03464496310994
0.0013196282678521933,154.27125297649872
0.0012390996865436577,146.21839484564512
0.00118499409966474,140.80783615775337
0.0011680661534234674,139.1150415336261
0.0011657691013278106,138.88533632406043
0.0011386106168119494,136.1694878724743
0.001072220980825749,129.53052427385427
0.000969480290958416,119.25645528712096
0.0008460446157230829,106.91288776358765
0.000724230282116169,94.73145440289626
0.0006219293969466515,84.5013658859445
0.0005395918168083284,76.26760787211221
0.00044732051845330716,67.04047803661008
0.00031753011970066095,54.06143816134547
0.0001411604743018254,36.424473621461914
-6.945358033792808e-05,15.363068157486568
-0.0002873132378978915,-6.422553217565044
-0.0004889471808089388,-26.569436936479786
-0.00066036362428607,-43.651260468048726
-0.00079807277330404,-57.323009657717584
-0.0009009555948818421,-67.49795114369398
-0.0009703038213990927,-74.3340270070577
-0.001009327069673091,-78.17206070529758
-0.0010242962031741477,-79.64255516348219
-0.0010286311207509742,-80.0682099694259
-0.0010350743068882813,-80.70072396841509
-0.0010484548144490359,-82.01365788538216
-0.0010715790804746298,-84.28072845782515
-0.0011063694681120075,-87.68675022219041
-0.0011544224085657637,-92.38137945434552
-0.0012131026365345843,-98.0980524850766
-0.0012768861928146265,-104.29053185954582
-0.0013414871041707796,-110.53836461826208
-0.0014004426070073615,-116.21798676363973
-0.0014424071419748272,-120.24724847274959
-0.0014555892426335029,-121.51055587973231
-0.0014453434665889027,-120.4859782752723
-0.0014216917132003114,-118.12080293641317
-0.0013945253263926754,-115.40416425564958
-0.0013711610231735426,-113.06773393373628
-0.0013541918502235546,-111.37081663873747
-0.0013381690144052536,-109.76853305690739
-0.0013111176605699532,-107.06339767337734
-0.0012574572056028835,-101.69735217667038
-0.001162788470281549,-92.23047864453693
-0.001023077045882296,-78.25933620461164
-0.0008467884741384357,-60.630479030225594
-0.0006484977382798678,-40.801405444368804
-0.00043236651013762154,-19.188282630144176
-0.0002088040052486268,3.167803329297064
3.8051090572552054e-06,24.41344062339835
0.00018559603494132612,42.52966924814639
0.0003258075205045958,56.44806437488606
0.0004218704992077127,65.94780873694202
0.0004721107937214171,70.90246321970051
0.00048210280091978393,71.88666315095651
0.00045937349537790895,69.613732596769
0.00042066177844830453,65.74256090380857
0.00039601448489800064,63.27783154877818
0.00039588113614683334,63.26302698822285
0.00038277105391924663,61.95201876546418
0.0003304451217587415,56.71942554941366
0.0002671243703658679,50.3873504101263
0.0002372658260769814,47.40149598123766
0.000265722121980933,50.22696156875814
0.00035015026101780766,58.59554743602931
0.000465713612789276,70.01047376601875
0.000578320997291618,81.08183583011535
0.0006634003824849356,89.4081988442644
0.0007144503871341197,94.38682017791558
0.0007428566879095403,97.15114469543279
0.0007697071939599025,99.76000053779413
0.000819577410989548,104.59466979275793
0.0008957462707257832,111.95044374843475
0.0009771021949124556,119.76700717616369
0.0010288134118560154,124.71262890486922
0.0010221547229162082,124.04676001088849
0.0009494027663048232,116.77156434975
0.0008259261411144866,104.42390183071633
0.0006830503879862176,90.13632651788943
0.0005493265333586066,76.76394105512831
0.0004326144407490655,65.09273179417421
0.0003091979350035897,52.75108121962662
0.0001569591412695415,37.52720184622181
-2.255318494457971e-05,19.575969224809683
-0.0002031607459890426,1.515213120363393
-0.0003501216790228615,-13.179007508609269
-0.0004374038909556345,-21.899905294531568
-0.0004607972314845082,-24.235851332875793
-0.0004367513284593214,-21.831261030357116
-0.0003901431638765869,-17.170444572083664
-0.00034071183611547595,-12.227311795972565
-0.00029320778168043384,-7.476906352468353
-0.00024204246193480726,-2.360374377905693
-0.00018080720389951116,3.7630669756561606
-0.00010919715388694532,10.922654990380426
-2.8871320111027138e-05,18.94946414876216
4.53265323730281e-05,26.357498093886203
9.034870878229052e-05,30.848556820110712
8.857268494507599e-05,30.66933786921953
3.7728528401833846e-05,25.584922214895315
-4.7285501958901276e-05,17.083519178821803
-0.00014296840599930123,7.515228774781804
-0.0002329243189607697,-1.4803597123743248
-0.0003240855971891491,-10.595548599068286
-0.00042829245313151277,-21.009080056431078
-0.0005490168257301114,-33.056889452849596
-0.0006771306809359295,-45.81222835232345
-0.0007960572736051572,-57.61509048341194
-0.0008845476728105478,-66.36797243211474
-0.0009183557455722511,-69.70451284499771
-0.000888732549350043,-66.7421932227769
-0.0008054820846318014,-58.41714675095274
-0.0006924730153977064,-47.11623982754324
-0.0005745736856192464,-35.32630684969724
-0.0004639428816282952,-24.26322645060212
-0.00035763619304266447,-13.632557592039047
-0.00024683452084199256,-2.5523903719718546
-0.00013100221708147117,9.029961439526849
-2.1292475018186988e-05,19.99330697019239
6.192292489694691e-05,28.299901971708234
0.00010042329291178293,32.13931463548036
8.730529640900555e-05,30.82751498520262
3.3090025902578446e-05,25.40598793455991
-3.6748698370250716e-05,18.42211550727699
-9.903198269245782e-05,12.193787075056282
-0.00014533718841127914,7.56326650317415
-0.0001785751391943145,4.2394714248706125
-0.00019858656818371974,2.238328525930089
-0.0002089903895206899,1.1979463922330749
-0.00021674110193967665,0.422875150334399
-0.00022835253562148317,-0.7382682161657269
-0.00025040235688332855,-2.943239241403768
-0.0002799956113538176,-5.902439040188107
-0.0003045565285207375,-8.358232610993602
-0.0003077626234466756,-8.678785299188569
-0.0002728312967214965,-5.185652626670662
-0.00020301101820011292,1.7963545753626826
-0.00013161344462577442,8.935270442693358
-8.74966393163227e-05,13.345150553558296
-7.573270627301678e-05,14.520818218272959
-7.715947279355055e-05,14.378141566219583
-6.588084635717437e-05,15.50520925573935
-2.6279963334644094e-05,19.46151113032157
3.831029124418657e-05,25.9102926452229
0.0001038774111521648,32.45006302466509
0.0001414589855596291,36.19491887365728
0.0001366014864806758,35.709168965761954
0.00011037034931210572,33.08605524890495
8.979906098124846e-05,31.028926415819218
8.578220236376409e-05,30.627240554070784
8.67563126360054e-05,30.724375170138895
5.495303631921039e-05,27.544047538459395
-2.9900273955212094e-05,19.058716511017142
-0.00015238184160774773,6.810559745763581
-0.00027472486099359636,-5.4236098878103665
-0.00036362898130969394,-14.31168812479335
-0.00040442917567920175,-18.388800801790776
-0.0003941596757718259,-17.361807120913472
-0.00035301539715569546,-13.247379259300425
-0.0003103479195546583,-8.980631499196711
-0.00028377306837143283,-6.323146380874163
-0.0002661455343237763,-4.5603929761085125
-0.00023672937745514145,-1.6187772892450254
-0.00018804425035651005,3.249678217329834
-0.00012191602013306267,9.861432053372084
-4.9778637616489986e-05,17.070912976798603
1.0407607041137731e-05,23.082000824317376
4.002554504758168e-05,26.038342669614
2.974811623174939e-05,25.010599788030774
-1.5387582212614688e-05,20.497029943594363
-7.869490931744348e-05,14.166297233111482
-0.00013929597679225702,8.106190485630128
-0.00018062856683967031,3.9729314808887985
-0.00019545444348517736,2.490343816338094
-0.00018753148769209426,3.2826101692867264
-0.000167973997321515,5.238219570630037
-0.00014658747887832702,7.376567611514008
-0.0001219833916558793,9.836360250783043
-9.30709693425362e-05,12.726402645436597
-6.447689736504274e-05,15.583987847108743
-4.466279557407843e-05,17.56369370946656
-3.990022774070858e-05,18.039480961883527
-5.242725754850862e-05,16.786777981103523
-8.521169460637019e-05,13.508334275317365
-0.00012996848010311135,9.032655725643247
-0.00016997378789183432,5.03212494677095
-0.00018824189999464488,3.2053137364898943
-0.00017707269593453874,4.3221701224931826
-0.00014300137170949751,7.728850767733457
-0.0001012820886732206,11.89943544036836
-6.697771028564082e-05,15.327840689220777
-3.942923093457724e-05,18.08028079538509
-1.472232954268631e-05,20.548116732005127
6.722943441368791e-06,22.68956418988647
2.133636910349999e-05,24.148456708553002
2.4566271279949766e-05,24.470864817736356
1.2667783506068814e-05,23.28101604034826
-2.128055478138499e-05,19.886182211602875
-7.495213521877801e-05,14.519024167863575
-0.00013562471202316654,8.451766487424722
-0.00018624138360120762,3.390099329620615
-0.0002085233280187245,1.1619048878689273
-0.00020101502955711085,1.912723971487203
-0.00017997412631625114,4.016731358699738
-0.00016636435011844087,5.37759477899828
-0.00017100986628497042,4.913043162345326
-0.00019000018776742754,3.014011014099613
-0.00021507758776453907,0.5062710143884606
-0.00023187823113348277,-1.1737931261549666
-0.0002284275524780837,-0.8287252606150585
-0.00020138204903185063,1.875809034076343
-0.00015403515087701047,6.6101420739875465
-9.999069366984874e-05,12.012992603840846
-5.540212490025741e-05,16.468963171460224
-2.933020096068107e-05,19.073589675491444
-1.657425198659284e-05,20.34765348993755
-5.661944482606652e-06,21.437418383143527
5.3594794747380986e-06,22.537926168380096
1.7121779733013522e-05,23.712232242517345
2.9033628236810723e-05,24.901270486892248
3.9640007546194796e-05,25.959821394479714
4.3889961386807795e-05,26.383932459181732
3.7261642601899706e-05,25.721100580690923
1.9647459428500814e-05,23.959682263351034
-6.723804416010768e-06,21.322555878899873
-3.691069255835688e-05,18.303867064665262
-6.222308386543787e-05,15.772627933957162
-6.301899245965624e-05,15.693037074535326
-3.067800184686246e-05,18.924107932239394
2.4649631981591083e-05,24.448843229786185
8.361004216116301e-05,30.33142875804285
0.0001304138301488177,34.99676662313464
0.00015614368345509073,37.55960660928047
0.00015251593547712807,37.1968318114842
0.00012154948302457235,34.100186566228636
7.326503809391925e-05,29.27174207316332
1.8164632392801385e-05,23.76170150305153
-3.9717969343900245e-05,17.973441329381366
-0.00010109241877636499,11.835996386134894
-0.0001661565482367564,5.32958344009575
-0.0002313164965185096,-1.186410580307029
-0.00028777918300068936,-6.832455182118009
-0.00032371279168696504,-10.425149498232122
-0.00032492750006857366,-10.54658662175683
-0.00029121429608719803,-7.175266223619268
-0.00023968385274699566,-2.0222218895990283
-0.00019628426853384085,2.3177120863375507
-0.00018250781024225,3.6953032945944835
-0.0002052973587476845,1.4163484440510323
-0.00025609183151467175,-3.6630732298879485
-0.000318997788884335,-9.95292712519435
-0.0003860893556185944,-16.6589241277123
-0.00045234037001822393,-23.276842276445
-0.000512955622733434,-29.32682999606124
-0.0005640583624156617,-34.42272092420918
-0.000602745581788757,-38.277224258952266
-0.0006287881625354495,-40.870109937008074
-0.0006453291892277622,-42.516182730469346
-0.0006548266837748101,-43.461026247369496
-0.0006523966691794979,-43.218024787838274
-0.0006364022589706626,-41.61858376695474
-0.0006113288926782383,-39.111247137712304
-0.0005869828654038439,-36.67664441027287
-0.0005745707522010785,-35.43543308999634
-0.0005761686159115422,-35.594517666988025
-0.0005794034169453364,-35.91684937085755
-0.0005698331830918682,-34.95982598551073
-0.0005419913454458855,-32.17564222091246
-0.0005051351316689371,-28.49002084321762
-0.0004876724156463234,-26.743749240956248
-0.0005062651406651062,-28.599111655087274
-0.0005532441814567325,-33.28457668498204
-0.0006027563329781827,-38.21819016390058
-0.0006280146329562551,-40.733047064245675
-0.0006169280730350255,-39.62439107212271
-0.0005772912374190028,-35.66070751052044
-0.000526526472759648,-30.584231044584953
-0.00046643827257396823,-24.57541102601698
-0.0003973220795829228,-17.663791726912436
-0.000322581001382722,-10.189683906892359
-0.0002472809856082972,-2.6596823294498746
-0.00017666825574763295,4.401470089744568
-0.00011296068937435837,10.770907558758605
-5.565653920165499e-05,16.497887754547904
-7.842954872069188e-06,21.273936469257585
1.2471870825562129e-05,23.30232384456253
-2.111146707702011e-06,21.844022091236113
-3.434105263618311e-05,18.621031498388007
-6.120230298692857e-05,15.934906463313462
-6.950381405941167e-05,15.10475535606515
-5.9744218305354685e-05,16.079968768693224
-4.031485029166476e-05,18.021140762034904
-2.0651400251582856e-05,19.985285071279442
-6.1941337128037165e-06,21.429102328138917
8.129191804588396e-06,22.85928057624242
3.4557121780374143e-05,25.49735580450371
8.189266456204136e-05,30.219758027756253
0.00014652500634102918,36.66121162215561
0.0002143175568734825,43.40796126359993
0.0002692597840933965,48.867392547322076
0.00030021408166383356,51.93950683413517
0.0003061869152331516,52.53196431078807
0.00029472161512095934,51.38543429956885
0.000273129018232661,49.226174610739015
0.0002505949908578463,46.97277187325756
0.00023496563400692824,45.40983618816574
0.00023091380644358277,45.0046534318312
0.0002424122296748489,46.14739653435511
0.00026370125989635544,48.26221210256713
0.0002817369364302153,50.05285278031256
0.00028194535867471983,50.073540158559105
0.00025766430370521387,47.64543466160851
0.00021168223011353438,43.047227302440554
0.00015347125265444166,37.226129556531276
9.465586186714357e-05,31.34459047780147
4.27880044983563e-05,26.157804740922746
-2.8182176109014655e-06,21.59718252999697
-5.535055906690417e-05,16.343948384396697
-0.00012310675974602203,9.568328316484912
-0.00020207104563032077,1.6718997280550372
-0.00027724980626762854,-5.845850948850645
-0.0003284001655129976,-10.95997354702713
-0.00034735153309756834,-12.854418911835985
-0.0003427938785602244,-12.398653458101592
-0.0003340888539251288,-11.528150994592032
-0.00033766026016131154,-11.885166223052021
-0.00035840521481463993,-13.958761896543475
-0.0003875396593454218,-16.870374276536467
-0.0004115148755132834,-19.26579999572539
-0.0004227553181411365,-20.388654335772642
-0.00042424304287240163,-20.53725873502493
-0.000428073854927699,-20.91989545036916
-0.00044755874727260694,-22.865851978843985
-0.0004900064057313282,-27.103361818441492
-0.0005512566689246153,-33.21297082978999
-0.0006167472600380084,-39.737743978823296
-0.0006727027570131856,-45.30498051113286
-0.0007176206864389872,-49.76829210251055
-0.0007516761603682759,-53.14849069743152
-0.0007621758325104395,-54.1899503631014
-0.0007429412293259998,-52.26649004465744
-0.000702891585219124,-48.26152563396987
-0.0006576463784381132,-43.73700495586879
-0.0006175155375853435,-39.72392087059182
-0.0005867774132170446,-36.65010843376193
-0.0005728668827935277,-35.259055391410236
-0.000571367288782763,-35.10909599033376
-0.000567756670385662,-34.74803415062367
-0.0005474481980278001,-32.71718691483747
-0.0005072558382629431,-28.697950938351774
-0.0004544462872203899,-23.416995834096458
-0.0003997863721096355,-17.951004323021014
-0.0003511935180779736,-13.091718919854827
-0.0003079935721657167,-8.771724328629139
-0.000261809854224512,-4.153352534508665
-0.00019945600040041818,2.082009948407108
-0.00011602048839016836,10.424263655440816
-2.041839090459482e-05,19.977304231661623
6.992906691777903e-05,28.99535849297624
0.00013847800394616274,35.82851181953523
0.000178079370774656,39.77171225971725
0.00019417214642775027,41.37308621810938
0.0001992413121701799,41.877384805905386
0.00020687604448626536,42.636796352539704
0.0002230516628910411,44.24527091799186
0.0002458000067018616,46.506179086882
0.0002653153661234293,48.444654898522174
0.0002654305894784856,48.45394225906522
0.00024088777757545738,45.99966106876239
0.00020141686109885314,42.05256942110197
0.00016576769884478205,38.48765319569486
0.00014767153564062375,36.678036875279034
0.00014886556972842113,36.796957925718914
0.00015878119476937167,37.78439523896641
0.00016147545430086164,38.052662990501126
0.00014715790652782725,36.620908213197694
0.00011850291932981087,33.75540949339606
9.44070038799528e-05,31.345817948410247
9.071086854849398e-05,30.976204415264363
0.00010857249911123517,32.75690701317
0.00013381619164878553,35.272505061384436
0.00014418403908810222,36.30531103028807
0.00012576822731245115,34.463729852722956
8.425057160054298e-05,30.31196428153214
2.85998269883887e-05,24.746889820316717
-5.139571421290943e-05,16.747335700186902
-0.00016012517698201582,5.874389423276262
-0.0002790306594899945,-6.0159957973455915
-0.0003882916078354558,-16.938099051416295
-0.00048116455848190787,-26.213495740710254
-0.0005624374245778864,-34.32011893187555
-0.0006400405815510106,-42.048819384313
-0.0007183816751158079,-49.836495575888534
-0.000795974036688158,-57.53271323025219
-0.0008642840925909504,-64.29213291520549
-0.0009131816719905425,-69.12035779660933
-0.0009383903613841861,-71.60590647561796
-0.0009458051638774447,-72.33651399822793
-0.0009483622105043281,-72.5884173215212
-0.0009589644388584723,-73.6325927028308
-0.0009839463661730642,-76.09111984279545
-0.0010183180074477916,-79.46932863738876
-0.0010512974522705583,-82.70575231172992
-0.0010727140697560182,-84.80477291864125
-0.001077319060073488,-85.25582032502182
-0.0010661023434655804,-84.13414866423105
-0.0010459846344142239,-82.12237775909539
-0.001026520434800676,-80.17595779774061
-0.0010160498569900187,-79.12890001667485
-0.0010184864979346218,-79.36752793214526
-0.0010304541093182394,-80.54259326639114
-0.0010409838850499497,-81.57594647135744
-0.001041830570052378,-81.65901504165848
-0.0010317566213692015,-80.65162017334083
-0.0010146418904721517,-78.94014708363585
-0.0009935833770992472,-76.83429574634539
-0.000967554550366812,-74.23141307310189
-0.0009315335944639871,-70.62931748281937
-0.0008783464648148989,-65.31060451791058
-0.0008033180975872199,-57.80776779514267
-0.0007098180495819556,-48.45776299461623
-0.000615037420702167,-38.97970010663738
-0.000532304134956113,-30.706371532031966
-0.00046264865220227425,-23.7408232566481
-0.0003964064330636112,-17.11660134278179
-0.0003219315919678294,-9.66911723320361
-0.00023261261198801928,-0.7372192352226004
-0.00013012032771392483,9.510985934594567
-2.2569155382241396e-05,20.25826881287478
8.21552233544632e-05,30.709716254505143
0.00017962405314857498,40.419394448284514
0.00027006791227240825,49.409310246316714
0.00035745584682484095,58.07322103800815
0.0004483710776508953,67.05958353456265
0.000543143804457728,76.39324298678683
0.0006334293458705371,85.24855100078686
0.0007070605551360042,92.44129382366135
0.000754687928350726,97.07883749006855
0.0007737899107924373,98.93536203865405
0.0007694518506392048,98.50103037020054
0.0007524070267041654,96.79654797669662
0.0007351262786792006,95.06847317420011
0.0007266949041004419,94.22533571632425
0.0007289618232356384,94.44607702643924
0.0007370502829334276,95.23363239978812
0.0007434288025068871,95.85444644906656
0.0007416983589792448,95.68140209630232
0.0007298921733039528,94.50078352877313
0.0007115642049550539,92.66798669388324
0.0006924388572906116,90.75545192743901
0.0006753642335899344,89.0479895573713
0.0006552983079837189,87.04139699674974
0.0006258773765011898,84.09930384849682
0.0005843110775466202,79.94267395303987
0.0005323639585311887,74.7479620514967
0.000474442940907346,68.95586028911245
0.00041614068613878046,63.12563481225588
0.00036523241788060425,58.03480798643827
0.00032213289674906686,53.72485587328453
0.00027948478061936086,49.46004426031393
0.0002271245418321996,44.2240203815978
0.00015928849883264332,37.44041608164218
7.57777666846171e-05,29.089342866839555
-2.3121284885198274e-05,19.199437709858017
-0.00013221717895101797,8.289848303276047
-0.00024453991121588475,-2.9423969111168553
-0.00035410406192651946,-13.896594524448572
-0.0004584294681417412,-24.318622312856757
-0.000557652379865108,-34.21725355887688
-0.0006511554363077007,-43.52797536470117
-0.0007351686508144736,-51.87552139697245
-0.0007981439290435401,-58.11935118810358
-0.00083284288994357,-61.55418544420137
-0.0008416595239863355,-62.4262825368449
-0.0008343886067434226,-61.69919081255362
-0.0008235039207733733,-60.61072221554869
-0.0008206251185930995,-60.32232664429461
-0.000838889032075221,-62.12939122462039
-0.0008803123590436397,-66.22350193283094
-0.0009343668116040156,-71.55632425510427
-0.0009858226599061839,-76.62185199702806
-0.0010232948063347996,-80.30363051708768
-0.0010419002141356694,-82.12934690540419
-0.001037596058201821,-81.69770830553064
-0.0010154822462015056,-79.4863271054991
-0.0009873543761038973,-76.67354009573828
-0.0009635361482279064,-74.29171730813917
-0.0009457297733242948,-72.511079817778
-0.0009272449834862655,-70.66260083397508
-0.0009010596093574344,-68.04406342109196
-0.0008629473012794074,-64.23283261328926
-0.0008154758130384321,-59.48568378919173
-0.000766650947456736,-54.60319723102212
-0.0007254760722504342,-50.485709710391944
-0.0006960202437987179,-47.5401268652203
-0.0006738656853170439,-45.32467101705291
-0.0006479684164984814,-42.73494413519665
-0.0006056194407602525,-38.50004656137376
-0.0005384695829856617,-31.78506078391468
-0.0004461777088216039,-22.5558733675089
-0.00033595505077548785,-11.5336075628973
-0.0002190511021409875,0.15678334162388777
-0.00010643611014592098,11.416579045269179
-5.260302367762244e-06,21.525319814126483
8.187592147495504e-05,30.221050903201714
0.00015629911523927742,37.63754410966424
0.00022028728229724098,44.00449342582002
0.0002755135681124074,49.49123383225355
0.00032301906700123346,54.20393565636822
0.0003636745359312753,58.231489362264284
0.00039961054568093035,61.786889118713866
0.00043380290685042397,65.16550957000473
0.00046962173823074827,68.70013831154068
0.0005093961309604258,72.61916122475662
0.0005528375595686538,76.891966878168
0.0005969063375412051,81.21799838109506
0.0006366727587601033,85.11397951624924
0.0006676532415022337,88.14389842433935
0.000687238327585321,90.05686887625738
0.0006956060522131217,90.87359012644679
0.0006947554413469924,90.78672635096879
0.000684515253847365,89.76270760100604
0.0006678285788306547,88.094040099335
0.0006508792704182845,86.39910925809798
0.0006397252639224634,85.28370860851587
0.0006359698589471828,84.9081681109878
0.0006356704203528014,84.87822425154965
0.0006322956058535967,84.5407428016292
0.0006191338651167456,83.22456872794409
0.0005930688675187797,80.6180689681475
0.0005561267024231203,76.92385245858155
0.0005172986510598737,73.0410473222569
0.0004814766889703017,69.4588511132997
0.0004443909730421911,65.75027952048863
0.00039717217618591677,61.028399834861204
0.0003329957265818279,54.61075487445232
0.00024944170273484524,46.25535248975405
0.00014392282045503778,35.70346426177331
2.2755828063493285e-05,23.58676502261886
-0.00010015483821027717,11.295698395241814
-0.00021202324528534232,0.1088576877352974
-0.00030906503097104774,-9.594636825209006
-0.0003935038891765888,-18.03416080037156
-0.0004627952794303028,-24.954539569518406
-0.0005179930308904753,-30.46262003792799
-0.0005632176789530047,-34.971650896756664
-0.0006028694550659669,-38.921747248577525
-0.000637378200901084,-42.35669587713805
-0.0006653985412196629,-45.14371188885773
-0.0006865821594040343,-47.24939658469858
-0.0007030330233710413,-48.88381391623981
-0.0007208565784540975,-50.653765129974985
-0.0007459311962954618,-53.142228766139134
-0.0007813524002855118,-56.65427267793977
-0.0008272409244380267,-61.19815238606984
-0.0008851134843771613,-66.91825003940518
-0.0009506807651290504,-73.38356329138895
-0.0010125783440867308,-79.47075535324362
-0.0010587663720639012,-84.00195193567704
-0.0010824597826638487,-86.32248696429801
-0.0010835126700687692,-86.42554439313243
-0.0010682059830195657,-84.89487568821207
-0.0010454675349661701,-82.6210308828725
-0.0010226084762264178,-80.3351250088973
-0.0010006373901073585,-78.13801639699135
-0.0009740063219149744,-75.47490957775294
-0.0009357165714819061,-71.6459345344461
-0.0008821057649158936,-66.28485387784487
-0.0008136614288205724,-59.44042026831274
-0.000728432974557118,-50.91757484196731
-0.0006314858303805672,-41.22286042431223
-0.0005349830484844846,-31.57258223470397
-0.00045002992706659174,-23.07727009291468
-0.0003800198028389568,-16.076257670151186
-0.0003213743780748129,-10.211715193736794
-0.0002707492486850436,-5.149202254759864
-0.000223712389844202,-0.44551649306956903
-0.00017622838545830634,4.302765087219411
-0.0001283714835797591,9.087678101063885
-8.499176271826779e-05,13.423847735424207
-4.941021186262811e-05,16.97940278892029
-1.563437501662365e-05,20.353329914380026
2.139942271222006e-05,24.051102862854385
5.570544016527101e-05,27.474773883266938
8.359358565566554e-05,30.25655915108497
0.0001088200950536694,32.77166240906324
0.00014009788021727268,35.88837237698287
0.00018401086771950575,40.260621692255114
0.00024198558782938142,46.02592315278666
0.0003096522758691489,52.743583755628734
0.00037782102182293146,59.49693094609788
0.00043728940212910936,65.3753741238917
0.0004829415525217059,69.87911781172676
0.000518521711642656,73.3834541638793
0.0005495230865632475,76.43248986494613
0.000578031716395941,79.23265611027573
0.0006019165961965742,81.57584449100008
0.0006153168737753033,82.88930034462884
0.0006127465835843811,82.63227132553662
0.0005926160352400699,80.61921649110549
0.0005568572396596051,77.04333693305902
0.0005090193134014757,72.25954430724609
0.0004531516854610817,66.67278151320669
0.00039652318331075267,61.00993129817378
0.00034126122550223726,55.483735517322245
0.0002832621666292395,49.683829630022466
0.00021826956742899278,43.184569709997795
0.0001469946755195569,36.05708051905422
7.41511582491823e-05,28.772728792016757
-5.113101871294498e-08,21.35249986522723
-7.21415415337554e-05,14.143458813722985
-0.00013547665418405492,7.8099475486930325
-0.0001856168354794938,2.795929419149145
-0.00022439969480709127,-1.082356181728532
-0.0002582804148302448,-4.470375062021692
-0.00029378923575390937,-8.020926749488163
-0.0003336947892195261,-12.010458970128969
-0.0003751313772207964,-16.151946946615308
-0.0004118078380157081,-19.81640488793077
-0.00043786253580589587,-22.418723976309014
-0.00045244631928503077,-23.874973676870276
-0.0004608773936489214,-24.716721877430345
-0.0004699363999850459,-25.621052147120928
-0.00047853875649194263,-26.479687430507145
-0.0004867446082467069,-27.29864349701587
-0.0004983257355848454,-28.454280512567095
-0.00051884309930555,-30.50109825619306
-0.0005520276021499943,-33.8100412860757
-0.0005965402158694967,-38.24521533412592
-0.0006457879196389432,-43.14717976353471
-0.0006923988656827888,-47.781252419873375
-0.0007379221870222783,-52.301532410894794
-0.0007822477622209628,-56.696998340803425
-0.0008203289732951757,-60.46824471876801
-0.0008443210806688934,-62.84170014016397
-0.000848253939658641,-63.230571394171704
-0.0008306409252641408,-61.46926995472169
-0.0007945555446580183,-57.860731894109435
-0.0007456395776813869,-52.969135196446295
-0.0006883261386770516,-47.23779129601276
-0.0006239486859847678,-40.800046026784386
-0.0005509431161975484,-33.49948904806244
-0.000468395567587816,-25.24473418708921
-0.0003793501828260067,-16.34019571090828
-0.0002899592731246973,-7.401104740777337
-0.00020576862505512235,1.0179485580776908
-0.00013272221386541498,8.32189533973086
-7.568242304588523e-05,14.02352206266107
-3.688963661134028e-05,17.89969094286716
-1.4904535088605903e-05,20.095745008567967
-5.66345594102875e-06,21.01865138882644
-4.344390759731279e-06,21.150377801305364
-7.012309034103788e-06,20.88358597386811
-1.2041337839836837e-05,20.380683093294806
-1.871764990714579e-05,19.71305188656391
-2.574890579877073e-05,19.009926297401414
-3.160844348488948e-05,18.42397252878954
-3.475865513128441e-05,18.108951364150048
-3.3477356245693025e-05,18.236950003796636
-2.4778676722540132e-05,19.105878987481745
-7.3929188912642396e-06,20.842315845463244
1.778507190913508e-05,23.35634507167342
4.817747558115685e-05,26.389857592865813
8.11055970900412e-05,29.674834563614873
0.00011489707348397491,33.0439711321094
0.00014910190350523147,36.45206484754728
0.00018236533692753186,39.76396791207379
0.00020877303470434803,42.39145431995039
0.0002234490351849536,43.85093380390551
0.00022509553791409388,44.01463903787089
0.00021527151819108364,43.03223706556987
0.00019650242148233768,41.155327394695284
0.00017028067946608943,38.533153193070454
0.000136404451391244,35.14553038558591
9.584402509344957e-05,31.08948775580647
5.556978982061487e-05,27.062064228523
2.1085675580214132e-05,23.613652804482925
-6.6956543433000735e-06,20.835519812131505
-3.055473316764073e-05,18.449611929697436
-5.3901190256950044e-05,16.114966220766505
-7.87080321828979e-05,13.634282028171722
-0.00010508696401648528,10.996388844812982
-0.0001307283191148676,8.43225333497475
-0.00015251367940043585,6.253717306417924
-0.00016986889422632818,4.518195823828691
-0.00018939960531283152,2.565124715178356
-0.00021442070360833633,0.06301488562787579
-0.00024052332455664065,-2.5472410900014406
-0.0002586426223998402,-4.359128798526381
-0.0002609547248988153,-4.590329362035233
-0.0002456299782272477,-3.0578546948784715
-0.00021770753329101598,-0.26561041558765147
-0.00018664596834267562,2.840504698889111
-0.00016119991531697068,5.384938413730625
-0.0001455231496912396,6.952402781039182
-0.0001382563329066527,7.678950802540515
-0.00013508488482106678,7.996029440180181
-0.00013309639426256056,8.194834454773666
-0.0001324792248597864,8.256537316987279
-0.0001367258535234072,7.831874450625199
-0.00014947754976350882,6.556704826615037
-0.00017192910724819478,4.311549078146441
-0.0002011135258030799,1.3931072226579295
-0.00023063753359331033,-1.5592924209408774
-0.00025446208116906784,-3.9417140266526918
-0.0002696070539971447,-5.456139358672299
-0.0002754884583629591,-6.0442358591733445
-0.00026837988345095563,-5.333378367972999
-0.00024918733091901045,-3.4141231147784814
-0.000224100359581237,-0.9054259810011349
-0.00020083654319741565,1.4209469767981895
-0.00018343641942021127,3.1609142117760736
-0.00017145579792094098,4.358908252023599
-0.0001612702494639679,5.377372852554114
-0.00014938913733043442,6.565332659832194
-0.00013590940083194132,7.913062688631766
-0.00012318461676190178,9.185228836785123
-0.00011388906994489344,10.11449791822114
-0.00011095499653704973,10.407804172439434
-0.00012112928671329785,9.390375154814622
-0.00014404749041755418,7.098554784388989
-0.0001707277219205038,4.430531634094026
-0.00018964364758071683,2.5389390680727244
-0.00019516633655469173,1.9866701706752352
-0.00018903627168510774,2.5996611218188277
-0.00017841898885591307,3.6613449780275786
-0.00017054100577000168,4.44909251593796
-0.0001674558988030711,4.757578495007859
-0.0001661006232609824,4.89309425924713
-0.00016103089118798533,5.400018022974826
-0.00014584235459515424,6.918666712342518
-0.0001105675753683954,10.445244740587272
-5.600509632406103e-05,15.898438980889656
5.046426398197125e-06,21.996759737469077
5.525087359536525e-05,27.007997755321608
8.389236866493052e-05,29.865142103733632
9.050229216108045e-05,30.52431796773338
8.255936751190416e-05,29.73002550281575
7.078304594638673e-05,28.552393346264004
6.217612531442074e-05,27.691701283067406
5.458507160276741e-05,26.932595911902073
3.263963159553658e-05,24.738051911178992
-1.315716640983117e-05,20.158372110642222
-7.741511245400652e-05,13.732577506224683
-0.00014275113464198977,7.198975287426358
-0.0001906684592837837,2.4072428232469636
-0.00021066369040832641,0.407719710792692
-0.00020411935719422553,1.062149268142289
-0.0001822507080659541,3.248961490979967
-0.00015799414310507185,5.674430639485744
-0.00013902627332626453,7.570925338283584
-0.0001251625843803269,8.9569746933994
-0.00011056318477066985,10.416462524511894
-9.042634597594519e-05,12.429295484682566
-6.499782524182331e-05,14.970629581824106
-4.026270928274552e-05,17.442106012969038
-2.603876960188676e-05,18.863045983448128
-3.098649378286798e-05,18.36827356535001
-5.4747546176226095e-05,15.992168326014196
-7.950649400242333e-05,13.516273543394474
-9.139611405597749e-05,12.327311538039059
-8.99113555980966e-05,12.475714241936199
-8.72299654886198e-05,12.743716916289472
-9.779756587796912e-05,11.686956877354541
-0.00013007065077864455,8.459648387286999
-0.00018313646255786005,3.153067209365448
-0.00024597095738143723,-3.1303638884002765
-0.0003054092656824082,-9.073636970599354
-0.0003549716683824191,-14.028152741769931
-0.0004050918589782623,-19.03649956072392
-0.00046468393022582906,-24.987818510224592
-0.0005300131985949755,-31.50633522386811
-0.0005865619951839318,-37.14268290439254
-0.0006166071883596928,-40.13469346955691
-0.0006083688523594642,-39.310859869534056
-0.0005600144435084156,-34.47541898442919
-0.0004827542715417357,-26.749401787761204
-0.0003952470856533367,-17.998683198921302
-0.0003135950610009713,-9.833480733684766
-0.00024490672177684167,-2.964646811271801
-0.00018827305980740472,2.6986854600064327
-0.00014302371471158553,7.223184281548459
-0.00010872118093752102,10.652514991403892
-8.66627634665891e-05,12.857372135793378
-7.73103654582966e-05,13.792083487838601
-7.32323481490394e-05,14.199632234944582
-6.980279873240367e-05,14.542363399372734
-6.768350081993416e-05,14.75414976440209
-6.976655154897591e-05,14.545844691497914
-7.573030134559782e-05,13.949469711835723
-8.208308861901864e-05,13.314190984493642
-8.437203926699044e-05,13.085295919696462
-7.916804157285057e-05,13.605400851818723
-6.676525678078957e-05,14.844885254378541
-5.251945248940078e-05,16.26838314033625
-4.897008899086501e-05,16.623019581833702
-6.165827631641441e-05,15.35420084927876
-8.36578189695861e-05,13.15424658396159
-9.974458175681476e-05,11.545570305238726
-9.540702868991035e-05,11.97913226229284
-6.374624304360344e-05,15.143353949014854
-7.562495685485191e-06,20.756067704664325
6.278344830961285e-05,27.77795933604515
0.00013581398653156232,35.059226027458074
0.0002030789698257473,41.75601820849146
0.00026091367994662097,47.50520348358814
0.0003087046171738001,52.24904529700555
0.00034581861380802114,55.92832883089056
0.00036865878999949085,58.190385258700765
0.0003703158459404513,58.35211180711099
0.0003453515933818489,55.85568655125075
0.00029400897455037454,50.72142466810331
0.0002237056680255079,43.69109401561664
0.00014695081472542896,36.015608685608754
7.495090216392006e-05,28.815617429457863
1.3441660755062775e-05,22.66469328857213
-3.7307547602968586e-05,17.589772452768997
-7.668507534523826e-05,13.65201967854203
-0.00010749088285593643,10.571438927472213
-0.00013515127021146217,7.805400191919639
-0.00016531331565227338,4.7891956478385165
-0.000203443746507095,0.9761525623563545
-0.0002489806084612367,-3.577511380247499
-0.00029534240405049324,-8.213300181328133
-0.0003345926459776674,-12.137284180680421
-0.0003624609921932279,-14.922781407286168
-0.0003798086053439074,-16.656395476435073
-0.0003898316634219897,-17.657913813227445
-0.0003972693997851074,-18.401039769018723
-0.00040575846721190083,-19.24913798888486
-0.0004162497101502689,-20.297155974067785
-0.00042725529891017393,-21.396420270630585
-0.0004383266061829113,-22.502102596783665
-0.0004548215390145422,-24.14914937698499
-0.0004820660254272589,-26.86873849503256
-0.0005224309842537716,-30.895940667000765
-0.0005740889924287048,-36.04566027966841
-0.0006326675173691873,-41.87866594940249
-0.000692231458154866,-47.80146156512512
-0.0007470676033480377,-53.2456956124658
-0.0007930669913333261,-57.80565824618835
-0.0008279238511083014,-61.256478562174955
-0.0008495385391761722,-63.394231218722844
-0.0008530598781870942,-63.74234454743986
-0.000836682811833779,-62.104637912108345
-0.000804113203209017,-58.847677049632146
-0.0007631931132823188,-54.75566805696233
-0.0007216931124803319,-50.60566797676364
-0.0006852016835373314,-46.956525082463585
-0.0006568195440577405,-44.11831113450449
-0.0006357817289807318,-42.014529626803615
-0.0006193309201035386,-40.3694487390843
-0.0006047192687633113,-38.90828360506157
-0.0005920352367010933,-37.63988039883977
-0.0005818976348108086,-36.626120209811305
-0.0005738507864070197,-35.821435369432415
-0.0005655203780394447,-34.98839453267492
-0.0005517548396170517,-33.61184069043561
-0.000529972727916994,-31.433629520429847
-0.0005017728302041677,-28.613639749147215
-0.0004686705907800854,-25.303415806738982
-0.00042085314643197625,-20.521671371928065
-0.00035548009038025973,-13.984365766756417
-0.0002817454098707196,-6.610897715802401
-0.00021802012477021147,-0.2383697686324306
-0.0001905399972354403,2.5096122284856577
-0.00020465252871222335,1.0983590808073511
-0.0002397749547156132,-2.4138783641502055
-0.0002632281006322899,-4.759132163174905
-0.00025291810612192405,-3.728132712138321
-0.00020777406400735425,0.7862669141911082
-0.0001455575774033322,7.007483701846622
-8.907660734861882e-05,12.653741248476699
-4.804198034649785e-05,16.754389583434243
-1.6708550114794893e-05,19.88446578300035
2.1065059823648343e-05,23.656326274596676
8.010671523205713e-05,29.547773352033047
0.00016386755492915053,37.895133182354854
0.0002605340883705367,47.50910512381574
0.000345461448043401,55.93443900012326
0.0003981876365299873,61.15368875135661
0.0004118347955520247,62.50302627869481
0.0003951538627069122,60.83493299418356
0.00036520659541725833,57.84020626521817
0.00033865439623040756,55.1849863465331
0.000324951144162479,53.814661139740245
0.00032132010292795847,53.451557016288184
0.00031710614254595133,53.030160978087466
0.00030417240985710053,51.73678770920239
0.0002896392874116545,50.28347546465779
0.0002834428938538288,49.663836108875216
0.0002890529743163985,50.22069882230131
0.00030132249442557137,51.43826380761928
0.0003100377256291249,52.30284705261046
0.00030477121633424567,51.77619612312254
0.00027988976814515037,49.288051304213006
0.00023817247876177841,45.11632236587581
0.00018900584530478056,40.19965902017602
0.00014089920162526035,35.388994652224
9.161783784250634e-05,30.460858273948595
3.815795686017446e-05,25.114870175715406
-1.7829749567699964e-05,19.516099532927964
-7.043997379907093e-05,14.25507710979087
-0.00011378857352973656,9.920217136724306
-0.0001444406375898988,6.855010730708082
-0.00016307910377637495,4.991164112060469
-0.00017487951623023376,3.8111228666745864
-0.00018660393092013056,2.638681397684906
-0.00020279682677487208,1.0193918122107544
-0.00022115903860522746,-0.8168293487514254
-0.000238189858424212,-2.5199051329342197
-0.0002531028082441417,-4.0111700732670155
-0.000267462938157345,-5.447113694342533
-0.00028372324285635313,-7.0729959103036695
-0.00030321538689425103,-9.021901451022313
-0.00032524077910167073,-11.223868799368008
-0.00034808921543938394,-13.50780589305996
-0.0003713612798686551,-15.833690775587204
-0.0003951346559153241,-18.209188386401863
-0.0004193277650642494,-20.62603917794011
-0.00044392110475513995,-23.082181358420147
-0.00046879228095587916,-25.565275948819615
-0.0004931523148100192,-27.996479221440453
-0.0005157308066850222,-30.24904695891617
-0.0005341513592669536,-32.08615317584346
-0.0005457388847006947,-33.241480348407556
-0.0005478995129813671,-33.456876901606094
-0.0005386340192754824,-32.530327531017626
-0.0005184720931972648,-30.51413492319585
-0.0004900170633945022,-27.668631942919603
-0.0004582375074251179,-24.490676345981164
-0.0004298297715352345,-21.64990275699283
-0.00040837345510439185,-19.50427111390856
-0.000392921171500175,-17.959042753486877
-0.000379826223904726,-16.64954799394198
-0.00036703642353070167,-15.370567956539542
-0.00035460550546960543,-14.12747615042992
-0.00034505993570034136,-13.172919173503512
-0.0003405764818025417,-12.724573783723546
-0.0003398864421828663,-12.655569821756005
-0.00034049997940700197,-12.716897936244205
-0.000339518188065538,-12.61871880209781
-0.00033296837283642975,-11.963737279186985
-0.0003088271957803058,-9.549619573574587
-0.00026503804823822975,-5.170704819366984
-0.0002140280403121969,-0.06970488101867683
-0.0001725839883890227,4.07459842811907
-0.0001501695477704443,6.315818044563042
-0.00014741674947246406,6.591057675094955
-0.0001658342302389011,4.749309598451252
-0.00019754075981099514,1.578656641241847
-0.00022808866476920945,-1.4761328754279612
-0.0002454820555881229,-3.215456423763428
-0.0002477052139974433,-3.43776769936357
-0.0002404697135267006,-2.714217652289303
-0.00022932002831773008,-1.599249131392251
-0.00021691526222525305,-0.35877257619979136
-0.00020056623701058063,1.2761229925943252
-0.0001740860433250801,3.9240566915679524
-0.000131739539570616,8.158140098621564
-7.386495248906537e-05,13.943261861145066
-1.0234985878262949e-05,20.300390783286204
4.613261500811225e-05,25.92791430360957
8.448175540902856e-05,29.7538259194366
0.00010075560976308142,31.376631762358162
9.723333867470754e-05,31.024404653520772
8.08703310785365e-05,29.388103893903665
5.9518385910204924e-05,27.25290937707051
3.875472971948315e-05,25.17654375799833
2.1480804604873753e-05,23.449151246537394
7.333619774993065e-06,22.034432763549322
-5.3220386377168875e-06,20.768866922278328
-1.685730320429879e-05,19.615340465620143
-2.3222711718451754e-05,18.978799614204846
-2.279577914734621e-05,19.021445257117524
-1.9301657266136615e-05,19.37045994669686
-2.0652338047597732e-05,19.235391868550753
-3.600450901918836e-05,17.700174771391687
-6.854395077474172e-05,14.44623059583635
-0.00011340555879777295,9.960069793533227
-0.00016018948675223756,5.281676998086765
-0.00019904555874610016,1.3960697987005055
-0.00022494471287586373,-1.193845257658406
-0.00023871953652782637,-2.5713210409030296
-0.0002459005707676128,-3.289413682751371
-0.00025225138655562106,-3.9244792708807834
-0.0002600008512675509,-4.699395785572682
-0.0002639678701687576,-5.096077090453171
-0.0002604377579011197,-4.743065863689381
-0.0002522283289022832,-3.9221229638057284
-0.000246836605229045,-3.3829505964819098
-0.00025192369637021386,-3.8916466554756837
-0.0002722266898183674,-5.921838262451235
-0.0003108417156093598,-9.782750364614927
-0.00036275073167196716,-14.971561322667302
-0.00041688668438697905,-20.380594438366508
-0.0004615519873945665,-24.840892245538967
-0.0004905206560355351,-27.73226299721866
-0.0005046517020212221,-29.142220409586887
-0.000509291720130428,-29.60511819324239
-0.000510249218858966,-29.700635795786358
-0.0005094556076360667,-29.621274673496423
-0.0005047779655942828,-29.15351046931803
-0.0004920559474300742,-27.881308652897168
-0.0004691406464427303,-25.589778554162777
-0.00043923639553571965,-22.599353463461714
-0.0004080964723130632,-19.48536114119607
-0.0003808626690039254,-16.761980810282285
-0.00035976101644405174,-14.651815554294918
-0.0003437349498696872,-13.049208896858463
-0.0003297820554254752,-11.653919452437265
-0.0003150680620244352,-10.18252011233326
-0.0002986318896862876,-8.5389028785185
-0.00028115908731797773,-6.791622641687516
-0.0002650151915253732,-5.177233062427065
-0.000253036570699614,-3.979370979851146
-0.00024563019983837127,-3.2387338937268693
-0.0002381999270676554,-2.495706616655282
-0.00022756869496448525,-1.432583406338268
-0.00021557255024424413,-0.23296903928727475
-0.0002067432865253919,0.6499552473974743
-0.00020431336044310995,0.8929464163264563
-0.0002082566948975797,0.49861297087948175
-0.00021469344493678385,-0.14506203304093399
-0.00021808433442647667,-0.4841509820102158
-0.00021390686762996801,-0.06640449786910382
-0.00020064077311187975,1.2601983493304805
-0.00017927734834706906,3.3964834449170693
-0.0001544278354435314,5.881229737340814
-0.00013471968414279528,7.851720897325333
-0.00012488256175695786,8.835202817844078
-0.00012359468774329776,8.963956259122071
-0.0001248463384563588,8.838791187815966
-0.00012311085622519378,9.012293398339917
-0.00011615593828855368,9.707583629592666
-0.00010547120158581539,10.775690599825703
-9.569090448145634e-05,11.753318801532933
-9.141203014539028e-05,12.181009354528776
-9.188232566569542e-05,12.133979802498262
-8.526640599902007e-05,12.795242859801565
-6.322682124753663e-05,14.997851212274025
-2.8045972341718758e-05,18.512846709367963
6.6201112236330336e-06,21.975073950028342
1.6955161205388396e-05,23.00698030670907
-8.139840956035126e-06,20.49748009056672
-5.9386870590008724e-05,15.372777127169357
-0.00011457845923877105,9.853618262293123
-0.00015409545476616267,5.901918709553961
-0.00017154544205346333,4.156919980823895
-0.00017515069198389494,3.7963949877807344
-0.00017817549271508746,3.493914914661482
-0.00018194156517188824,3.117307668981404
-0.00018137937647070862,3.1735241908154226
-0.00016888513673861497,4.422876061698863
-0.00014019106783810169,7.291925643630439
-9.75720594868776e-05,11.552557890434969
-4.970994137955871e-05,16.335797892363765
-9.190999110872403e-06,20.383446774882795
1.4515546159053508e-05,22.75071865671282
1.778065630340505e-05,23.076706104790507
1.780945684014062e-06,21.476735042851406
-3.6595959380192745e-05,17.639044536430728
-9.338234998114512e-05,11.960405476335488
-0.00015607073198174438,5.691567276275561
-0.0002097247373288941,0.3261667415605884
-0.00024408818450894097,-3.1101644894086697
-0.0002577318399144644,-4.4744907577961435
-0.0002570909310284341,-4.410399869193115
-0.00024848478916380444,-3.5497856827301484
-0.00022620119055600802,-1.3214258219505066
-0.00018667391275812044,2.631268257364399
-0.0001338242640393245,7.915660928171113
-7.906107574953892e-05,13.389918218939341
-3.4492615299755965e-05,17.843336202213884
-8.589290909582036e-06,20.430735263282973
-3.7927350121258366e-06,20.909761153030683
-1.5066006083787602e-05,19.782434045864505
-3.436144570723874e-05,17.852890083519394
-5.624448452070226e-05,15.664586202173039
-8.64954185264672e-05,12.639492801596544
-0.0001292109686649333,8.367937787749936
-0.0001804618355768895,3.242851096554315
-0.00023019174432372617,-1.73013703097118
-0.0002674607898013114,-5.456936477377286
-0.00028708177529763237,-7.418844083287048
-0.0002918742231575936,-7.898021076923244
-0.0002903478848868301,-7.7453872498468925
-0.00029138057701283876,-7.848641275874912
-0.0002985784806305642,-8.568313145044073
-0.00030919654877813884,-9.629901370356764
-0.0003161393387508001,-10.324006313110033
-0.00031263682861556183,-9.973755299586207
-0.0002974927111629859,-8.459343554328616
-0.0002749947112907811,-6.209543567108132
-0.0002502690610530346,-3.736978543333484
-0.0002153295632072778,-0.243029048761457
-0.0001683998855655848,4.4498105584594425
-0.00011894444278418683,9.39450561684803
-8.183636234309678e-05,13.103783017374457
-6.836385754090453e-05,14.450222765890699
-7.888862444833852e-05,13.3977460751473
-0.00010398630901893958,10.887977618087193
-0.00013501687474182626,7.784921045798524
-0.00018384865416597428,2.901743103383721
-0.0002571858723769152,-4.431928328450041
-0.0003458220436536937,-13.29365620463712
-0.00043073779528157724,-21.778103877329922
-0.0004953153806506606,-28.224754742784043
-0.0005312790671143147,-31.812166435203707
-0.0005410956590342725,-32.790989085107064
-0.000531649313519125,-31.84635453359232
-0.0005076656243822968,-29.447985619909495
-0.00046776740485632003,-25.458163667311823
-0.00040382407678526895,-19.063830860206718
-0.00031338632448381853,-10.020055630061673
-0.0002058427104254601,0.7342957297462176
-9.416956330982659e-05,11.899707034266235
2.8782934243822992e-05,24.182101589782466
0.00015976899805702225,37.24296508739676
0.0002795836558715342,49.15750915588724
0.0003585933831214429,56.99253997646894
0.0003605322534414496,57.184561520197036
0.0002817166765413905,49.303003830191116
0.00015616526595129047,36.747862771181104
3.460737810887115e-05,24.592073986939177
-4.996178181274428e-05,16.135157994777636
-9.542338015666899e-05,11.588998160385165
-0.00012562435559106377,8.568900616945687
-0.00017044433128070443,4.08690304798162
-0.0002406848241456046,-2.937135631891547
-0.00031949991951806737,-10.817646395936473
-0.00036533983209274394,-15.399562415000732
-0.0003439949557591179,-13.26507478163813
-0.0002509173434224253,-3.9573135479688655
-0.00011224217483102685,9.909107552035255
2.67425624262377e-05,23.794644159626984
0.00013241540136262926,34.33471227982519
0.00019834722204854926,40.899960201862235
0.00024151756978412603,45.19318725992663
0.00028497317388258183,49.5098329034171
0.0003410735938346717,55.0744570835384
0.00040634823232841704,61.536387223374895
0.00046295349235970606,67.12790161736488
0.0004924063772629143,70.03245540639823
0.0004854047910556477,69.33229678567157
0.0004433770271142432,65.12952039153112
0.0003826772100548245,59.059538685589246
0.0003241372120738305,53.20553888748985
0.00028173962330888067,48.96578001099486
0.00025367007157476126,46.15882483758293
0.00022594313837434788,43.386131517541585
0.00018293828241402717,39.085645921509524
0.00011791881423394262,32.58369910350106
3.879117074958918e-05,24.670934755065716
-3.473872214813409e-05,17.31794546529339
-7.832233519716282e-05,12.959584160390516
-7.878764136384933e-05,12.913053543721865
-4.0959538679381495e-05,16.693246343601203
1.7294718161357152e-05,22.51173410638869
7.603537373505976e-05,28.374216287346474
0.00012203923420217603,32.96156449554166
0.0001528921197325834,36.03585156999423
0.00017123106601069885,37.862266615204646
0.00017759406895012468,38.49579964943624
0.0001676417240453979,37.500565158963575
0.0001336414046690026,34.100533221324035
6.973831648962516e-05,27.710224403386295
-2.4483255686601248e-05,18.288067185763655
-0.00013976173677355015,6.760219077068765
-0.0002599993286510973,-5.263416559800278
-0.000369910244870789,-16.250943063632924
-0.0004614889299641441,-25.39786141795213
-0.0005336653761540654,-32.59866768710691
-0.0005809117354842222,-37.3072279881844
-0.0006071133864955865,-39.9164883326807
-0.0006257638037849353,-41.772830306685265
-0.0006502532239086173,-44.20909547215047
-0.0006848687475886774,-47.6501522172204
-0.0007265331231229018,-51.78761699390071
-0.0007777576649060044,-56.867440636955735
-0.0008330561261732574,-62.3417771963959
-0.0008801211100658972,-66.99258784949757
-0.0009057530970910141,-69.52197441876672
-0.0009029321638873193,-69.23688166609021
-0.0008742053549924972,-66.364200776608
-0.000828430357413107,-61.78670101866899
-0.0007772606276971494,-56.669728047073214
-0.000722357959822571,-51.17946125961539
-0.0006629084794961507,-45.23451322697335
-0.0005992319315895485,-38.86685843631313
-0.000532411556495,-32.184820926858286
-0.00046516716617068875,-25.460381894427154
-0.0004033013402759823,-19.273799304956512
-0.0003607704144209662,-15.0207067194549
-0.0003448589215215857,-13.429557429516848
-0.0003512848657854288,-14.071833590841827
-0.0003675067100213757,-15.693068915209643
-0.00038050917673536594,-16.992391189696146
-0.00038152970734088733,-17.094365118002084
-0.0003676031127805271,-15.70170566196606
-0.0003390332454985207,-12.844718933765419
-0.00029571865363440104,-8.513259747353455
-0.00023533496946518719,-2.4748913304320697
-0.00015422744433143598,5.635629274008429
-5.215550892348456e-05,15.838746638799648
6.499104121088284e-05,27.53614490895686
0.00018566242809373013,39.5621301880072
0.0002978105968919158,50.70876572589949
0.0003914854040430885,59.99128453691422
0.00046169672680503824,66.92907308129044
0.0005092297560867549,71.61530364675974
0.0005376795439180113,74.41573787260185
0.0005533588031351875,75.95764885460764
0.0005624137769359793,76.84763719663094
0.0005693562226392163,77.52974730308839
0.0005774837934936177,78.32802709475959
0.0005848517238690905,79.05144069701416
0.0005856859829534714,79.13333627483489
0.0005768147980058098,78.2462177800687
0.0005726386091149912,77.82859889098684
0.0005808842579734532,78.63836238926989
0.0005942475900559432,79.95005812811694
0.000592586717590294,79.78397088155201
0.0005424877608518987,74.77407520771247
0.0004371415771175931,64.23945683428191
0.0003047508046428302,51.00037958680561
0.0001900732810746111,39.5326272299837
0.00012352712638200942,32.87801176072354
0.00010830497611507592,31.35579673403019
0.00012728648347816462,33.24800362792368
0.00015045988181976768,35.55713120997516
0.0001565183542548268,36.16065006543718
0.0001426198001502072,34.77079465497523
0.00012576122083682144,33.084936723636645
0.00012791771421570742,33.29987398550978
0.00015776970256987992,36.2742580890557
0.00020654418850845003,41.1299002333925
0.00025103422460822223,45.55405512957815
0.00026444284200634837,46.88642234162172
0.00022265004165605146,42.70714230659203
0.0001255079223870055,32.99293037968744
-1.5604209058535384e-06,20.286096050401532
-0.00012393542277805173,8.048595863181715
-0.00021586518180682012,-1.1443788799694552
-0.0002726230223647501,-6.819935159823713
-0.00030815054905627943,-10.372026827414127
-0.0003417713744648472,-13.732834874115461
-0.00038514651822323825,-18.06741183187429
-0.00043466505787371335,-23.013573071801975
-0.0004767614266398894,-27.21591081986417
-0.0004982843995712835,-29.363454928991654
-0.0004956464726519417,-29.09966223705747
-0.00047973285540689204,-27.508300512552506
-0.0004689465141406471,-26.429666385928012
-0.0004741015522336913,-26.94416035796529
-0.0004766999109676843,-27.203472014616427
-0.00045815770758460896,-25.349251676308892
-0.00041488931100966934,-21.02241201881493
-0.00035903848128084856,-15.437329045932849
-0.0003093112324334305,-10.464604161191044
-0.00027948981842065455,-7.482462759913447
-0.00027168645434922495,-6.702126352770486
-0.00028265125706623936,-7.798467752580917
-0.00032310147562610833,-11.842488379107616
-0.00039691439460653603,-19.218956018328402
-0.0004961832350551813,-29.12972890014871
-0.0006042577627920571,-39.901074807394345
-0.0007054826384745674,-49.96598950276589
-0.0007874447063375359,-58.09463456133749
-0.0008426229977297084,-63.554745181791304
-0.0008652263314728811,-65.78833292918178
-0.0008476433598492223,-64.0300357668159
-0.0007862960899234407,-57.89530877423774
-0.0006830983197580187,-47.57553175769554
-0.0005442971380748684,-33.6954135893805
-0.0003682747123551585,-16.093171017409514
-0.00016817094783576955,3.9170054481209036
2.5005633487348186e-05,23.221670879798022
0.0001790716933964189,38.58315797117833
0.00027885016548595244,48.50455605478086
0.0003261679588491647,53.200108608805195
0.00032334523304166675,52.91783602805539
0.0002865200731087494,49.23532003476365
0.0002405175091397863,44.635063637867354
0.0002058332487632957,41.16663760021829
0.00018697897971431374,39.28121069532009
0.00017546901364585532,38.13021408847424
0.0001592580460893513,36.50911733282384
0.00013242713491083132,33.82602621497185
0.00010069145411057003,30.652458134945718
7.816462315633271e-05,28.399775039521987
7.904298724436371e-05,28.486642494622178
0.00010964791978650991,31.538832470968288
0.00016532438485120484,37.086812849156544
0.00023357590626783224,43.87858873083307
0.0002997249200554456,50.449807755088145
0.00035359198885586557,55.791561395009715
0.0003929032194444026,59.68402033080558
0.0004218903312113992,62.55083189805397
0.0004471775733428109,65.04926023512152
0.00047199280962742073,67.49872785075287
0.0004942773460141713,69.69636206962527
0.0005048078805207753,70.73416457526994
0.0004916199282196092,69.41536934515334
0.00044778332745297185,65.03170926848959
0.0003805107120190878,58.304447725101184
0.00029822207385818216,50.07558390901062
0.0002029758805519215,40.55096457838456
9.169686854474532e-05,29.42306337766693
-3.87147501098662e-05,16.38190151220578
-0.00018625702341707313,1.627674181485084
-0.0003424338594319969,-13.987741310123239
-0.0004947838775027557,-29.202560621345487
-0.0006341740107525149,-43.09017216276789
-0.0007556580721088477,-55.15570177227164
-0.0008585374519159684,-65.3378654364623
-0.0009446082873434183,-73.82672361719868
-0.0010152297525067926,-80.76902364279968
-0.0010703821048035354,-86.17502739366276
-0.001108225919638303,-89.87601436072869
-0.001127780403421157,-91.78556787448309
-0.001130951027101027,-92.0944441649882
-0.001122151793361987,-91.21452079108421
-0.0011070097160893364,-89.70031306381914
-0.0010912615991724738,-88.12550137213287
-0.0010801489490451402,-87.01423635939952
-0.0010768623888061863,-86.68558033550414
-0.001082399408094755,-87.22738011668785
-0.001095738906786207,-88.53203915074803
-0.0011151049077511614,-90.42454275313317
-0.0011388337298652025,-92.74080483114511
-0.0011649658911125154,-95.28828829667998
-0.0011911139062143804,-97.83368362417175
-0.0012154972540049528,-100.20394007750117
-0.0012354660450418847,-102.14260052715849
-0.0012478181456631542,-103.34066752479946
-0.0012494103819781562,-103.49503974168803
-0.0012375208240944472,-102.30608395331713
-0.0012094975533153837,-99.50375687541076
-0.0011625190460103577,-94.80590614490816
-0.0010949386606506862,-88.04786760894102
-0.0010070121126189346,-79.25521280576585
-0.0009005297115886086,-68.60697270273324
-0.0007758322073830925,-56.13722228218164
-0.0006367208578671271,-42.226087330585095
-0.0004906359617646293,-27.61759772033532
-0.0003463840687237206,-13.192408416244442
-0.0002106628650477309,0.37970485043229685
-8.643143642654867e-05,12.800500388784593
2.655551266792937e-05,24.086944604164778
0.0001309844280974711,34.5025163142596
0.00022903426223124627,44.26190093723844
0.00031943756408887457,53.238361547130566
0.0003934247160213294,60.566239466969115
0.0004451447315876204,65.6774985075048
0.0004759839637277687,68.72044148397543
0.0004940219173965344,70.49853792524401
0.0005094393275610091,72.01727167090586
0.0005312185447779216,74.16101566097133
0.00056458016803814,77.44089979968044
0.0006099638990562157,81.89476907042643
0.0006648149819730592,87.26486966936741
0.0007255221774730377,93.19088103675101
0.0007906019762948042,99.5221155108445
0.0008588891052465116,106.13981338827378
0.0009281700675345302,112.82544944916506
0.0009948791215588632,119.23435579591612
0.0010538894644461277,124.87911446252282
0.0010996553775259807,129.24044982713946
0.0011282510664735845,131.95798236879955
0.0011375201050874782,132.8375793315303
0.0011275809621125801,131.84366503404053
0.0011023448120630382,129.32005002908633
0.0010701268389570562,126.09825271848811
0.0010345255255877611,122.53812138155861
0.0009915597843310462,118.2415472558871
0.0009327496573994647,112.36053456272894
0.0008511764789311382,104.20321671589629
0.0007468949652933532,93.7750653521178
0.0006274003979003314,81.82560861281563
0.0005031337275396353,69.39894157674601
0.0003787383844305453,56.95940726583702
0.00025616894762333124,44.702463585115616
0.0001363649299000711,32.722061812789605
2.050997540507123e-05,21.13656636328962
-8.945893818727647e-05,10.13967500405485
-0.0001905791241351173,0.027656409270764227
-0.0002795614956545943,-8.870036085811998
-0.0003540995707083826,-16.320643927670627
-0.0004131636145573042,-22.221050924299124
-0.0004585356725219634,-26.750758204247596
-0.000494128082012417,-30.301972845351617
-0.0005245450423495637,-33.335102662442985
-0.000551531998196512,-36.024743948114605
-0.000577788922709006,-38.64020386724365
-0.0006081233630415027,-41.65994299866332
-0.000647564107463326,-45.582929798947205
-0.0006992918621674737,-50.72190822691641
-0.0007644996690803332,-57.18904159675738
-0.0008447159310853638,-65.12564316249097
-0.0009373534914140458,-74.26158325136325
-0.0010355372728083324,-83.9052246150672
-0.00113052145135856,-93.19146617189597
-0.0012149154759071564,-101.40308175136126
-0.0012833864695504195,-108.03599575601469
-0.0013307564432503312,-112.6084873394262
-0.0013555125180580497,-114.99260115201112
-0.0013601101837467015,-115.4336378986719
-0.0013495667263898944,-114.37929216299118
-0.0013288660857853464,-112.30922810253638
-0.001301529426439803,-109.57556216798204
-0.0012696298899883105,-106.38560852283277
-0.0012302354991214988,-102.44616943615162
-0.0011778195917191757,-97.20457869591931
-0.0011090417182388211,-90.32679134788386
-0.0010267372281230972,-82.09634233631145
-0.0009389700349228271,-73.31962301628444
-0.0008545576772068068,-64.87838724468241
-0.0007794769643845997,-57.370315962461696
-0.0007142704897156136,-50.84966849556309
-0.00065386808443202,-44.809427967203725
-0.00058891617427726,-38.314236951727736
-0.0005146424918845935,-30.886868712461087
-0.00043489410651409693,-22.912030175411424
-0.0003589545353771181,-15.318073061713541
-0.0002956155934408852,-8.984178868090247
-0.00024851076222521986,-4.273695746523714
-0.0002147151119836787,-0.8941307223695987
-0.00018694715425189484,1.8826497464949556
-0.00015779390525678404,4.79783564751475
-0.00012268390739327605,8.308301323025532
-8.074283223273885e-05,12.50091567553905
-3.459844011411541e-05,17.112155590150607
9.937329185203222e-06,21.560584582194778
5.039242416799062e-05,25.599232181678314
8.952664736993558e-05,29.50366742788663
0.00013259346282779448,33.797374961186485
0.00018318885766360437,38.836946688286304
0.0002405839092135977,44.54673395928494
0.0002998392667022555,50.432619846225336
0.00035356955543029255,55.76085120176081
0.00039501371430894863,59.86440012719145
0.0004206744504983456,62.40222216609474
0.0004308288291623115,63.405831905077804
0.0004290184539805551,63.22445147322788
0.00041999801565056763,62.32240764022913
0.00040661135370996255,60.98374144616862
0.0003875774055787023,59.080346633042595
0.00035947800347752327,56.27040642292469
0.00032187903238722437,52.5105093138948
0.0002751112351453917,47.83372958971152
0.00022015436979863677,42.33804305503604
0.0001587904473461521,36.201650809787566
9.386631058845887e-05,29.709237134018245
2.8157000333249428e-05,23.1383061084973
-3.630608235202086e-05,16.69199783997027
-9.868367754273527e-05,10.45423832089883
-0.00015881467389731045,4.441138685441312
-0.0002165589379722459,-1.3332863426532466
-0.0002703441765689857,-6.711594002737013
-0.00031903444309693777,-11.579573645749086
-0.00036266635403000506,-15.940573600145804
-0.0004019318502222925,-19.86372777344477
-0.00043736851423434027,-23.402871803067196
-0.00047090778736478276,-26.751005098573938
-0.0005099609014261653,-30.647422407386664
-0.0005577843890896671,-35.41525576677264
-0.0006115574859999,-40.770749400570715
-0.0006643263574224382,-46.019752475406385
-0.0007104314420306705,-50.59999271273822
-0.0007475764942435415,-54.28571219978694
-0.0007766293680075331,-57.16554723585261
-0.0008008774129106454,-59.56702613740324
-0.000822763087946761,-61.73284343268496
-0.0008416216136585832,-63.59775498285437
-0.0008500891699662877,-64.43469476602502
-0.0008432836890106861,-63.754146670464856
-0.0008233541273492868,-61.76119050432494
-0.0007979907685740241,-59.224854626798674
-0.0007755779838391492,-56.983576153311176
-0.0007607364779444709,-55.499425563843346
-0.0007520625692998878,-54.63203469938503
-0.0007438659294840924,-53.81237071780549
-0.000730137300187022,-52.43950778809846
-0.0007081649573604488,-50.24227350544114
-0.0006797395567279136,-47.39973344218762
-0.0006485906259452625,-44.284840363922505
-0.0006169033136491047,-41.11610913430672
-0.00058487168988673,-37.91294675806925
-0.000554559733474488,-34.88175111684505
-0.0005238459768471664,-31.81037545411289
-0.0004873942490123142,-28.165202670627668
-0.00044009374030978,-23.43515180037425
-0.00038137775661768703,-17.563553431164955
-0.000315416878534572,-10.967465622853455
-0.0002483696445090644,-4.262742220302693
-0.00018580766129827966,1.9934352916738483
-0.00012977139295669327,7.596542787199937
-7.675341927275759e-05,12.896492279215064
-1.5671494680138018e-05,18.99978181802265
5.9538488009199306e-05,26.508803337669796
0.00014491498307317753,35.022009595440935
0.00022918439001974307,43.410186613026326
0.000300972690834103,50.5419704701796
0.000353573118413326,55.75807249610589
0.0003867770558882984,59.046187844750825
0.0004055405490114899,60.90264827275025
0.00041578492777986985,61.915707941820564
0.00042016465264325123,62.34870205182953
0.0004136536024008517,61.697597027589566
0.00039243428473154465,59.575665260658866
0.00035880438058531424,56.212674846035824
0.0003214937906866442,52.48161585616882
0.0002911471802834153,49.44695481584593
0.00027553328173081506,47.88556496058591
0.0002761876649951929,47.95055823290638
0.0002884333329021152,49.16657498326111
0.00030595377353861075,50.90563967719432
0.0003221922467735015,52.516649192949735
0.0003327175207190011,53.560428635440545
0.00033633713631458373,53.919302762567476
0.0003342902553127628,53.71461466238538
0.000328192540408665,53.1048431719756
0.00031777769273746406,52.063358404855514
0.00030050689093382777,50.33627822449187
0.000272781523606702,47.563741491779304
0.0002320786193735397,43.49345106846307
0.00017888782021764356,38.174371152873455
0.00011685315817478227,31.970904948587325
5.293286376159175e-05,25.578875507268272
-8.726851675874597e-06,19.412903963521636
-6.944282746748344e-05,13.341306384360749
-0.0001331953469290252,6.966054438206573
-0.00020290932320246764,-0.005343189137671497
-0.0002787633174052237,-7.590419024408749
-0.00036064476795588684,-15.775543927596669
-0.0004443675885245507,-24.13865758781799
-0.0005232232084260234,-32.00696118583008
-0.0005914117599387436,-38.80194251185073
-0.0006469964300005311,-44.33348520431925
-0.0006913338386004692,-48.740241255050606
-0.0007262275351132139,-52.20458650818472
-0.000753267973845852,-54.88677761668203
-0.000772799721636425,-56.82276244692829
-0.0007831558443632787,-57.84876572138439
-0.0007785446654086264,-57.38764782591915
-0.0007582210317528121,-55.35528446033773
-0.0007290993263005717,-52.4431139151137
-0.0007028300427952912,-49.81618556458564
-0.000689217295436925,-48.45491082874903
-0.0006923056396000121,-48.761343968458945
-0.0007095322068199081,-50.472071780454485
-0.000733787902062462,-52.87940192087667
-0.0007580390906196104,-55.28452566365579
-0.000777722417230828,-57.23528140911573
-0.0007921233725401985,-58.661725432068906
-0.0008035035935181452,-59.788474007504036
-0.0008174666534219773,-61.17034924734589
-0.0008341798963461604,-62.823513345604674
-0.0008462811806868296,-64.01987575814066
-0.0008430800611990264,-63.69976380936035
-0.0008172110896024398,-61.11286664970169
-0.0007682956310033858,-56.22132078979629
-0.000702560159596998,-49.64777364915751
-0.0006288561829439211,-42.27737598384981
-0.0005535313839256574,-34.744896082023445
-0.00047800436107951413,-27.192193797409114
-0.00039934191377764047,-19.325949067221742
-0.00031429122745466244,-10.820880434923941
-0.00022285405082462647,-1.6771627719203424
-0.00012928665283454345,7.679027464940014
-3.910740123635011e-05,16.692497049921293
4.127429970199999e-05,24.719975255799923
0.00010665453985970466,31.242479942866932
0.00015517980569844587,36.07850751845241
0.0001884823688936145,39.394604452072926
0.00021044223023291447,41.57987166158644
0.00022515045471646242,43.04286497293489
0.0002345220128723151,43.97475065344526
0.00023675025638478947,44.19628903957976
0.00023033628784020803,43.55489218512161
0.0002164455983922901,42.16582324032983
0.00019942504399860728,40.46376780096154
0.00018509385550870066,39.03064895197089
0.00017825474603632232,38.346738004733055
0.0001803169990778507,38.55204142261136
0.0001895746624276972,39.47360814976502
0.00020293559631420218,40.80329126675124
0.0002181641425774987,42.31832086322074
0.00023738674368124405,44.229884816988516
0.00026182360365514454,46.6585950527366
0.0002900265543361254,49.459588575582295
0.0003162624066081871,52.0631719822911
0.0003317989930368418,53.60401348387938
0.0003326510987216888,53.6884996201844
0.0003277688290331265,53.20027265132816
0.000320408160098275,52.464205757843025
0.0002913240579979616,49.555795547811684
0.00022707027347273383,43.130417095288905
0.0001374220199634694,34.16559174436246
4.302585864831703e-05,24.725975612847222
-4.0269736646105026e-05,16.396416083405015
-0.00010773798038341833,9.649591709673684
-0.00016518922432266363,3.9044673157491534
-0.0002230151137637952,-1.8781173072789648
-0.000287271834733914,-8.303356900504893
-0.00035501925334562815,-15.075633439931131
-0.00041548387693891094,-21.116720674735053
-0.00045719329419516877,-25.281515130331265
-0.000475719097734544,-27.13059748624492
-0.00047574688914827116,-27.13337099574357
-0.0004682341272627996,-26.382094807196417
-0.0004642981025142578,-25.98849233234223
-0.0004693019285328715,-26.487928136888815
-0.0004815452304286343,-27.709783015016836
-0.0004946985403210745,-29.022193968862407
-0.0005025337618764274,-29.8038431348427
-0.0005025507747479949,-29.8055402439388
-0.0004976252085144475,-29.312983620584063
-0.0004940165654623743,-28.95211931537675
-0.0004974852656906951,-29.298176701518763
-0.0005103565380094098,-30.582113054958512
-0.0005301861804044805,-32.55959816068981
-0.00055181599859995,-34.715778208097646
-0.000570395648922281,-36.56717055626977
-0.0005838572041132685,-37.90812049790218
-0.0005930707066047706,-38.82568493650974
-0.000599984491067095,-39.51410040958663
-0.0006051733158719273,-40.03068912599783
-0.0006063345272064852,-40.14628861968652
-0.0005989928391836429,-39.41211981740229
-0.0005788456711202419,-37.39740301106218
-0.0005439791001495642,-33.91074591399441
-0.0004958849213822641,-29.101328037264413
-0.00043899890504116887,-23.41272640315488
-0.00037869846194145624,-17.38268209318362
-0.0003192785458381919,-11.440690482857187
-0.00026265189232702545,-5.7780251317405416
-0.000208890200884565,-0.40185612638900975
-0.0001575418737051793,4.7328279346190225
-0.00010875338593421883,9.610791011655394
-6.37096141888892e-05,14.11311663334496
-2.405305202091688e-05,18.07555560678789
8.902120796532855e-06,21.367124125209102
3.518955228966386e-05,23.991740111951746
5.618192404834698e-05,26.08698246270482
7.386112669724191e-05,27.85101451053862
8.976389093453378e-05,29.437356406169208
0.00010436184690051457,30.893155530029155
0.00011720775767571502,32.173910601287666
0.00012752448155873257,33.20227731177333
0.00013493094271033214,33.94042288663633
0.0001402660526285241,34.47206521419113
0.00014550650938676183,34.994219447044635
0.00015298412101505466,35.73918410409844
0.00016433542768237117,36.869845334474576
0.00017983397149678998,38.413147266500346
0.00019853452170556608,40.27457684057066
0.0002183971827576306,42.25078097050289
0.00023715177534074832,44.11584900467056
0.00025286947955317416,45.67821689881182
0.0002643807069928818,46.822038527458716
0.0002709663088866152,47.47626017583778
0.00027185952016976767,47.56498368963744
0.0002663612050004171,47.015152172702386
0.0002538661571686158,45.76564738952226
0.00023412493848898167,43.791525521558846
0.0002073557416115531,41.11460583381599
0.0001744599954268697,37.82503121534766
0.00013699831578781733,34.078863251442414
9.663016574753331e-05,30.042048247414012
5.470058089803139e-05,25.849089762463823
1.216286437393496e-05,21.595318110054183
-3.029542900693251e-05,17.349488771967433
-7.206373595060336e-05,13.172658077600348
-0.0001126335925515965,9.115672417501035
-0.00015121931699401748,5.257099973258937
-0.00018675267705611917,1.7037639670487683
