Desplacment,Force
0.0,0.0
1.1906541678776606e-06,0.11906536503546748
3.639107858835631e-06,0.3639093082880143
5.397277212812181e-06,0.5397229007784607
5.4010223043412374e-06,0.5400973998898477
3.919875628522198e-06,0.39198273230794367
2.2093579117188848e-06,0.22093096062761236
1.642822102039959e-06,0.1642773796597198
2.683943988689069e-06,0.2683891115056516
4.660567430967452e-06,0.46604894483307
6.173969882158508e-06,0.6173850783718566
5.7662270191222995e-06,0.5766107920682357
2.5908419004913505e-06,0.2590722802051409
-3.1625089342407503e-06,-0.31626189223202356
-1.0362832683114062e-05,-1.0362611172029972
-1.786761345902841e-05,-1.7865984390420961
-2.517752084373062e-05,-2.51727482217963
-3.24221661867703e-05,-3.2411840333740503
-3.987226800797966e-05,-3.9852964171259586
-4.750253460077124e-05,-4.746981791668443
-5.492760989790225e-05,-5.487697780313114
-6.11117262647771e-05,-6.104196891322088
-6.481663529039567e-05,-6.473339772413128
-6.532484879127728e-05,-6.52396371922838
-6.302985643645845e-05,-6.294464483746498
-5.9097209317580596e-05,-5.901199771858711
-5.462301124736885e-05,-5.453779964837537
-5.057284054250198e-05,-5.048762894350849
-4.743098069884819e-05,-4.73457690998547
-4.5345799208285e-05,-4.526058760929152
-4.428849378620119e-05,-4.420328218720771
-4.375075129452577e-05,-4.3665539695532285
-4.264533468392719e-05,-4.2560123084933705
-3.988650598789079e-05,-3.980129438889731
-3.4952621748307746e-05,-3.4867410149314266
-2.7833781444072234e-05,-2.7748569845078754
-1.9109379493795342e-05,-1.9024167894801862
-9.272265346465094e-06,-0.9187053747471615
1.4935052102739432e-06,0.1578712682164471
1.3019862649134307e-05,1.3104380893804697
2.4972296413963786e-05,2.5052680953777657
3.6371744184016244e-05,3.644210071411995
4.5867445778382645e-05,4.5922921936357515
5.251876686633459e-05,5.2559385461150745
5.693777215685838e-05,5.696619401327853
6.0387629595277e-05,6.040511955141366
6.414608694339608e-05,6.4150164528382705
6.903383186637933e-05,6.901796887977046
7.474123714605248e-05,7.469825326612938
8.152870554633197e-05,8.144764504067826
9.058972581767076e-05,9.04470471203343
0.00010334136133808356,10.308870441423878
0.00012032857980327293,11.98813759509044
0.00013989329528786587,13.914373562667656
0.00015802920856953774,15.691378332850379
0.0001704096960108583,16.899188174588833
0.00017448053849856678,17.29533231122844
0.00017007440581186646,16.85471904255841
0.00015904220752613422,15.751499213985186
0.0001443037851869779,14.277656980069555
0.00012923796222915972,12.771074684287735
0.00011566573751582514,11.413852212954277
0.0001037181471192432,10.219093173296084
9.287724405799784e-05,9.135002867171547
8.307397931048245e-05,8.154676392420008
7.582983587697881e-05,7.430262049069645
7.365185077671715e-05,7.212463539043479
7.84232450819178e-05,7.687169501943835
8.965752675840413e-05,8.803569805165614
0.0001045240489235875,10.27776310009303
0.00011914429451560993,11.723506259707575
0.00012962183615775698,12.756827110633939
0.00013335910221745411,13.124802360728628
0.0001296862578152575,12.757517920508967
0.00011971742368286184,11.760634507269401
0.00010498335465977572,10.287227604960789
8.599101332541076e-05,8.387993471524291
6.315766168247772e-05,6.104658307230989
3.7780943279735396e-05,3.566986466956755
1.0819988401411831e-05,0.8708909791243984
-1.8404060000764433e-05,-2.0512602948526784
-5.029460473395234e-05,-5.236157301437377
-8.411482113338603e-05,-8.602958683062898
-0.00011864314940170774,-12.021660428155837
-0.0001528501913768615,-15.382939099384263
-0.00018698475042643782,-18.704850189763572
-0.00022243377867578134,-22.11359540956182
-0.00026055610537920596,-25.724863408361564
-0.00030141319475077583,-29.523512021235813
-0.00034309937621593517,-33.313593066501426
-0.0003822320030279387,-36.78508389650606
-0.0004149409615317962,-39.617773906866475
-0.00043799348751994875,-41.57455301881933
-0.00045043904593349617,-42.61692845356526
-0.0004537553662539929,-42.89299785926648
-0.00045085920763104285,-42.60338199697148
-0.00044468619064823864,-41.98608029869105
-0.00043719440604318856,-41.236901838186036
-0.0004292858403097357,-40.446045264840755
-0.0004214375030877189,-39.66121154263907
-0.00041507762400419616,-39.025223634286796
-0.0004115291850473681,-38.67037973860399
-0.0004113208345011713,-38.64954468398431
-0.00041426744412369237,-38.90361530140618
-0.00041960656485439085,-39.3626239536128
-0.0004263297742337247,-39.93812080780934
-0.00043305437971217397,-40.51092147044628
-0.00043905806872766373,-41.01991433621763
-0.0004443258458524216,-41.46463693673292
-0.00044918421345005135,-41.873227871463854
-0.0004540738872339523,-42.28292315948868
-0.00045794062404390623,-42.60581709369097
-0.0004581856243083874,-42.62624337934701
-0.0004516388209061209,-41.97156303912037
-0.00043620593730318554,-40.428274678826824
-0.0004116634279811671,-37.97402374662499
-0.0003795405076899662,-34.7617317175049
-0.00034238905588269335,-31.046586536777614
-0.0003026199557638247,-27.069676524890745
-0.0002616880428790114,-22.97648523640942
-0.00021986785514028733,-18.79446646253701
-0.00017709812723387845,-14.517493671896123
-0.00013380588913666699,-10.188269862174979
-9.021970485135633e-05,-5.829651433643912
-4.466196173582915e-05,-1.2738771220911944
3.6845743384960036e-06,3.5593270017093515
5.424778926271345e-05,8.596907946556417
0.00010585095285362437,13.69614112254637
0.000158365416635876,18.8172842606178
0.00021256701414061998,24.005668220449625
0.0002695861107095236,29.330770349474435
0.0003299654860126988,34.79352948927712
0.0003924203122789545,40.226620802722444
0.000454628308626037,45.39569725364808
0.0005136497335011096,50.06024352917487
0.000565927192442584,53.98814550142579
0.0006058599281091149,56.856537241906445
0.0006299369611233904,58.530193765809244
0.0006377514245023677,59.06434364060823
0.0006305300311668852,58.34220430705997
0.0006097220285429301,56.261404044664474
0.000573900765897401,52.67927778011156
0.0005189599512114405,47.18519631151551
0.0004412723448458847,39.41643567495993
0.0003413099862405889,29.42019981443035
0.00022516089347772387,17.805290538143847
0.00010319168070757866,5.6083692611293285
-1.3336657986433438e-05,-6.037525334446163
-0.00011589190976726348,-16.165308078255435
-0.0002006868127965084,-24.315925441876864
-0.0002680802853077117,-30.581354316613858
-0.0003208181739537384,-35.32361173436002
-0.00036198537322600403,-38.915356260959406
-0.00039303325330660284,-41.55576897349808
-0.0004134368060854833,-43.2575209319383
-0.00042435391165570924,-44.156898921188855
-0.0004321310365015952,-44.792786482192575
-0.0004434477431225978,-45.71086306751116
-0.00046176325959584104,-47.178381521926156
-0.00048717974098392344,-49.17673344969445
-0.0005180658735525189,-51.544455344982055
-0.000552735009912318,-54.12156552305702
-0.000591006772691178,-56.86613352709905
-0.0006341812851100927,-59.83482334372023
-0.0006839809662074556,-63.09086473650414
-0.0007407759325960055,-66.58571643747287
-0.0008023009414469249,-70.11319597578577
-0.0008641636558533918,-73.39659204507802
-0.000920958707638466,-76.1870116189179
-0.0009665505348728206,-78.27816551489833
-0.0009930327585003348,-79.43418250800332
-0.0009948679588473272,-79.51273331236109
-0.0009697500858488052,-77.00094601250889
-0.0009174194338269436,-71.76788081032272
-0.0008374843878427298,-63.77437621190135
-0.0007284498907947327,-52.870926507101636
-0.0005887858084612498,-38.90451827375334
-0.0004185492440720798,-21.880861834836345
-0.00022146571506580454,-2.1725089342088175
-5.794492740303152e-06,19.152805665865106
0.00021650283272225599,39.45928898458042
0.00043382964390199704,56.40497450206227
0.0006379048564933783,69.24866757402881
0.0008243967621192238,78.47253127740781
0.0009930774758038275,85.00665321312496
0.0011434194220398908,89.62037579794222
0.0012730288395960323,92.84423378781305
0.0013781755349577174,95.03429895692791
0.0014564028452189715,96.45359057995202
0.0015088516898498485,97.31684207499141
0.0015410513983372838,97.81472097139572
0.0015615432338921174,98.11958658769912
0.0015788998291550826,98.37080061058646
0.0015993324561197348,98.65856838918334
0.0016250299836480843,99.00868860039239
0.0016545834261347695,99.39578601565594
0.001684487827989961,99.77135292049947
0.0017108277703114794,100.08937209292928
0.001730616091536549,100.32075736137001
0.0017414852821108575,100.44519236526513
0.001741048031346321,100.40146728881146
0.0017259242614471833,98.88909029889771
0.0016918199066583823,95.47865482001758
0.0016351581960846598,89.81248376264534
0.0015542816587855793,81.72483003273729
0.0014487993178051344,71.1765959346928
0.0013162979931523465,57.92646346941402
0.0011574418453598008,42.04084869015944
0.0009762964037898119,23.92630453316055
0.0007774067013618767,4.03733429036703
0.0005621905419462338,-17.251354432961495
0.00032824254776887764,-38.57706201996319
7.129754879299695e-05,-58.086151405479406
-0.00021185247974076895,-74.14831622604717
-0.0005200719119126218,-85.95219606460657
-0.0008463425955948431,-93.78790143473748
-0.0011788648360065324,-98.68242879778006
-0.0015027285206950687,-101.7178531926386
-0.0018034279882803322,-103.67741202906699
-0.0020687529917830455,-105.01377491868101
-0.0022897690258366363,-105.95737680987594
-0.00246190822069924,-106.62267417213475
-0.002583851359046981,-107.06761391064451
-0.0026558360823075995,-107.32219552145794
-0.0026751643573952157,-107.38966468250015
-0.0026431489304409466,-104.18812198707325
-0.0025673740570397274,-96.61063464695133
-0.0024595916533690925,-85.83239427988784
-0.002330915399130792,-72.96476885605779
-0.0021883271410907995,-58.70594305205854
-0.002033690452146447,-43.24227415762328
-0.0018630595573845348,-26.17918468143207
-0.0016707438957800473,-6.947618520983316
-0.0014547347475359646,14.42593834935317
-0.0012194867542436917,35.880432281268426
-0.0009769824762224614,54.42305381907086
-0.0007426278198693738,68.3532594727046
-0.0005311502141419227,77.79189230460133
-0.000353924131597772,83.7896385078469
-0.00021469492742402376,87.5112505400392
-0.0001104244698250904,89.82963257046646
-3.7151026602812276e-05,91.25429081973623
-1.3071749263356688e-06,91.8963050352047
-3.33431056279154e-06,91.42217212938667
-3.2647761347050475e-05,88.49082705096077
-6.989281188601366e-05,84.76632199706447
-8.890310342666866e-05,82.86529284299895
-7.797465493236655e-05,83.21697159586003
-4.181400761356814e-05,84.3408834665576
2.6318928822404366e-06,85.64197350479877
4.0303328192835494e-05,86.67898848402987
6.872665236685932e-05,87.42348870627278
0.00010234216217754119,88.2638351223171
0.0001680773460580622,89.78898093716148
0.0002921227998850044,92.28623368860629
0.0004883376418622036,95.40562168087257
0.0007486545461065506,98.4027438577516
0.0010526331691912405,100.84330533613198
0.0013766976081843246,102.71231877540879
0.0016979528113272857,104.15284792951702
0.0019954810135028264,105.28813548328391
0.002249262195841566,106.17027171449597
0.002440491434161031,106.80276623630152
0.0025545763318858272,107.17099576301274
0.0025862535764462607,107.26407266275268
0.002537265099494444,102.36522496757098
0.0024146549514410236,90.10421016222897
0.002231304592248675,71.76917424299411
0.0020058376256315708,49.22247758128369
0.0017620989747229188,24.8486124904185
0.0015269139745811293,1.3320900345901612
0.0013252193806462154,-18.447793253231065
0.001175669603712813,-32.139946217080606
0.0010864979736608638,-39.702998820129935
0.0010543767441343877,-42.300966419252255
0.001066420633964389,-41.09657743625212
0.0011038557853816273,-37.353062294528286
0.001147504476265267,-32.988193206164325
0.0011825870156322437,-29.479939269466655
0.001201020418651138,-27.636598967577225
0.001200268898135603,-27.704566173002334
0.0011837651475314073,-29.18945369054512
0.001157498715256029,-31.521412191668997
0.001125274770892107,-34.32729481617767
0.001084712783311476,-37.76847073654098
0.0010278506882296207,-42.41264662421749
0.0009436742384192413,-48.880380431568035
0.000822137191686717,-57.322927560539895
0.0006570124364405402,-67.08996954015792
0.00044628043251700075,-76.90195679941746
0.00019179669942467632,-85.44483004290244
-0.00010111764693429833,-91.9929901339095
-0.0004209845611122759,-96.54113483291711
-0.0007528544652066193,-99.57576440291771
-0.0010780638553198277,-101.62131928876228
-0.0013750671984888185,-103.04833898875451
-0.0016217414585631249,-104.05047931692813
-0.001798503779612937,-104.70479042969467
-0.001892494318842302,-105.03729124470222
-0.0019011759770219737,-104.49784789177872
-0.0018355949454571365,-97.939744735295
-0.0017146391853211985,-85.8441687217012
-0.001558685765603659,-70.24882674994726
-0.0013853837334001319,-52.91862352959454
-0.0012099422239809036,-35.374472587671704
-0.0010460083216207866,-18.981082351660007
-0.0009055790220269905,-4.938152392280392
-0.0008023427263811871,5.369608189717594
-0.0007487109438266423,10.675425563578834
-0.0007499106270264915,10.54497554211777
-0.0007995818650541258,5.5778517393543385
-0.0008806025312963638,-2.5242148848694557
-0.0009699254954559005,-11.435597778259472
-0.0010465812507812762,-18.98633548392105
-0.0010980381785230578,-23.963232250455597
-0.0011225866758862446,-26.303882835141234
-0.0011281330296267602,-26.829357272989007
-0.0011226042663110961,-26.27648094142261
-0.001108458345129992,-24.86188882331219
-0.0010815501393016697,-22.17106824047997
-0.0010355333181917077,-17.569386129483767
-0.0009677737538126441,-10.793429691577408
-0.0008819431602206863,-2.2103968501176148
-0.0007851637109161369,7.4358263570443
-0.0006801758299484975,17.70156720283525
-0.0005672576837948266,28.29827623590026
-0.0004452943134854155,39.00313668414385
-0.0003117540807678292,49.63631779498018
-0.0001643587274381707,59.90700101637488
-5.615851038087762e-06,69.22098700773503
0.00015189963593108583,76.77950115696929
0.0002952395397563874,82.36580203727513
0.00041561109675288557,86.23797428013228
0.000508278912120219,88.78050376286433
0.0005690750977867537,90.26606357424288
0.0005929242239758038,90.81261678888099
0.0005747879804026243,88.99899243156304
0.0005114068121313673,82.66087560443734
0.0004052978171160756,72.04997610290816
0.0002676941441959782,58.28960881089842
0.00012155722265339242,43.67591665663984
-1.049446206718507e-05,30.470748184582096
-0.00011325761365691081,20.19443302560952
-0.0001793032433687645,13.589870054424148
-0.00020515180533509612,11.005013857790987
-0.00018743280689590582,12.749950122117811
-0.00012186994219744778,19.131482827830865
-6.8195745242551325e-06,29.935877263654692
0.00014910382678508537,43.46379937336008
0.00033281815058846804,57.34061104396134
0.000528993022002613,69.4810539630335
0.0007213759551994233,78.82796049471439
0.0008932507976720303,85.31539200087238
0.0010282039750486689,89.38165916913147
0.0011120823959261464,91.52493419958581
0.001136037551931089,92.08892233633772
0.0011017213669707742,88.65730384030624
0.0010147541075738763,79.96057790061646
0.0008822910400984921,66.71427115307804
0.0007135958991576518,49.844757058994
0.0005217396710225017,30.659134245478995
0.0003233300874267758,10.818175885906408
0.00013459660780991601,-8.033169041596816
-2.731943429532798e-05,-23.781908244877172
-0.00014776372442162975,-34.81819458187937
-0.00021873138017105794,-40.94474587108603
-0.00024140577568611997,-42.83581814673085
-0.00022547643034402282,-41.24288361252114
-0.00018491131739800738,-37.186372317919584
-0.0001333273137481146,-32.02797195293031
-7.845503800702241e-05,-26.54074437882109
-2.4421834922653362e-05,-21.13742407038418
2.601405713349457e-05,-16.093834864769388
7.119208431881837e-05,-11.576032146237006
0.00011049689172452993,-7.6455514056658505
0.00014362844544826036,-4.332396033292807
0.00016851762466126913,-1.8434781119919297
0.00018493683835021495,-0.20155674309734803
0.00019431153738849846,0.7359128032788682
0.0001968952558764191,0.9942825637985396
0.000189181388519897,0.22289732102334128
0.00016289752980101622,-2.404675796152079
0.00010775339084972549,-7.901138304304455
1.5976500572201844e-05,-16.9302493971172
-0.00011295880224327288,-29.14520028179828
-0.00026992581474696056,-42.87918814885118
-0.0004363579782751852,-55.692146558322236
-0.0005924568455426668,-65.90524845503826
-0.0007224940156878844,-73.0909850204903
-0.0008163044689225483,-77.57407781052356
-0.0008678590424823834,-79.80479984142713
-0.0008734829181244467,-79.83721437177873
-0.0008314818282016271,-75.63710537949677
-0.0007444795674208745,-66.93687930142151
-0.0006232572731872887,-54.81464987806293
-0.00048184151701074205,-40.673074260408264
-0.0003353502015397057,-26.02394271330463
-0.00019884648773879274,-12.373571333213334
-8.679687880945382e-05,-1.1686104402794404
-1.147131121997179e-05,6.355193377536609
1.9134456579022986e-05,9.397041829129206
2.054254557179417e-06,7.689021626944848
-6.0037356964624155e-05,1.4798604747644917
-0.00015886994788622257,-8.386990296616919
-0.0002807888083215031,-20.340652651396027
-0.00041255141564003117,-32.66229372073129
-0.0005445473403399008,-44.0800283117564
-0.0006705237593535736,-53.91699393312114
-0.0007866246905121859,-61.98182630882166
-0.0008873854185310799,-68.1905769082211
-0.0009645385696570572,-72.46007450497906
-0.0010096129298458073,-74.76708692385323
-0.0010175135365436388,-75.11670356415215
-0.000988225176243555,-72.18786753414378
-0.0009254312369885406,-65.90847360864232
-0.000836926261270689,-57.05797603685717
-0.0007318413790910508,-46.549487818893354
-0.0006171393711694317,-35.07928702673145
-0.000495768335090695,-22.942183418857784
-0.0003679870696345805,-10.16405687324633
-0.0002345247824438802,3.178888573449114
-9.946224869215528e-05,16.524344195687075
2.8902656762128184e-05,28.69553805521683
0.00014004824842758627,38.58640675864698
0.00022381711363601964,45.54589088390674
0.0002736702253968912,49.46442666397563
0.0002874665438647647,50.51822972042415
0.0002657182828964844,48.343403623596124
0.00020804769826383499,42.57634516033118
0.00011639073406258829,33.41064874020651
-3.5866081056888468e-06,21.412914523378795
-0.0001434031141902425,7.431263914923427
-0.00029314703764837227,-7.53229470314153
-0.00044296917183196183,-22.210173290600203
-0.0005841266588511868,-35.28021903838166
-0.0007096024404330512,-45.97335452358997
-0.0008141450455056202,-54.086594800810516
-0.0008939116910682042,-59.75398537074803
-0.0009464179578632332,-63.232524629546774
-0.0009702172008301437,-64.74338903541894
-0.0009650953125845051,-64.23120021085508
-0.0009329766511619065,-61.01933406859523
-0.0008781491002839833,-55.53657898080291
-0.000805626839540602,-48.284352906464775
-0.0007176834660290332,-39.490015555307885
-0.0006183132394817825,-29.55299290058282
-0.0005144827308746865,-19.16994203987322
-0.00041338511699075205,-9.060180651479776
-0.0003192622527397974,0.3518426462875783
-0.00023419518670291244,8.829366528340385
-0.00016129883986927212,15.995396662620239
-0.00010080129669330469,21.8229856708431
-5.038638952576277e-05,26.569413907606847
-7.4226615492971996e-06,30.520780209566716
2.812108111147562e-05,33.71698748152924
5.392156011949023e-05,35.99262680181272
6.727968604968511e-05,37.155469837223386
6.603682375553986e-05,37.03118360780886
5.0249922490324125e-05,35.45249348128729
2.486630728041747e-05,32.91413196029662
3.1463811210345933e-06,30.74213934435834
-3.3686057948136784e-06,30.090640652773512
1.0871532702788752e-05,31.38320688284996
4.6486954703571964e-05,34.567721374466274
0.0001038567122131131,39.54221661931586
0.00018617906473523258,46.31585371529187
0.00029864072826240977,54.81688475084426
0.00044711991821500685,64.64480272678158
0.000633191526436594,74.75745364057569
0.0008483040656939569,83.71048194311511
0.001068305809056583,90.39806643169514
0.0012678874170864696,94.82386704466786
0.0014291728661319674,97.5498770625834
0.0015433712994516286,99.12609977175289
0.0016108804765236956,99.94466062169849
0.0016297705579927323,100.16032409158669
0.0015914461698722045,96.3278852795339
0.0014851780439936108,85.70107269167453
0.0013087644792029514,68.05971621260858
0.0010743432166610506,44.61758995841851
0.0008084479457706579,18.02806286937924
0.0005449064807369864,-8.293932751064483
0.0003137050321313897,-30.352045056548352
0.00013273269816093248,-45.74121143365533
5.026169433926222e-06,-55.279570864497515
-7.653188114092501e-05,-60.75600446648283
-0.0001222993388319429,-63.61808877582247
-0.00014348040248193228,-64.89178231792758
-0.00015502034186134047,-65.57228959303114
-0.00016775416903581529,-66.3122716632371
-0.00018690792591820218,-67.40386939016098
-0.00021534490176700608,-68.97745623461067
-0.00025791832402429643,-71.22990006744696
-0.0003221723536815212,-74.40149443490873
-0.0004161478268999189,-78.57170251985819
-0.0005426786952716031,-83.38301295335702
-0.0006928657153307435,-88.05209184978327
-0.0008552819371467496,-92.04960631666052
-0.0010210057793976763,-95.23625899122895
-0.0011857598789985887,-97.71635991779587
-0.001347537604891756,-99.64568919787348
-0.0015030454840886866,-101.14401475744589
-0.0016453798687100986,-102.28352570100724
-0.0017645000144498742,-103.10548161399397
-0.0018519770311360834,-103.6476832398077
-0.0018974809000580207,-103.91220100596222
-0.001889904363832566,-103.15454738341676
-0.001822632252265187,-96.42733622667888
-0.001698553727343289,-84.01948373448906
-0.0015294176806224255,-67.1058790624027
-0.0013293802984958422,-47.10214084974437
-0.0011154285436254547,-25.70696536270561
-0.0009040439552666617,-4.568506526826308
-0.000707080723045871,14.958102312823538
-0.0005289222145760555,31.624342002564784
-0.00036737771075707093,45.239935150763685
-0.00021697220533654243,56.3223481338696
-7.107877848406984e-05,65.51209792895634
7.56410930236815e-05,73.25038090416247
0.0002255106818538212,79.73605735700882
0.00037600760782058437,84.9961052738629
0.0005236190054332683,89.13445307427573
0.0006655452239872621,92.33427939706802
0.0007984482991914146,94.77107107911692
0.000917529906521802,96.58259400015234
0.0010181775597193046,97.88900716592616
0.001099095837764362,98.81397966768382
0.001160350805011141,99.44983732115445
0.001204071534644644,99.87335200592102
0.0012356052109356735,100.16437470568899
0.0012645733218432118,100.42171070293868
0.0013023425916493677,100.7436712662749
0.001358733991960409,101.1978741966415
0.0014401953687395257,101.80366176290565
0.0015479437961220142,102.52634604557896
0.0016770174550488654,103.2953242023011
0.00181412118288664,104.02074855923877
0.0019447401640652292,104.64376225933479
0.0020569165612852247,105.13721375189925
0.0021411095046341695,105.48711039913275
0.0021894465461451433,105.68122846102358
0.0021969276527096042,105.52587049292313
0.002165601423594622,102.39324758142492
0.002096207987178088,95.45390393977151
0.001985680468779085,84.4011520998712
0.001831999444619974,69.03304968396009
0.0016411668523436164,49.94979045632433
0.001430198388506396,28.852944072602295
0.0012232893871758136,8.162043939544045
0.0010432280857788998,-9.773919089886776
0.0009000382057907555,-23.532752125771584
0.0007922138309685568,-33.29417370676508
0.0007097937421184002,-40.30215538561498
0.0006388186618696823,-45.98083881699064
0.0005656087745751794,-51.470366074994104
0.00047896843179318744,-57.468205854303086
0.0003708513622126006,-64.1905812191389
0.00023653753036924732,-71.40006691557926
7.595507064726351e-05,-78.49305354424017
-0.00010888662239961061,-84.88548584847706
-0.00031384783746123764,-90.19633537213618
-0.0005315178527085407,-94.30311853557878
-0.0007510711644607166,-97.30797747075927
-0.0009601746857719197,-99.43626923153941
-0.001147690825787589,-100.92376296858444
-0.001306487950896842,-101.96257848607878
-0.0014352053228497434,-102.69440865271825
-0.0015377550067361067,-103.22234623770909
-0.001621410235874944,-103.62340952625887
-0.0016945542129814843,-103.95561577818935
-0.0017667875028061029,-104.26908488789425
-0.001844448288989282,-104.59207390815554
-0.0019299306453406295,-104.93313144614466
-0.0020227033330429993,-105.28872204815094
-0.00212072134698613,-105.65063544688086
-0.002221103784030668,-106.00911013433638
-0.002318562045392697,-106.34740899728735
-0.002405014333692049,-106.64082682971096
-0.0024708852395214547,-106.86080942774889
-0.002510960564701084,-106.99330780954017
-0.002525357921652502,-107.04068047851658
-0.0025164305178429244,-106.14794009755883
-0.002486231617191858,-103.1280500324522
-0.002436287900767185,-98.13367838998487
-0.002368225220139339,-91.32741032720027
-0.0022822120183607283,-82.72609014933921
-0.002176227069109381,-72.12759522420451
-0.0020482172058722417,-59.32660890049056
-0.0018986575599513607,-44.37064430840245
-0.0017315252113127779,-27.657409444544168
-0.0015528152415333293,-9.786412466599312
-0.0013691650589456187,8.51360810744563
-0.001186848607209547,25.905627951204227
-0.0010075812543177268,41.3873028094029
-0.0008275160959373139,54.785045990540475
-0.000643456115650791,66.06889022577752
-0.00045721563326764716,75.12833970574275
-0.00027445230132232084,82.01501121997897
-0.00010100199564270402,87.04741728854933
6.0557406320887164e-05,90.69083206208111
0.00021316190188830543,93.4086139731262
0.00036227972357493995,95.5359330062152
0.0005126526749246444,97.272197426291
0.0006659632936722725,98.7184999998055
0.0008205843448608835,99.92601090903815
0.0009736177416847113,100.9341368011423
0.0011229812635711897,101.78325867433979
0.0012679619229931335,102.51142406212112
0.0014070277085311584,103.14240750217054
0.0015397545649627395,103.69743213053705
0.00166618526449566,104.1929353184744
0.0017848980497825453,104.63508030075448
0.0018921696626956806,105.01928238254355
0.0019830797092520447,105.33560580321559
0.0020546150724324295,105.57949197874898
0.002103408641233809,105.74363260772533
0.002125110912929568,105.81611327181331
0.002116052170339047,104.91023901276122
0.002075552635285622,100.86028550741874
0.0020071537860777687,94.02040058663341
0.0019169923165490287,85.0042536337594
0.0018144198502361086,74.7470070024674
0.0017095353347023339,64.25855544908994
0.0016105364004500237,54.35866202385892
0.0015220342987588699,45.50845185474354
0.0014417235003903557,37.477372017892115
0.0013617339520446518,29.47841718332174
0.0012724791196347138,20.55293394232793
0.001167760005142716,10.081022493128154
0.0010468340213607835,-2.0063460984599804
0.0009135560482531923,-15.142757387803476
0.0007741753195514949,-28.257751219747735
0.0006339293063394631,-40.43429391529031
0.0004952516968583294,-51.2143448003405
0.0003566365110185735,-60.616083936007044
0.000217052946882287,-68.69051478899289
7.797738593111693e-05,-75.42645532522378
-5.727519266899008e-05,-80.85155287435008
-0.00018520968037987208,-85.09481776370704
-0.0003073735864157019,-88.45927606690368
-0.0004310517104725834,-91.29021615043865
-0.0005661792830945553,-93.8368613643136
-0.0007202009150387053,-96.18135287007695
-0.0008931883437388257,-98.26715117958717
-0.0010771707616442894,-100.01374387183995
-0.0012584274448265897,-101.39065001266894
-0.0014219643291113978,-102.42180672297188
-0.0015563513011793372,-103.15832242558609
-0.0016562088934830574,-103.65535434608051
-0.0017218658534903827,-103.96290261249665
-0.0017567340829723165,-104.1207731597693
-0.001765188286160053,-104.15851904308336
-0.001751056390183005,-102.74532944537856
-0.0017176640372955788,-99.40609415663594
-0.0016685282150747242,-94.49251193455049
-0.0016078494482047857,-88.42463524755664
-0.0015411422236619955,-81.75391279327764
-0.0014729406787369636,-74.93375830077444
-0.0014052337661192911,-68.16306703900719
-0.0013369958686692788,-61.33927729400594
-0.0012650180164547329,-54.14149207255136
-0.001185985884054848,-46.23827883256288
-0.001098041623694046,-37.443852796482666
-0.00100168447981943,-27.80813840902106
-0.0008984731170625323,-17.487002133331295
-0.0007916203459099073,-6.801725018068795
-0.000684831702943733,3.870624962506112
-0.0005803494981315971,14.187940544305176
-0.0004777925282506751,24.005768195586104
-0.00037387969896631444,33.47185549194674
-0.0002635868265183201,42.83906579656129
-0.00014290394451059712,52.15923642696697
-1.1729985630088182e-05,61.106946224685665
0.00012917623510990878,69.34109142249972
0.0002804147557876415,76.68319002781429
0.0004416415388326091,82.9952158057079
0.0006097821261460446,88.17619190827479
0.0007793262692282834,92.23320355902113
0.0009435410013476977,95.28994700012205
0.0010956493111493615,97.53066997449551
0.001230288443162802,99.14692530926752
0.0013442294725173692,100.30189367406594
0.0014366346046121895,101.12188761985558
0.0015086401086041401,101.69975774788149
0.0015628711411899898,102.1041121593592
0.0016019712457666655,102.38079988726275
0.0016278200492616855,102.5573746002643
0.0016417152956152599,102.65030815062036
0.0016448807767245558,102.6712903396691
0.0016387035120380353,102.05356387101703
0.0016248711646669716,100.67032913391067
0.0016046958734099459,98.6528000082081
0.001578309871408554,96.01419980806891
0.0015443498963759936,92.61820230481287
0.0015003512941546193,88.21834208267545
0.001443404404091914,82.5236530764049
0.0013699895741699944,75.18217008421296
0.0012797377806365445,66.15699073086795
0.0011757020302341065,55.75341569062415
0.0010627003008496926,44.45324275218277
0.0009445070038174519,32.633913048958696
0.0008219396093087239,20.377173598085886
0.0006930601029248173,7.489222959695234
0.0005549777158483296,-6.30319379210921
0.00040757391870905403,-20.69616425087958
0.0002517933122687184,-34.975637362664145
8.884563906713615e-05,-48.39234465743484
-7.910075529191985e-05,-60.287920909948184
-0.00024845867250725085,-70.22978329629557
-0.0004147254588106773,-78.1104730350579
-0.0005745229595190815,-84.14818603616247
-0.0007233460521766081,-88.63383340525766
-0.0008557415103126412,-91.86466309039275
-0.0009665291067075704,-94.11440959355821
-0.0010516489641434002,-95.60641272878091
-0.0011124299241027076,-96.56248038239912
-0.001155565109549056,-97.19128437445625
-0.001190372737262549,-97.67089445669461
-0.0012244425592592909,-98.11779117824659
-0.0012613098341433318,-98.57774514201257
-0.0013003623338422832,-99.0398291313446
-0.0013376038076117625,-99.45794905103712
-0.0013680238594078102,-99.78415882657059
-0.0013876134558811972,-99.98730441343724
-0.001395647967715188,-100.06910800098201
-0.0013923238704937582,-99.73669827883903
-0.0013772318066640043,-98.22749189586364
-0.0013500241349767108,-95.50672472713428
-0.0013115986883584898,-91.6641800653122
-0.0012644222470399875,-86.94653593346196
-0.0012114260925320595,-81.64692048266916
-0.001157070439220625,-76.21135515152571
-0.001106274949475272,-71.13180617699041
-0.001061231700444393,-66.6274812739025
-0.0010192475412858122,-62.42906535804442
-0.0009731175124483858,-57.81606247430177
-0.0009133345170597117,-51.83776293543437
-0.0008321496319911513,-43.71927442857832
-0.0007262859522999762,-33.13290645946081
-0.0005974491079224285,-20.249222021706043
-0.00045085169872034726,-5.58948110149792
-0.0002926427833150476,10.187559094148765
-0.00012817358057809944,26.033324787959305
3.838247996926413e-05,40.81317438005056
0.00020260614911333868,53.66361406558592
0.0003601124970919873,64.18054186780299
0.0005068230573685869,72.38561816086046
0.0006388489482297085,78.54760726642954
0.0007532770680764758,83.04796762637001
0.0008493246646484059,86.29172168140553
0.0009296520430739884,88.67234156021694
0.000997756589689125,90.47815683979407
0.001056259011212773,91.88815605500261
0.0011059598458667236,92.99204246800795
0.0011452264436934984,93.80754433787642
0.001173386007904895,94.36341299575956
0.0011920782279877442,94.71963457361232
0.0012046429034589317,94.95353800577027
0.001214174162044161,95.12806290179864
0.0012220396210411329,95.27022624084805
0.0012271748819273254,95.36214669466231
0.0012264958311251392,95.29424161444369
0.0012169243632214326,94.33709482407303
0.0011960423744546331,92.2488959473931
0.0011630458020647928,88.94923870840906
0.0011191638036777206,84.56103886970183
0.0010671386313086666,79.35852163279644
0.0010100267095963518,73.64732946156495
0.0009500312639983611,67.64778490176587
0.0008880208611128382,61.44674461321359
0.0008237845068147106,55.023109183400834
0.0007564185542591478,48.28651392784457
0.0006847153078674148,41.11618928867126
0.0006077579503103445,33.42045353296423
0.0005249990467203193,25.144563173961707
0.0004354745328192543,16.192111783855207
0.0003371894723017264,6.363605732102415
0.0002285081619825471,-4.499755530202553
0.00010912279919443558,-16.286293275868033
-1.8707643183338104e-05,-28.41981522177038
-0.00014955660912528072,-40.008832064144144
-0.00027898277002728043,-50.41675948596752
-0.0004065472489640611,-59.52348754891582
-0.0005325982247647466,-67.36595886123527
-0.0006559007854034941,-73.95910369895658
-0.0007736527593982702,-79.33045061625654
-0.0008827200785217489,-83.57744691119547
-0.0009809212017407333,-86.86815064414235
-0.0010680148899579027,-89.41207961044601
-0.0011456790617372311,-91.41672295765805
-0.0012165087836530596,-93.05122954646633
-0.001282570129296199,-94.4261381671526
-0.0013442733213673058,-95.59275860569126
-0.0014000858908886104,-96.55933258211992
-0.0014471715706020794,-97.31491551857896
-0.001482288561688456,-97.84541521684365
-0.0015028548537585923,-98.14374141573383
-0.0015078745721285411,-98.21521618249496
-0.0014979152192867529,-97.21928089831613
-0.0014742636674589047,-94.85412571553131
-0.0014369943347915428,-91.12719244879513
-0.0013864567050110882,-86.07342947074967
-0.001323787261026133,-79.80648507225415
-0.001250467650267942,-72.47452399643504
-0.0011675852313802833,-64.18628210766917
-0.0010762085970790782,-55.04861867754867
-0.000978637061998636,-45.291465169504434
-0.0008757431311060124,-35.0020720802421
-0.0007668018995801802,-24.107948927658875
-0.0006507558640989188,-12.503345379532728
-0.0005281622886031936,-0.2443467520704176
-0.000401864487301852,12.301776029151931
-0.000276345720225007,24.377642339196584
-0.00015599287579333575,35.30369801749488
-4.2509317886368374e-05,44.83051119044552
6.370675154183693e-05,52.96086173654622
0.00016298845148927238,59.829375780931485
0.00025616683571153014,65.62632874861481
0.0003448771607849471,70.57441000463432
0.00043155627738638457,74.895735108016
0.000519040147569222,78.77488614196659
0.0006107317231423754,82.36145099425919
0.0007096850629159993,85.73444727415645
0.000817715345152382,88.89475475373405
0.0009344354627288316,91.77988925193425
0.001057061743393849,94.31107248513662
0.0011808382049533024,96.43593364506522
0.0012999699435899425,98.14700737307064
0.0014088576036288339,99.47634345338092
0.001502637883023766,100.47251526726915
0.001577670758652115,101.1855990681898
0.001632166424017189,101.66265441136517
0.001666816500639465,101.94981568931071
0.0016833544416660956,102.08272211785994
0.001683508158338484,101.91106266227992
0.0016688182677703485,100.44207360546636
0.0016413843914406317,97.69868597249469
0.0016035912227464456,93.91936910307606
0.001557190597994983,89.2793066279298
0.0015038835536870252,83.94860219713402
0.0014450907031425605,78.06931714268755
0.0013809968247263608,71.65992930106759
0.0013100158120559543,64.56182803402693
0.0012295584724759747,56.51609407602898
0.0011370931962512679,47.2695664535583
0.0010319791407467896,36.758160903110465
0.000916099057262009,25.17015255463241
0.000793252304241988,12.885477252630306
0.0006676871889380955,0.32953908453032943
0.0005423868791533022,-12.112484384119941
0.00041823803724120055,-24.049113499253735
0.00029460456987059804,-35.25491286077949
0.0001706524866291105,-45.58324405251413
4.6046443031199325e-05,-54.90902188006207
-7.874186454544601e-05,-63.126026044107434
-0.00020320839288164895,-70.21354891122971
-0.000328273361167867,-76.28400250792973
-0.0004542912286054823,-81.43422341892455
-0.0005802420896323247,-85.72931992298889
-0.000704115117733299,-89.23998019983411
-0.0008237724692401661,-92.06360343392578
-0.0009372954877457607,-94.31067355831173
-0.0010431160635145907,-96.08865049338166
-0.0011401472429248812,-97.49339286524166
-0.0012274930413297862,-98.60144777514583
-0.0013033122647276942,-99.45998409456702
-0.0013629475341343645,-100.07616107122205
-0.001402937582242155,-100.46312267961261
-0.0014224347840470783,-100.6446812985395
-0.0014225537155042377,-100.64577501001448
-0.0014044154846300208,-98.83195192259278
-0.0013682672146229347,-95.21712492188418
-0.0013131200303315338,-89.70240649274407
-0.001236794575341744,-82.06986099376508
-0.0011378213978376144,-72.17254324335214
-0.001017286483504412,-60.11905181003188
-0.0008808097289391877,-46.47137635350946
-0.0007358867884601852,-31.979082305609207
-0.0005894455837330397,-17.33496183289466
-0.0004474617421713905,-3.1365776767297335
-0.00031458806309294437,10.10560733879471
-0.00019415761272652572,21.80546660193277
-8.663065139990377e-05,31.769188531873578
6.90212433291053e-06,39.93183709991963
8.41882024975726e-05,46.26157219862702
0.0001446619046496672,50.930283265070074
0.00019167379645911465,54.38049966276051
0.0002313536168821407,57.16846607737474
0.00026744789593453,59.60517416910727
0.00030544435063134605,62.06807244128899
0.000351406008052268,64.9079807358433
0.00040859641495314547,68.2316938122147
0.0004743733069916639,71.77367584359513
0.0005409716813075285,75.06538383268048
0.0005990950556253385,77.70735457635325
0.0006399170277524012,79.44036153013121
0.0006578504738521845,80.17090540348458
0.0006529130186808815,79.6771598863543
0.000632946844099264,77.68054242819255
0.000607517520336401,75.13761005190625
0.0005837938095099258,72.76523896925873
0.0005657370662772714,70.95956464599328
0.0005550064355056757,69.88650156883372
0.0005552460456725938,69.82652393235456
0.000572794869132724,70.7738400197671
0.0006150410899078821,72.96890549308011
0.0006897781416824658,76.56554624150243
0.0007947430684710846,81.0353692129458
0.0009142741660528394,85.37613476390042
0.0010232829848720814,88.72323576626012
0.0010947424759608687,90.63953478582714
0.0011170668030082629,91.19717758015052
0.0010984186031066014,89.33235758998437
0.0010589390153213335,85.38439881145759
0.0010157744566847463,81.06794294779887
0.0009738267460355295,76.87317188287719
0.0009241506806447832,71.90556534380255
0.0008510241359478128,64.59291087410553
0.0007438404523456774,53.874542513891974
0.0006016660145350564,39.65709873282987
0.0004334220376247619,22.832701041800423
0.0002511930099379511,4.609798273119343
6.301074130068648e-05,-14.111415161376634
-0.00012770749591929393,-32.13619103632865
-0.00031971231919818166,-48.33125423121507
-0.0005090619893162208,-61.83197433300912
-0.0006869477114329499,-72.17038629737321
-0.0008396569273613316,-79.35041008849386
-0.0009528533837971346,-83.77406570839746
-0.0010174575326396102,-85.99331230971495
-0.0010333410678803946,-86.50746202553593
-0.001009280876066197,-84.10144284411616
-0.0009565615193470845,-78.82950717220491
-0.0008901605520746154,-72.189410444958
-0.0008248795060735571,-65.66130584485217
-0.000770415596131414,-60.21491485063786
-0.0007297106246637288,-56.14441770386934
-0.0006990825487335253,-53.081610110848985
-0.000671641615030593,-50.337516740555756
-0.0006421719194938899,-47.390547186885435
-0.0006136547444845854,-44.53882968595498
-0.000589100983102004,-42.08345354769685
-0.0005683621757668121,-40.00957281417766
-0.0005488921806561329,-38.06257330310974
-0.0005270411234301759,-35.877467580514036
-0.0005074739776518306,-33.920753002679504
-0.0005036025907389415,-33.53361431139059
-0.0005304904688443994,-35.93281500471252
-0.0005944017102888589,-41.46562431344301
-0.0006880701538666983,-49.10285001299331
-0.0007921392898354116,-56.87612790513794
-0.0008810485597170496,-62.8984484608733
-0.0009316599020744744,-66.07074754625762
-0.0009299691580535011,-65.90167314416028
-0.0008752371675334772,-60.42847409215789
-0.0007743462610755993,-50.3393834463701
-0.0006365269917226303,-36.557456511073205
-0.00047099949030432654,-20.004706369242825
-0.00028802269640300967,-1.7070269791111385
-0.000100598804221389,16.862417595373007
7.527629609840079e-05,33.317758025041186
0.0002222203128768157,45.78540585693386
0.00032599253572096395,53.72252520485532
0.0003806239427008623,57.59202887793533
0.00039259701318534367,58.41114475791683
0.00037595925673865853,56.74736911324832
0.00034709863201693787,53.861306641076254
0.0003204384512351741,51.195288562899876
0.0003060284869738026,49.754292136762736
0.00030876926002443387,49.96420405606356
0.0003295094506508305,51.53545544927031
0.00036723346608181487,54.314726879905905
0.00042015404977205904,58.04051865175152
0.0004849120195213179,62.322979635099834
0.0005547324763788097,66.6009237373064
0.0006225764146447006,70.42733629009568
0.0006832191770238119,73.580833086611
0.000733936380390022,76.03227717310357
0.0007741869386636859,77.8619766061671
0.000804996010588266,79.19566424348295
0.0008277457618856461,80.14437459028422
0.0008430632177780347,80.76626117296286
0.0008500337735669263,81.04483611681448
0.0008470554053198032,80.74699929210217
0.0008331864870166827,79.36010746179014
0.0008066288787408616,76.70434663420802
0.0007636661678177972,72.40807554190157
0.0007012281198330879,66.16427074343065
0.0006191171324485121,57.95317200497306
0.000521066162127149,48.14807497283675
0.00041581369530858714,37.62282829098057
0.00031115408028422193,27.156866788544047
0.00021147161703366363,17.188620463488213
0.00011804110267052202,7.845569027174052
3.0132237207221254e-05,-0.9451638764133665
-4.865198459247581e-05,-8.801735946911155
-0.00010955341853187964,-14.810421503169533
-0.000143422365765169,-18.111378208543332
-0.00014739354011952265,-18.496101518033303
-0.00012693392241686433,-16.45013974776747
-9.394615678428691e-05,-13.151363184509728
-6.382883135912149e-05,-10.139630641993186
-5.0559120110059914e-05,-8.812659517087027
-6.177832060330983e-05,-9.925284620575285
-9.733274275434647e-05,-13.43487422595896
-0.00015163409974368772,-18.73270530765222
-0.0002168486681986157,-24.96275306051642
-0.0002878988798550882,-31.5396113416363
-0.0003634641050682032,-38.24255768015929
-0.00044300737433605145,-44.924550195124944
-0.0005232707447774296,-51.23948565084352
-0.0005973620447993126,-56.665475873325015
-0.0006563653945814131,-60.702581273655504
-0.0006932263552891017,-63.09632434341118
-0.0007059217639804457,-63.89798860178645
-0.000698159450338518,-63.12175723759368
-0.0006771970438583556,-61.025516589577435
-0.0006513866061487731,-58.44447281861919
-0.0006289943529968547,-56.20524750342736
-0.0006129011944781006,-54.59593165155194
-0.0005997800350606962,-53.28381570981149
-0.0005830032200732691,-51.606134211068785
-0.0005582591046250369,-49.13172266624557
-0.0005264794815277844,-45.95376035652032
-0.0004934660402813213,-42.652416231874014
-0.00046745005017698746,-40.05081722144063
-0.0004548249535260314,-38.788307556345025
-0.0004571352905667036,-38.98754668625304
-0.00046950670915369623,-40.048852573037266
-0.00048602345492957224,-41.450894669145114
-0.0005032681252540243,-42.89620426894973
-0.000520624533537077,-44.331380787917226
-0.0005389344032103501,-45.82379141949491
-0.0005550468549697336,-47.11843798483866
-0.0005602251973257885,-47.53077015211805
-0.0005425904572984748,-45.76729614938668
-0.0004924471804975593,-40.752968469295126
-0.0004075082316724167,-32.259073586780865
-0.00029404571254776905,-20.912821674316103
-0.00016353903645126625,-7.8621540646658215
-2.5541112626881947e-05,5.929505581702549
0.00011186144382379673,19.437560566475252
0.00024260813915523495,31.69216164116148
0.00036397313725311823,42.26841165624166
0.0004765022525910399,51.23096034014741
0.0005817341066270209,58.805425210298324
0.0006786773335252441,65.07322557519046
0.0007675059661359101,70.2258220645418
0.000850150058236756,74.53145469517949
0.000928771433421058,78.21394338773128
0.0010032207331448846,81.35301863632861
0.0010700908134091325,83.9040895787731
0.0011234766945263752,85.77099549714055
0.001156388538638821,86.85126519966566
0.0011635027380244077,87.07796212551247
0.0011417546645889015,84.90315478196186
0.0010922122083945167,79.94890916252338
0.0010206143310083136,72.78912142390307
0.0009366341380137954,64.39110212445124
0.0008519741772640168,55.92510604947337
0.000777279758998978,48.455664222969496
0.000721399308680121,42.867619191083804
0.0006900869269078839,39.73638101386009
0.000685426681079449,39.270356431016594
0.0007053946736020567,40.98459628063911
0.0007438116537942586,44.21204145803955
0.000791453290013947,48.079908207952116
0.000837725485608646,51.68810156431023
0.0008741056427476753,54.41915786037353
0.0008930033255770942,55.80046210929212
0.0008886255860267256,55.36268815425527
0.0008591967133469804,52.41980088628075
0.0008081270106988677,47.31283062146948
0.0007425466012185218,40.75478967343488
0.0006693534398567875,33.43547353726146
0.0005956749434622421,26.06762389780691
0.0005273347231750005,19.23360186908276
0.0004669055074243426,13.190680294016968
0.0004124613444283591,7.746263994418613
0.0003587432420979904,2.3744537613817425
0.00030037711820784916,-3.459456283171947
0.00023133416152470087,-10.321306902181796
0.0001467523159936949,-18.58806565846244
4.506529470961144e-05,-28.1905933549212
-7.03126225211088e-05,-38.46446167742394
-0.00019117937144706859,-48.347815681871985
-0.0003067114363178582,-56.8488569526583
-0.00040651817151608115,-63.41579992410245
-0.0004847899279177075,-68.06442001565286
-0.0005380333644969846,-70.98131583667168
-0.0005647922275357125,-72.3743701934081
-0.0005664262993851411,-72.45788634721102
-0.0005483647914827428,-70.65173555697119
-0.0005205904918819629,-67.8743055968932
-0.0004959420565064809,-65.409462059345
-0.0004865383310272559,-64.4690895114225
-0.0004988556650181768,-65.21733573177528
-0.0005348938095822481,-67.34453684100657
-0.0005925686630115543,-70.5594170987236
-0.0006658744023893454,-74.31921930749567
-0.000745465135701222,-78.00769405429122
-0.0008197432548726484,-81.10352973113818
-0.0008766385750809569,-83.26396489954281
-0.0009062018378214746,-84.31846032905335
-0.0009040422767366498,-84.10250422057088
-0.0008699895921671444,-80.69723576362033
-0.0008077957250485438,-74.47784905176029
-0.0007245369952193207,-66.15197606883797
-0.0006295782032580046,-56.65609687270636
-0.0005332268677052589,-47.02096331743179
-0.0004447705021249282,-38.175326759398715
-0.0003702446006960949,-30.722736616515387
-0.00031002438311612053,-24.70071485851795
-0.0002609137130114225,-19.78964784804815
-0.00021760211833956613,-15.45848838086251
-0.00017381334741236305,-11.079611288142203
-0.00012311020329924797,-6.009296876830695
-6.000399938622963e-05,0.3012996930671164
1.877197408396874e-05,8.160943505052758
0.00011385918823420202,17.51438353740787
0.00022282403469804667,27.875531480822705
0.00034004078739431604,38.38809857860242
0.00045655227482969615,48.014168667556184
0.0005639482199795321,56.06297337253874
0.0006568065168675292,62.352209976280065
0.0007325932343165733,67.02284606355944
0.000790906074836799,70.33914193650429
0.0008334615503805407,72.61109077389825
0.0008649942421466394,74.21600747839165
0.0008901858718154851,75.45123751300082
0.0009127047560260611,76.5208268888943
0.0009354273071007336,77.56763036349916
0.0009612372428117245,78.7179240416916
0.0009928682437262697,80.0728244739377
0.001032284507028784,81.67932842009048
0.0010798799531530462,83.50300021038336
0.0011335857645232692,85.4159072295415
0.0011889382316481614,87.23634519663916
0.0012396958672620446,88.7795729463835
0.0012796542145247498,89.91488345732687
0.0013042765493222375,90.58134786286489
0.0013112927728162335,90.76678918523226
0.0013005128849364557,89.68880039725447
0.0012729338225100945,86.93089415461834
0.0012298759496907072,82.62510687267962
0.0011723162415790496,76.86913606151386
0.001100860362988034,69.7235482024123
0.0010162391407658594,61.26142598019484
0.0009195973866232121,51.59725056593011
0.0008125004593712709,40.887557840735994
0.0006959200890396504,29.229520807573934
0.0005709652511500208,16.734037018610977
0.0004388406771367667,3.5215796172855667
0.0003003847549621279,-10.277428034219506
0.00015607284348953385,-24.230182213164724
6.071619532175037e-06,-37.76871631006262
-0.00014898829544507278,-50.32579324535204
-0.0003071324607625439,-61.39326436898319
-0.000464134733577916,-70.60169685123115
-0.0006152892731333664,-77.89071785427514
-0.0007566396173704675,-83.46155552208486
-0.0008862988062159337,-87.6595789413037
-0.0010065543712797342,-90.89130533168053
-0.0011193862305418367,-93.4350150868398
-0.001225115679712973,-95.45687743536493
-0.0013226794621903372,-97.06024495848746
-0.0014117767938098666,-98.33738645513057
-0.0014941870015775858,-99.38227573516926
-0.0015743311125239277,-100.28983518093642
-0.0016578940502785509,-101.13751725987223
-0.001749145756378385,-101.96450824045131
-0.0018494855471743754,-102.7731999306269
-0.0019562476671727983,-103.53723104198704
-0.002062588538616848,-104.21688081580322
-0.0021578489494679305,-104.76887972712899
-0.0022324650595221492,-105.16975820675432
-0.0022800834490927964,-105.4130003071178
-0.00229692108298256,-105.49686213328096
-0.002280326899357323,-103.83744377075726
-0.0022280708767725976,-98.61184151228471
-0.002138926450596664,-89.69739889469135
-0.002011890543726638,-76.99380820768876
-0.001847535975421472,-60.55835137717217
-0.00165020409428736,-40.82516326376097
-0.001428841504674833,-18.688904302508274
-0.0011951477760498955,4.662349536155366
-0.0009593722487893613,27.2828023431742
-0.0007293556139405699,46.659119225312715
-0.0005090996495045947,61.801272245667555
-0.00029872475306668236,73.05747963703463
-9.561601242188074e-05,81.28956203297376
0.00010360239572954943,87.31938080617225
0.0003012830119220725,91.76217307163468
0.0004978986559177182,95.0521340169315
0.0006914804331778243,97.49415066858612
0.0008795165313044216,99.32483210496947
0.001059954018365652,100.7239737285193
0.0012311450418352335,101.81938374366707
0.001391594861645529,102.6972973854803
0.0015401513542589818,103.41548863064419
0.0016772177755876169,104.0174265475263
0.0018033243235463488,104.53172300634814
0.0019191568466700368,104.97798098403568
0.002025776789145408,105.37108099401182
0.002124956815222088,105.72440096865559
0.0022188944927687367,106.05000354054813
0.0023093996400711738,106.35678291410083
0.0023976954695576033,106.6505834810016
0.0024838033040903125,106.93270435871814
0.0025655246754620552,107.19705026022447
0.002637051960487085,107.42609255481946
0.0026919475674382688,107.60058986716724
0.0027247632312391557,107.70442006281453
0.002730740433998579,107.72329571935781
0.002705195931861197,105.16884550561957
0.00264336684386575,98.98593670607491
0.0025421227368689694,88.86152600639684
0.0024005968623515956,74.70893855465944
0.0022213859509396844,56.78784741346832
0.0020119378599410083,35.84303831360071
0.0017844852342041838,13.097775739918253
0.001551522501386524,-10.088500758991842
0.0013208251013284722,-31.625440149702623
0.0010967772295651474,-49.63003748388877
0.0008812961535455328,-63.59752185555279
0.0006754489295562355,-73.92685407556067
0.00048110457900042746,-81.33426392730732
0.0002969555288245832,-86.6522845185685
0.00011670556200513247,-90.61042379199226
-6.622721323754619e-05,-93.67223860103242
-0.00025458369593192413,-96.0815583607425
-0.00044631690075560876,-97.97482648203587
-0.0006354820931925246,-99.44985485778162
-0.0008160634594376851,-100.60036851127064
-0.000985509543018641,-101.51679251922029
-0.0011437743400009362,-102.2694091094354
-0.0012921548078706374,-102.90814902820476
-0.0014320690243091565,-103.46593766494838
-0.0015644496650206732,-103.96335894820642
-0.001690026056783729,-104.41412769206215
-0.0018096791909740751,-104.82867166207264
-0.0019243152691676136,-105.2149834523535
-0.00203368528850344,-105.5756268150068
-0.002137069555839902,-105.91078003619238
-0.0022329341113334665,-106.21746698635745
-0.0023185104990168346,-106.48847813647633
-0.00238981121596348,-106.71259165617091
-0.00244222651735687,-106.87649035654157
-0.002472139513139656,-106.96973269594326
-0.002475965431192409,-106.8262251550454
-0.0024494401190604392,-104.17369394184841
-0.0023883791961008295,-98.06760164588744
-0.002290977403277526,-88.32742236355709
-0.0021601486132008284,-75.24454335588733
-0.0020039400242341156,-59.62368445921606
-0.0018335386368770056,-42.583545723505054
-0.0016590927882641595,-25.138960862220447
-0.001488509057347082,-8.080587770512697
-0.0013259559061802762,8.116559009175585
-0.0011713004311265838,22.988655198145338
-0.001020712021047925,36.41435770061083
-0.00086867857918607,48.53210394283519
-0.0007102563787874203,59.417169484298256
-0.000542853524014906,68.96653384231125
-0.0003674299786046485,76.98243842672117
-0.0001861377336820028,83.42733516600012
-1.1868015315478261e-06,88.44361884098802
0.00018521234956583068,92.26683509450048
0.00036995576033126045,95.1415923751994
0.0005482780691321453,97.28106577055321
0.0007141327394258324,98.86006056388639
0.0008617682964747917,100.01824206814103
0.000988376561600462,100.87011745034225
0.0010943917639322437,101.50433424724729
0.0011834841848837254,101.99181996120464
0.0012616062813292585,102.39053577983879
0.0013351355194318882,102.7447600655029
0.0014090578965143949,103.08305633164277
0.0014854757818192539,103.41648949181045
0.0015636228100064874,103.74267505014414
0.0016405058549442447,104.0510010305235
0.0017117721257096858,104.32716478814194
0.0017726492854997621,104.55665287941355
0.0018184516114247815,104.72583956412024
0.0018448637380788864,104.82215784798889
0.0018477172484075162,104.83251199556443
0.0018230088448596762,102.36167164078046
0.0017680459185059776,96.86537900541059
0.001681757547332452,88.23654188805803
0.0015675407285376368,76.8148600085765
0.0014329106173558692,63.35184889039975
0.0012869288265374894,48.753669808561774
0.001136663474341756,33.727134588988434
0.0009853237188468655,18.593159039499383
0.0008322099556356689,3.2817827183797252
0.0006749132500943295,-12.346973224096773
0.0005123399421013405,-27.80902106883607
0.00034470224707864943,-42.36105774018843
0.0001731963973632182,-55.33214105529993
7.469171831126441e-08,-66.28021244560132
-0.00017071721336892466,-75.03602506654906
-0.0003353972640597424,-81.76207306383282
-0.0004903206162425087,-86.78552343602149
-0.0006317548038605035,-90.46130692260809
-0.000755276236262252,-93.08944258825538
-0.0008566341714695797,-94.91034694260233
-0.0009331629110444488,-96.1149618545886
-0.0009843070891222194,-96.84819215468097
-0.001012585471507616,-97.231011579539
-0.0010239434817736958,-97.38047323621467
-0.0010287321861590453,-97.44276907915203
-0.0010366432387063247,-97.54476147813297
-0.0010540512373777566,-97.76521825990858
-0.0010828090793735313,-98.11781047096873
-0.0011195208222443266,-98.54791443870431
-0.0011621623851933549,-99.02105576438262
-0.0012119371173551943,-99.54005472810108
-0.0012710610938716515,-100.11397162498247
-0.0013388612991522414,-100.72095433119446
-0.0014108256896779858,-101.31223023418731
-0.0014808622072253774,-101.84159872912777
-0.0015376527704369259,-102.24134882940149
-0.0015666926136712743,-102.4365003923977
-0.001555761139833476,-101.34335300861788
-0.0015009871006969135,-95.86594909496162
-0.0014092019292542915,-86.68743195069942
-0.0012941771686374385,-75.18495588901412
-0.0011701497354243474,-62.78221256770502
-0.0010437419572320431,-50.14143474847459
-0.0009168846311591653,-37.4557021411868
-0.0007895291485953379,-24.720153884804066
-0.0006610953929655044,-11.87677832182072
-0.0005307912391926788,1.152036162768403
-0.0003974974996251688,14.353967988973292
-0.000260833448335651,27.3614931106486
-0.00011689501070305673,40.07404412835473
4.0722781713183483e-05,52.48075628183307
0.00021676551173844554,64.24446730943242
0.0004100984226676668,74.6382158858748
0.0006108611425532041,82.93252797085509
0.0008029020068090376,88.90458850801986
0.0009683165957236397,92.8376104117873
0.0010937256558694697,95.2306372365557
0.001173785878860135,96.540445435126
0.0012120876930491247,97.114646605679
0.001219099866937393,97.21634725905535
0.0012079813666112014,96.1044972264362
0.0011923250760549503,94.53886817081109
0.0011844471589380315,93.7510764591192
0.0011926355396864848,93.9176477765709
0.001220774789433785,94.47468569533959
0.0012687538928633552,95.37190622581231
0.0013334164638556763,96.48389954711568
0.001408592528934143,97.65009351369537
0.0014853342191602967,98.71622161991363
0.0015535258243097943,99.57063570264233
0.0016032364264361113,100.1443027532229
0.001625595137859587,100.38988049455773
0.0016127392939814232,99.10429610674134
0.0015630078609008614,94.13115279868516
0.0014819671259052214,86.02707929912117
0.0013789988064991715,75.73024735851618
0.0012624089562809165,64.07126233669068
0.0011363135135626337,51.4617180648624
0.0009999049946909898,37.820866177698
0.0008497550771901317,22.8058744276122
0.0006834464601738545,6.175012725984484
0.0005014555658768765,-11.944009254310679
0.00030750355089308396,-30.33082315060457
0.00010769487859367072,-47.20487440913105
-8.954121456207635e-05,-61.18147257729218
-0.00027816551245978867,-71.94259665561756
-0.00045469603926333156,-79.88696838125493
-0.0006156966203513163,-85.59418452574764
-0.0007549514124192677,-89.54723137610618
-0.0008642418858071112,-92.11925454439825
-0.0009366071465741939,-93.60341898874515
-0.0009676258179227614,-94.19181812942972
-0.0009583877084425948,-93.26800718141307
-0.0009150863587727831,-88.93787221443189
-0.0008471385635471289,-82.14309269186646
-0.000769624359387359,-74.39167227588946
-0.0007044758970600115,-67.87682604315472
-0.0006675570641354973,-64.1849427507033
-0.0006603978257867214,-63.46901891582572
-0.0006778921858188999,-64.5608378916078
-0.0007163539602141718,-66.88407639364065
-0.000775326614089592,-70.24318012263919
-0.0008555824171976976,-74.43140091595379
-0.0009555523915323453,-79.06324679654126
-0.0010680048846241977,-83.5608502191588
-0.0011796650164948503,-87.36078049947275
-0.0012739697198807856,-90.11590509523641
-0.0013357529936969242,-91.72090736550388
-0.0013544780314087952,-92.17857925749234
-0.001328612523529775,-89.59202846959033
-0.0012644763759520896,-83.1784137118218
-0.0011717461330883366,-73.9053894254465
-0.0010581552367442191,-62.54629979103476
-0.0009269146109643351,-49.42223721304636
-0.0007776892402225699,-34.49970013886983
-0.0006090771646122963,-17.638492577842463
-0.00042252407179404767,1.0152305621025086
-0.00022505432251698589,20.437420902486878
-2.986237823692832e-05,38.20700200392388
0.00015079642798833775,52.60269813120621
0.0003097889153201172,63.35959069418315
0.0004445921344350513,71.06148105088533
0.0005536257737783418,76.39190570691987
0.000633248595158667,79.81554793329532
0.0006768510598534158,81.53440508736705
0.0006771355610930677,81.54527330540182
0.0006304699134738403,76.87870854347909
0.0005407631941591112,67.90803661200619
0.0004202601898705188,55.85773618314693
0.00028625071587232815,42.45678878332787
0.0001566117069120372,29.492887887298778
4.641489595747191e-05,18.47320679184225
-3.258983808785545e-05,10.572733387309514
-7.443168140518464e-05,6.388549055576594
-7.817247476566088e-05,6.013439870939535
-4.558070549039174e-05,9.2528705420106
2.0501705855155743e-05,15.75720264356265
0.00011652221509876796,24.970513727000515
0.00023722067134003414,35.967232218162195
0.00037405036511823356,47.402523432075846
0.0005139281891575555,57.77034552083386
0.0006437927555929244,66.1315116100615
0.0007536423619510788,72.26790481850503
0.0008372735346660989,76.39383592290739
0.0008909306194024383,78.80699040630276
0.0009125149687057788,79.72847197470531
0.0009015470343002042,78.63167853414785
0.0008568431084754631,74.16128595167375
0.0007770014821134755,66.17712331547497
0.000661888479564225,54.66582306054993
0.0005149248135984564,39.96945646397307
0.000344872200752696,22.964195179397016
0.00016518803731142584,4.995778835269999
-8.951604226179247e-06,-12.357197465932728
-0.00016461443929209033,-27.30954896589325
-0.0002931160044808973,-38.823496076138014
-0.00039047403971650155,-46.885160088678276
-0.0004557130354727761,-51.92845293802473
-0.0004892613034431842,-54.40463128079661
-0.0004917439746749757,-54.58466424797482
-0.0004641764537852317,-51.82791215900041
-0.0004105267932281738,-46.462946103294634
-0.00033875619641682584,-39.285886422159834
-0.00025876799572222367,-31.28706635269961
-0.0001786270474949748,-23.272971529974722
-0.00010502760607008126,-15.913027387485368
-4.3139879211852535e-05,-9.724254701662494
3.638152272660067e-06,-5.0464515532112335
3.299703746092716e-05,-2.110563034384525
4.486980290095667e-05,-0.9232864903815734
4.11960562820689e-05,-1.2906059029206076
2.4856041908068176e-05,-2.9237963247203718
-7.61243484052246e-07,-5.48089664475764
-3.50940882252006e-05,-8.896781172666323
-8.18911032298298e-05,-13.51999182473163
-0.00014302451244351802,-19.47541904069806
-0.00021518429787697912,-26.335307368821773
-0.0002900861046290892,-33.20545981315347
-0.00035795720822720393,-39.166934726641806
-0.00041097870489772054,-43.62818435961658
-0.0004451989360739877,-46.40995170168086
-0.0004611377926358926,-47.67859720401504
-0.00046130546098394575,-47.691850109233286
-0.00044701835868438746,-46.26313987927746
-0.000414923577638142,-43.053661774652916
-0.000362102433114098,-37.77154732224852
-0.0002895727378655347,-30.51857779739219
-0.00020282175837069413,-21.843479847908128
-0.00011189182302597906,-12.750486313436625
-2.3525511797173834e-05,-3.9138551905561005
6.179491391808948e-05,4.6154076132704525
0.00014687711585619734,13.058406438993726
0.0002324905857251271,21.382626534406292
0.0003148058030133557,29.12895539873316
0.00038730666205319555,35.67901579016307
0.00043992300901927176,40.245687277925825
0.00046286337040036786,42.18329478093098
0.00045162711396709397,41.059669137603585
0.00041016887533766545,36.91384527466073
0.0003489317633500598,30.790134075900163
0.0002791217102020036,23.80912876109454
0.00021166694228732142,17.063651969626324
0.0001552300359823212,11.4199613391263
0.00011499831618639247,7.396789359533427
9.245894188247879e-05,5.142851929142059
8.656708097424146e-05,4.5536658383183255
9.475026007611578e-05,5.3702199361663805
0.00011318794856533216,7.207501419630449
0.0001368518526135337,9.558953409077647
0.00015978896954211866,11.829017223241953
0.00017611029991270645,13.43764177344039
0.0001812042667439048,13.938423615201456
0.00017308967019827182,13.12696396063816
0.00015360782431936341,11.178779372747318
0.00012883977253094273,8.70197419390525
0.00010524824599464136,6.342821540275113
8.695837688031641e-05,4.51383462884262
7.49441841082454e-05,3.312415351635519
6.7816640347943e-05,2.599660975605278
6.265922893604021e-05,2.083919834414999
5.5171427092307725e-05,1.335139650041751
4.2793987482619365e-05,0.09739570843575222
2.504584127513132e-05,-1.6772381030435515
2.6223131914915946e-06,-3.9177375692370955
-2.397849007527002e-05,-6.570608397066204
-5.5177186188906487e-05,-9.670713426961012
-9.136448980225277e-05,-13.244396427457822
-0.00013157763627816738,-17.178186483466476
-0.0001713135455540129,-21.01625636906042
-0.00020543054424478638,-24.265089888162024
-0.00023019760561553436,-26.593047442385682
-0.0002435793343607606,-27.839295466221476
-0.00024502149922997387,-27.973101936522493
-0.00023504796284088303,-26.97574829761341
-0.00021575900812314896,-25.046852825840002
-0.00018849773545233142,-22.320725558758248
-0.00015361570155672603,-18.83252216919771
-0.00011160692891757845,-14.63164490528295
-6.366036861358904e-05,-9.836988874884012
-1.4515942843043364e-05,-4.922546297829443
2.807299410907813e-05,-0.6636526026172942
5.657697811321057e-05,2.1864820814477177
6.715844437543716e-05,3.243957693784965
6.0888924989671166e-05,2.617005755208366
4.1777511007877137e-05,0.7058643570289631
1.6389138329362598e-05,-1.8327563187010818
-8.685823051300954e-06,-4.3377805325963195
-2.900894597319197e-05,-6.364458781323881
-4.275929539358531e-05,-7.732997436647512
-5.1710690154295697e-05,-8.622480348474475
-5.9703532345145946e-05,-9.415638093925029
-7.038038000155369e-05,-10.473392510209251
-8.51512526450256e-05,-11.933077867690619
-0.00010378627735094992,-13.767758868749643
-0.00012648862173197446,-15.991019623738516
-0.00015206812305944625,-18.478117098197092
-0.00017792545152017192,-20.97024152823934
-0.00020051659992488486,-23.127353473495837
-0.0002168087118042678,-24.67026486753124
-0.000224726025234024,-25.415984845777285
-0.00022346679153126202,-25.290061475501087
-0.00021434978985459104,-24.378361307833988
-0.00020049306379804518,-22.992688702179404
-0.0001856624159164866,-21.509623914023546
-0.00017164571259335455,-20.107953581710337
-0.00016069433197020235,-19.01281551939512
-0.00015580343130910693,-18.52372545328558
-0.00015852672707120688,-18.78725199902655
-0.00016696438001437272,-19.60214843009497
-0.00017612433313262085,-20.483988353754558
-0.00018043012259268747,-20.89746618335088
-0.00017364908262958566,-20.219362187040694
-0.00015073915863498175,-17.928369787580305
-0.00011007814231105339,-13.862268155187467
-5.481739527873822e-05,-8.336193451955952
8.11051610269058e-06,-2.0434023138130732
7.026282400952045e-05,4.169877202754202
0.00012394476930971485,9.514355772087157
0.00016408972415635334,13.48029193783762
0.00018911679830774963,15.933699868979673
0.00020139762920656846,17.13123854000674
0.00020428448667337854,17.41208817629054
0.00020077208837677332,17.060848346630014
0.000193796714379391,16.363310946891783
0.0001871551322833788,15.699152737290564
0.0001858682060657058,15.570460115523263
0.00019519881073657252,16.481728438618596
0.00021858479321289586,18.75417437842055
0.00025499668238779304,22.255495562803553
0.0003004816659006805,26.556120921370233
0.0003497159264654291,31.105054823520337
0.00039708074358271945,35.3630588812791
0.0004376792234546566,38.91120973488279
0.00046773759198903285,41.47364324398276
0.00048481746178700183,42.90418315210261
0.0004885364862942431,43.21317242677976
0.0004814808388676887,42.50760768412432
0.00046693654396957884,41.053178194313325
0.00044785638055465685,39.145161852821126
0.00042647178763315096,37.00670256067054
0.0004044485529036031,34.80437908771576
0.0003842250853073296,32.782032328088405
0.0003694859292836317,31.308116725718612
0.00036272059791196015,30.631583588551454
0.0003633550527976665,30.689605350181157
0.00036717916305767704,31.038888015749095
0.00036626353208361434,30.947324918342822
0.0003550228480213532,29.823256512116703
0.0003328360577555925,27.604577485540634
0.0003030099198605955,24.621963696040936
0.0002694942534223269,21.270397052214076
0.00023394461283123073,17.71543299310446
0.00019496042657574005,13.817014367555393
0.00015009872705208142,9.33084441518953
0.00010041513421962122,4.362485131943509
4.802012167655964e-05,-0.876927119087335
-4.856677840605851e-06,-6.156839969721947
-5.582714313532861e-05,-11.216043368443504
-0.0001023296784028359,-15.78552581935783
-0.0001413271100046249,-19.570524441784215
-0.00016965448601649483,-22.28712471296044
-0.00018548186891133967,-23.79145447494549
-0.00019069352298846655,-24.284545560360936
-0.00018685650401614192,-23.90084366312847
-0.00017313138071312623,-22.528331332826905
-0.00014971077603021348,-20.18627086453563
-0.00012023352722963984,-17.238545984478264
-9.15992541181837e-05,-14.37511867333265
-7.168724462773226e-05,-12.383917724287505
-6.683508309638267e-05,-11.898701571152547
-8.000748318454494e-05,-13.196355417228478
-0.0001093991234168993,-16.076132552166627
-0.0001494836415252472,-19.962253460873185
-0.00019385189761716003,-24.19665400328512
-0.00023787454606646993,-28.315957392442446
-0.00027926309960734627,-32.10365091890044
-0.00031709918365739647,-35.486398437280215
-0.0003508884960028595,-38.437829558198345
-0.00037967895538978,-40.89791040688068
-0.00040225032378489,-42.78994864508074
-0.0004183995484791167,-44.12334516268126
-0.00042811328841097293,-44.917079405893666
-0.00043147996395660716,-45.19070951509862
-0.0004283639616478679,-44.8791092842247
-0.0004176203702008433,-43.804750139522234
-0.0003987771686923854,-41.920429988676446
-0.0003721500922619679,-39.2577223456347
-0.0003385791865676023,-35.90063177619813
-0.0002984664294144927,-31.88935606088717
-0.000251867408178077,-27.22945393724561
-0.00019891066974062925,-21.93378009350083
-0.00014020550673707192,-16.063263793145097
-7.744024041636176e-05,-9.786737161074079
-1.3711417564130365e-05,-3.4138548758509373
4.597048147266975e-05,2.553767237156554
9.779933478672555e-05,7.7233012779131816
0.00014046821925756096,11.952094450511145
0.0001749186482206399,15.338380137442579
0.0002033888076692301,18.112546814043878
0.0002265688832640357,20.352163063812345
0.00024299012090748612,21.927212255917635
0.00025027241357000296,22.62242374096646
0.0002476183268638637,22.35701507035253
0.00023729029116348338,21.3242115003145
0.00022473350735372635,20.068533119338795
0.00021652958294806327,19.248140678772494
0.000217906871086336,19.38117983974244
0.00023135813109834345,20.67702417474595
0.00025646911411304226,23.07822533533557
0.00029109853972958963,26.347581570509206
0.0003326375651995744,30.19739869828734
0.0003790665015631766,34.39673691650072
0.00042897533312080634,38.77594723491969
0.0004799707281706011,43.09359817308716
0.0005272640557184244,46.946684403864595
0.000566281066798563,50.01101575480452
0.0005958644979430934,52.2635151930686
0.0006152676444274519,53.70712893682086
0.0006228197041358479,54.261723332446664
0.0006171992066144063,53.6996735803025
0.0005989739337729369,51.87714629615557
0.0005700041749941582,48.980170418277694
0.0005312482447548625,45.104577394348134
0.00048508727984238384,40.48848090310026
0.00043497468393241664,35.477221312103545
0.0003837235106299039,30.352103981852267
0.0003315518780035677,25.134940719218648
0.0002763199485928058,19.611747778142455
0.00021494110948200022,13.4738638670619
0.00014490889190814138,6.470642109676016
6.589722120292133e-05,-1.4301836774942631
-1.9795665438957805e-05,-9.966749861854426
-0.00010741122773044424,-18.55340948826186
-0.00019209310199055902,-26.610988667582895
-0.0002703456902678204,-33.766512330878214
-0.00033986321823231675,-39.83988306269471
-0.000398722651778577,-44.74783000289195
-0.0004446275777772448,-48.41579937178423
-0.00047488068245838045,-50.753586454774194
-0.0004876363440361746,-51.71996672671336
-0.0004829534295142823,-51.251675274524125
-0.00046400908684222187,-49.35724100731808
-0.0004364831478087475,-46.60464710397065
-0.00040749073528478254,-43.70540585157414
-0.00038426280652371296,-41.38261297546719
-0.00037042878083418037,-39.99921040651393
-0.00036520972248495003,-39.4773045715909
-0.00036495245663484933,-39.45157798658082
-0.0003661849836865663,-39.55705681251313
-0.0003672720553144134,-39.6500094176475
-0.0003686806064840864,-39.77034161775169
-0.0003718609951982341,-40.0415866500806
-0.00037734284329048493,-40.50762907121929
-0.00038377751780948054,-41.052259941859525
-0.00038732426226632317,-41.35133324947416
-0.00038480416467937087,-41.099323490778936
-0.0003752677537003788,-40.14568239287972
-0.00035956287196204994,-38.57519421904684
-0.00033871695001715297,-36.49060202455715
-0.0003112230376844461,-33.74121079128646
-0.00027184688691431777,-29.803595714273623
-0.0002156260734119982,-24.181514364041664
-0.00014287475420307884,-16.906382443149724
-5.5487815621812716e-05,-8.167688585023113
4.591964001402605e-05,1.9725004562426445
0.00015864788238567049,13.176025409345584
0.0002763181019418448,24.54832343892032
0.00039029863201289435,35.01047513865416
0.000492237975930586,43.751113677393306
0.0005760443241056776,50.43070182003168
0.0006388443371665168,55.11451132677045
0.000681445023566443,58.130363762444986
0.0007073125998790015,59.89734850930317
0.0007208347445543304,60.80166867169001
0.0007258060285286641,61.13079211233933
0.0007250217077743748,61.05236003691039
0.0007205824226554933,60.608431525022255
0.0007143667112404882,59.98686038352174
0.0007086125562846237,59.41144488793529
0.0007051540875876132,59.06559801823424
0.0007048506585661355,59.03525511608646
0.0007075121849338658,59.216851324494726
0.0007123428205767562,59.54513035352274
0.0007184075031894357,59.95487013117862
0.0007252579054123343,60.41447799601243
0.0007331230813334293,60.93796239102869
0.0007426858031934877,61.56837622247212
0.0007549001909582532,62.36394423906385
0.0007707680745627398,63.38133107647972
0.00078959262570007,64.56469048661192
0.0008084415901054705,65.72403404806316
0.0008228338160689467,66.5921296049627
0.0008281818229488457,66.91094204139127
0.0008208552770952458,66.1782874560313
0.0007987323263480084,63.96599238130756
0.0007613124945501313,60.22400920151984
0.0007090762868629162,55.00038843279833
0.0006424559236185448,48.338352108361185
0.0005606092625557174,40.153686002078445
0.0004641645119895918,30.509210945465885
0.00035625800981875326,19.71856072838203
0.00024176700836433314,8.269460582940019
0.00012536280828295165,-3.368296575720531
1.0053536159548501e-05,-14.790144803081551
-0.0001033587808245654,-25.67181382884583
-0.0002156532003735035,-35.88095844626583
-0.000327494935695893,-45.32109113079864
-0.0004383170664751577,-53.84804655412296
-0.0005458095846440326,-61.27893521448557
-0.0006461674758329922,-67.46204337818992
-0.0007347504251119427,-72.32991662945197
-0.0008082672091445793,-75.96925488378926
-0.0008657101254049953,-78.57328864751027
-0.0009077389552450387,-80.35199942952157
-0.0009355208158392063,-81.47143199346831
-0.000949983887084305,-82.03696794081988
-0.0009516939256184121,-82.059502974238
-0.0009413252783491799,-81.02263824731477
-0.0009205387540200888,-78.94398581440568
-0.0008925547707084217,-76.14558748323897
-0.0008617911777695645,-73.06922818935327
-0.0008326637486570538,-70.15648527810218
-0.000808251148140726,-67.71522522646941
-0.0007896321472141167,-65.85332513380848
-0.0007759024797227375,-64.48035838467055
-0.0007647404239010982,-63.364152802506624
-0.0007534250028105043,-62.232610693447235
-0.0007397801096864968,-60.86812138104648
-0.0007229094063096897,-59.18105104336577
-0.0007019880645629901,-57.08891686869581
-0.0006756062921780548,-54.45073963020228
-0.0006420199860682893,-51.092109019225724
-0.0005998988816042428,-46.87999857282108
-0.0005487290095044665,-41.76301136284346
-0.0004884122376279781,-35.73133417519461
-0.0004204037659153867,-28.93048700393547
-0.0003471874929319381,-21.608859705590607
-0.0002710051664692095,-13.990627059317749
-0.00019256287899574969,-6.146398311971766
-0.00011116002228594217,1.9931689545187554
-2.6114755255852088e-05,10.458549334441681
6.347742810465695e-05,19.22060434631939
0.0001578460029254885,28.147301897396463
0.0002559265392177706,36.96887262737706
0.0003549697994180356,45.29789432913402
0.0004509087111083451,52.73919779641127
0.0005393206605546798,59.016298874421985
0.0006163835475890865,64.02506939617757
0.000680326708115401,67.8567023827164
0.0007299678331003249,70.63276795067921
0.0007642637490260799,72.45179969371019
0.0007830549641988015,73.4149171647574
0.0007879411220896984,73.66150965795266
0.0007823893115227662,73.10632860125945
0.0007703230495265888,71.8997024016417
0.0007570386253664375,70.57125998562655
0.000748134897150324,69.68088716401519
0.0007473197332411119,69.56777411549668
0.000754969298248851,69.99174243814672
0.0007684054387316721,70.7266519812992
0.0007837747782596489,71.55213519581957
0.000795604655958031,72.17658307367198
0.000798232875481583,72.31403249316824
0.0007878559010833922,71.27633505334917
0.0007639816628464203,68.88891122965197
0.0007292607252804961,65.41681747305954
0.0006877352253255241,61.26426747756234
0.0006437719778752383,56.867942732533756
0.0006006484349311307,52.55558843812301
0.0005598890643759403,48.47965138260397
0.0005211497269466995,44.60571763967989
0.0004826787556318211,40.75862050819206
0.0004419549620845741,36.68624115346736
0.00039607787777973903,32.09853272298385
0.00034216812171677534,26.70755711668748
0.00027777447283891147,20.26819222890109
0.0002014451354535639,12.63525849036633
0.0001134032344196685,3.8310683869767903
1.598683794146969e-05,-5.903972846621964
-8.647224419586212e-05,-16.023358113655547
-0.00018835351143116428,-25.784517385125543
-0.0002839674140074068,-34.527651122338476
-0.0003686439607521866,-41.843693555472655
-0.0004396902122956112,-47.62914646226013
-0.0004966017963817764,-52.014237698092515
-0.0005406724974466596,-55.252027140007655
-0.0005743646022941776,-57.63283516001744
-0.0006004900808012486,-59.4222380471473
-0.0006217586270108574,-60.84233604148543
-0.0006403954355071508,-62.05970253462917
-0.0006580089069087737,-63.18708555517993
-0.0006756020668199924,-64.29079433544085
-0.0006935188441670226,-65.39192055261101
-0.0007114615696730313,-66.47161999195305
-0.000728491894574418,-67.47523678832576
-0.000743324706529999,-68.33265735857641
-0.000754676198152096,-68.97840613349345
-0.0007617792204913691,-69.37789753409297
-0.0007651011710646464,-69.56352766767625
-0.0007651909967626776,-69.56853647537739
-0.0007622715617318949,-69.2765929722991
-0.000756299396756525,-68.67937647476212
-0.000747298800622,-67.77931686130962
-0.0007354695225038185,-66.59638904949148
-0.0007209303695863262,-65.14247375774224
-0.0007036579271545996,-63.41522951456958
-0.0006830349505672759,-61.35293185583721
-0.0006575485630619827,-58.804293105307885
-0.0006243283903472652,-55.48227583383615
-0.0005810170368310115,-51.15114048221078
-0.0005268179809313757,-45.7312348922472
-0.00046208105200496775,-39.25754199960641
-0.0003876060216290101,-31.810038962010637
-0.00030458259574928044,-23.50769637403767
-0.0002154706657615147,-14.596503375261095
-0.00012223109579852443,-5.272546378962068
-2.6212125767902897e-05,4.326310879173186
7.069974944017545e-05,13.932595649558268
0.00016508673461460496,23.060716363350355
0.0002529254656826476,31.234774984062057
0.0003318012486336446,38.23398037127473
0.0003997136537137267,43.960013371016295
0.00045538735926832334,48.42791438411348
0.0004989433664319366,51.774101805118036
0.0005327158033178583,54.27607322171085
0.0005606744016850014,56.28529279791943
0.0005873919163000406,58.152430986959395
0.0006169507564651649,60.15770219065491
0.0006517570782686712,62.437569118579354
0.0006925564991039474,64.99838594969914
0.00073853399040082,67.74128459808742
0.0007874330161462964,70.49509752362735
0.0008352729513466879,73.03018690911469
0.0008782980257780092,75.17963499298271
0.0009138602911274694,76.86581270831337
0.0009398099833188329,78.04600978026649
0.0009537966545144118,78.66494399489338
0.0009532993408816655,78.61521263161875
0.0009360665576345443,76.89193430690662
0.0009013562468826484,73.42090323171703
0.0008504930058328334,68.33457912673553
0.0007868702313467603,61.97230167812823
0.0007150568956562573,54.79096810907793
0.0006392346222506137,47.208740768513564
0.0005621224653124846,39.497525074700654
0.00048504856642703496,31.79013518615569
0.00040953085243755275,24.238363787207472
0.0003359950573723872,16.884784280690916
0.00026391030310471517,9.676308853923713
0.0001931671225798446,2.601990801436658
0.00012509743555584298,-4.201927069853707
6.219543859871235e-05,-10.454593446845102
6.732377442703886e-06,-15.903888139189728
-3.917626907438998e-05,-20.3473103853592
-7.410083451542486e-05,-23.676531634930498
-9.832405070889519e-05,-25.955923773673668
-0.00011431217838638903,-27.445917870840198
-0.00012575303128899935,-28.504698601336127
-0.00013597855076345224,-29.445575834235193
-0.00014912768066261705,-30.647700196540736
-0.00017098248992569758,-32.625693851886915
-0.00020567456447213704,-35.711560575039506
-0.0002541066569298329,-39.9014399589488
-0.0003142203574978807,-44.896358285883935
-0.0003825962043151348,-50.28271127020038
-0.0004556527347186232,-55.67393228135315
-0.0005303881808676157,-60.79003582687999
-0.0006045895151544387,-65.46896920117831
-0.0006761515856249616,-69.60933903121791
-0.0007424424894883693,-73.12866546204354
-0.0007996143286680722,-75.92936537543925
-0.0008440773927160047,-77.96363532626012
-0.0008735472699796412,-79.24516218739909
-0.0008870837555670819,-79.81645064637284
-0.000884742016487829,-79.58227673844756
-0.0008666697169578395,-77.77504678544861
-0.0008326314362906775,-74.37121871873241
-0.0007823253337684544,-69.34060846651009
-0.0007160190109138062,-62.70997618104526
-0.0006350501193497691,-54.61308702464155
-0.0005415183385724863,-45.25990894691328
-0.00043960671119739963,-35.06874620940461
-0.0003352812982866651,-24.63620491833116
-0.00023449503147210794,-14.557578236875447
-0.00014154997330314133,-5.2630724199787835
-5.8745992458527755e-05,3.015949717007347
1.2314905770964848e-05,10.088802585849397
7.191505100873458e-05,15.950286834712907
0.00012178279242930309,20.776818558602287
0.00016363893806808122,24.7576257111741
0.0001980752723723759,27.9764014443132
0.0002246711009656954,30.42366080807562
0.00024285834433791721,32.076409476739265
0.00025281913329399725,32.97412366165769
0.0002560793057515461,33.26677256919419
0.00025533887477201077,33.19272947124066
0.00025389866616623054,33.048708610662636
0.00025480248483269465,33.12985748419009
0.0002604088131733451,33.63221357257797
0.0002728417334821499,34.74001321749483
0.00029513641846342384,36.7043702044703
0.00032916643989421,39.64568694991432
0.00037480294139289813,43.4764744356151
0.00043010096331312127,47.93422954206147
0.0004920365544349473,52.67629888848679
0.0005573289379628274,57.3789481374774
0.0006227852761711906,61.783153607885474
0.0006848912000655564,65.67496210632271
0.0007385332683834977,68.81458577119463
0.0007792541386135386,71.06353035323619
0.0008040917993211432,72.37950375733757
0.000811318268887008,72.75456532789359
0.0007997237003218031,71.59510847137308
0.0007683510649539002,68.45784493458281
0.0007166648648636261,63.2892249255554
0.0006448596218192937,56.108700621122146
0.0005545147068962815,47.07420912882094
0.0004490098410345938,36.52372254265216
0.00033354729257085996,24.977467696278776
0.0002143948969042407,13.062228129616848
9.78651275748217e-05,1.409251196674949
-1.0261790895167617e-05,-9.376039051360825
-0.00010494562623924714,-18.66023877576823
-0.00018280508820881343,-26.075975382121936
-0.0002422456095675458,-31.556789679789507
-0.00028316546001436416,-35.22298063973383
-0.0003064725901806257,-37.26867332237316
-0.00031388113607543164,-37.91218973725069
-0.0003078826365537948,-37.312339785087005
-0.0002917313931204008,-35.6972154417476
-0.0002693652045234886,-33.46059658205639
-0.00024476322945342225,-31.00039907504975
-0.00022132273631028928,-28.65634976073645
-0.0002017039039016647,-26.69446651987399
-0.00018784458999177522,-25.308535128885044
-0.00018104135030998878,-24.6282111607064
-0.00018189111790207056,-24.70835348385598
-0.000190843111585137,-25.550714858518276
-0.0002081627790514187,-27.170267386825458
-0.00023361848344584268,-29.524962308882927
-0.0002660018638092936,-32.47332074264879
-0.0003028952698343019,-35.76311457418217
-0.000340817231742651,-39.06234552598657
-0.00037594834969347955,-42.03985520286257
-0.0004051991488941476,-44.458418012620925
-0.000425668470829617,-46.117135670494925
-0.00043458941359917974,-46.831179329828
-0.0004298100524588015,-46.35324321579017
-0.000410409054692396,-44.41314343914962
-0.0003771370627499436,-41.085944244904375
-0.00033233455539181245,-36.60569350909127
-0.00027902458156836465,-31.27469612674649
-0.00021958260301361472,-25.330498271271495
-0.00015657246081620546,-19.029484051530574
-9.291775686148788e-05,-12.664013656058813
-3.149842783419441e-05,-6.522080753329468
2.5476079756789987e-05,-0.8246299942310273
7.675992731496695e-05,4.3015285532635845
0.00012194161863989643,8.801712124708793
0.0001612564313091465,12.691770021983515
0.00019501748301795275,16.004590884130966
0.00022283256392036023,18.709814507406232
0.00024276987077682634,20.633319126600078
0.00025332841082611665,21.646226699553253
0.0002544589915064681,21.754439131400726
0.0002472862715342415,21.037167134178063
0.00023328555522373283,19.637095503127195
0.00021356967493579108,17.665507474333022
0.00018876595910879344,15.185135891633259
0.00015939887738306813,12.248427719060727
0.00012666387123183633,8.974927103937546
9.289800382713569e-05,5.598340363467481
6.143492607302434e-05,2.4520325880563476
3.5786188444266525e-05,-0.11283914854115958
1.8506833693649383e-05,-1.8405459403658182
1.0606918305617843e-05,-2.6301325842379577
1.1377987121385925e-05,-2.5530257026611496
1.898558650182666e-05,-1.7922657646170759
3.1122855356954724e-05,-0.5785388791042698
4.561410681455038e-05,0.8705734649484488
6.06357338538952e-05,2.3723962497911426
7.441039472066521e-05,3.748742362639715
8.506810845849864e-05,4.812802614321649
9.104814188601638e-05,5.4094309322275524
9.225633282868915e-05,5.529931291420047
8.878850471093001e-05,5.1831484796441325
8.076747697983575e-05,4.381045706534707
6.881593039954137e-05,3.1858910485052685
5.464881886561066e-05,1.7691798951121969
4.0804963844830416e-05,0.3847943930341727
2.9996839201886102e-05,-0.6960023638061338
2.4196613842301476e-05,-1.2759588167515556
2.3862395739736712e-05,-1.3093745413064997
2.8182156700492997e-05,-0.8773984452308713
3.556831138536412e-05,-0.13878297674375928
4.3904090237196227e-05,0.6947892324112496
5.018808042863767e-05,1.3231400842926273
5.267453990146809e-05,1.5717452666502107
5.1307963537962486e-05,1.4350876302996507
4.675457248541542e-05,0.9797485250449436
3.8979346957334744e-05,0.2022259722368762
2.703536901572569e-05,-0.9921304112755724
9.455531612391557e-06,-2.749435297235981
-1.4775203625962041e-05,-5.16870156787847
-4.531253941655221e-05,-8.20921580414637
-8.051391147460371e-05,-11.69620557551213
-0.00011798911268081177,-15.379089385610841
-0.00015491438490310673,-18.96975206716558
-0.00018763630697125067,-22.11334761241348
-0.000214203792622721,-24.635263831926398
-0.00023460081577637019,-26.551067630975442
-0.0002494796705837225,-27.936644105221216
-0.000258342690875743,-28.757010326611866
-0.00025918283581627855,-28.83457680282646
-0.0002492708172552217,-27.843374946720783
-0.00022636807061589753,-25.553100282788364
-0.00019017735160755276,-21.934028381953887
-0.00014331150779610537,-17.247444000809146
-9.180592525567058e-05,-12.09688574676567
-4.1474384091837e-05,-7.063731630382311
4.007146121396762e-06,-2.5155786090589363
4.2896883315431105e-05,1.3732969430122632
7.380261180819851e-05,4.461371144005171
9.450537439463186e-05,6.5260193819329615
0.00010181290564606208,7.253662077749605
9.247935555527873e-05,6.320307068671269
6.503124063239524e-05,3.5754955763829197
2.1065669313160457e-05,-0.8210055448717244
-3.46244335699391e-05,-6.381707151126766
-9.510611174250705e-05,-12.378265635234282
-0.0001533031394016208,-18.070899519677656
-0.0002034607973454323,-22.890559166061
-0.00024181176559209228,-26.508658644023477
-0.0002665319276219166,-28.805746588286265
-0.00027696472087960805,-29.766345433896667
-0.0002722464747339425,-29.294520819330113
-0.00024979590097059574,-27.04946344299544
-0.00020889786737410937,-22.9596600833468
-0.00015199467141018358,-17.26934048695422
-8.403017317331329e-05,-10.472890663267192
-1.0084452157377344e-05,-3.0783185616735977
6.638896826238474e-05,4.566426927275266
0.00014408814706541153,12.282757404161138
0.00022356224669800557,20.036863950749467
0.00030520591707770936,27.770369866202575
0.00038717844339689696,35.21940352817737
0.00046341463184976624,41.805514916737735
0.0005270489379153675,47.020122650442005
0.0005728962152435269,50.60693064865299
0.0005978369660557506,52.49628797566175
0.0006002632634657535,52.677732032141364
0.0005793078124389182,50.58218692945782
0.0005349567943049479,46.14708511606081
0.00046790168776612785,39.44157446217879
0.00038045414286178654,30.696819971744663
0.0002778251480202895,20.433920487594957
0.00016841681140475698,9.493086826041704
6.25209784373243e-05,-1.0962119927626848
-3.0412776888302932e-05,-10.353117868041926
-0.00010303943001775928,-17.47917134096443
-0.00015135340107872114,-22.131449901673136
-0.00017467860376553122,-24.345852183504693
-0.000174273136846893,-24.305305491640873
-0.00015448411915066802,-22.326403722018373
-0.00012208445561779044,-19.086437368730614
-8.444505038600325e-05,-15.3224968455519
-4.743065408666437e-05,-11.621057215618011
-1.4672540589813542e-05,-8.345245865932927
1.2254005439241087e-05,-5.652591263027463
3.321978123352778e-05,-3.556013683598793
4.8485547112301014e-05,-2.02943709572147
5.774924246602523e-05,-1.1030675603490483
5.912642198273786e-05,-0.9653496086777853
5.1173520065138536e-05,-1.760454340015887
3.366127438289144e-05,-3.5103310788178206
6.974959420499364e-06,-6.172546371129209
-2.899053516792658e-05,-9.746644159326253
-7.527630272668473e-05,-14.310662627829105
-0.00013332501373641752,-19.95342440561342
-0.00020382701479729676,-26.642641085930773
-0.00028518361735572063,-34.075504611766476
-0.00037290756776209327,-41.674681939782936
-0.0004599608901862887,-48.72953899494125
-0.000538052827552238,-54.61212479265
-0.0005993017933815457,-58.91950324893454
-0.0006378163326207605,-61.4885374140738
-0.0006506099242258815,-62.31807364377333
-0.0006373275350799276,-60.989834729177936
-0.0005998496459129891,-57.242045812484086
-0.0005417404557136097,-51.43112679254615
-0.00046767247465639614,-44.024328686824795
-0.0003833828755649139,-35.59536877767657
-0.0002953222583646466,-26.789307057649843
-0.00020982335227235908,-18.239416448421093
-0.00013155150033752644,-10.41223125493783
-6.387236860306317e-05,-3.6443180814915013
-8.642862109592542e-06,1.8783061600800568
3.405555956276796e-05,6.14096596253261
6.557413467190253e-05,9.27497752951547
8.904688540005065e-05,11.598256043184005
0.00010858575047556009,13.52335342091806
0.0001277635105422099,15.403753151043711
0.00014836975010579283,17.412775880713383
0.00017021079461229367,19.527676079528934
0.00019199429665645658,21.62049849312358
0.00021204481297804309,23.530876101345193
0.000229330187948059,25.164571608556393
0.0002441108446614697,26.55123151839327
0.0002579892518596765,27.84417176533142
0.00027312956577247216,29.244217782429914
0.00029106941307528744,30.88841417553781
0.0003132748730650572,32.90041578514191
0.0003411249732416837,35.38583328096677
0.0003755933637451183,38.40000755090254
0.0004165349256563845,41.886163439176826
0.0004623518113972729,45.65963788401063
0.000509886342580004,49.42515574752628
0.000554740664761426,52.83386787006514
0.0005920248255954292,55.55808170024527
0.0006174396140609485,57.35754319285453
0.0006285038355524358,58.12629460223279
0.0006241161689169407,57.68752793868328
0.00060451226561093,55.72713760808222
0.00057141653698727,52.41756474571621
0.0005281393388006034,48.089844927049555
0.00047906299927552435,43.18221097454165
0.0004288375858647539,38.159669633464596
0.00038194156453477966,33.470067500467174
0.00034189767519373547,29.46567856636275
0.00031069650222314324,26.345561269303534
0.0002882755195392004,24.103463000909247
0.0002730749981466834,22.583410861657548
0.00026269203338553503,21.54511438554271
0.0002545915516448303,20.735066211472237
0.000246901588574902,19.966069904479408
0.00023805688407316846,19.08159945430605
0.00022687224413733785,17.96313546072299
0.00021332766123690553,16.608677170679762
0.00020024443758393323,15.300354805382531
0.0001896313219818014,14.239043245169348
0.00018135856275619267,13.411767322608474
0.0001733791623303032,12.613827280019528
0.00016185346608961316,11.461257655950524
0.00014607101098787506,9.883012145776714
0.00012912498718906828,8.188409765896035
0.00011520381484652031,6.796292531641239
0.00010544449301005155,5.820360347994363
9.626412336158234e-05,4.902323383147442
8.034033873071612e-05,3.3099449200608193
4.9941670906674686e-05,0.27007813765667615
1.0631696683540082e-06,-4.614460944324757
-6.545818684697833e-05,-11.224515991463813
-0.0001445983387186375,-18.965566890996282
-0.00022945119251714565,-27.02818683624349
-0.00031359959983893885,-34.69506289028305
-0.0003925545687900894,-41.52635901419056
-0.00046407825709630533,-47.37243902089919
-0.0005259288109951192,-52.14608133869254
-0.000574927596116925,-55.73509658232829
-0.0006073177025283682,-58.01243036733027
-0.0006206769428681754,-58.92952675249824
-0.0006155774992244511,-58.419582388125825
-0.0005960894215412268,-56.47077461980339
-0.0005692712649614906,-53.78895896182978
-0.0005426838814581546,-51.13022061149618
-0.0005212588319456138,-48.987715660242095
-0.0005046634208888956,-47.32817455457028
-0.0004898710050659171,-45.84893297227243
-0.0004735781071985842,-44.21964318553914
-0.0004533829803465243,-42.20013050033315
-0.00042778405017654164,-39.640237483334886
-0.00039581228836071475,-36.443061301752195
-0.00035662355284692474,-32.524187750373194
-0.00030935158766341313,-27.79699123202203
-0.0002538175084259143,-22.24358330827215
-0.00019191172735114883,-16.0530052007956
-0.00012886130379369135,-9.747962845049848
-7.053834210312562e-05,-3.915666675993277
-2.1348636408597533e-05,1.0032125899941449
1.66678807022647e-05,4.801296916756763
4.3559510721443355e-05,7.480685401563662
6.09218490443224e-05,9.205503826735484
7.10503931270017e-05,10.209396224792046
7.615628228214438e-05,10.71474894885255
7.824512596439078e-05,10.921344713882306
7.936813536029784e-05,11.032379220377155
8.220828378013841e-05,11.313076764195248
8.898815845423981e-05,11.982461866220047
0.00010073161406606695,13.139492954175955
0.00011732891676796274,14.76905680944622
0.0001378866523963274,16.77715935552031
0.00016127860999574188,19.046514862986726
0.00018656859939120298,21.479033732493996
0.00021307394411508126,24.002387664138038
0.00024009246605492977,26.54431613181583
0.0002670270300661609,29.045168448038034
0.00029334709083286934,31.454474735951205
0.00031835493317579263,33.709999360043064
0.00034107575501130324,35.729265981745264
0.0003603442477117525,37.418372922108226
0.0003748912359958578,38.67893030658658
0.00038364685114903186,39.43142637905224
0.0003857987018789274,39.615642005622625
0.0003808890775335704,39.12467957108692
0.0003688595596841047,37.92172778614035
0.00034978774654139994,36.014546471869885
0.00032396760154623344,33.43253197235324
0.00029183608096670677,30.21937991440057
0.00025404716441441695,26.440488259171588
0.0002122352970633144,22.259301524061332
0.00016909818512368113,17.945590330098003
0.0001278210386839296,13.817875686122852
9.102569573855881e-05,10.138341391585772
6.0400673317867727e-05,7.075839149516664
3.644465221585173e-05,4.680237039315065
1.889216850972771e-05,2.9249886687026625
7.322964173927193e-06,1.7680682351226107
9.628505450148415e-07,1.1320568722313753
-1.19524837331483e-06,0.9162469803984082
1.338520784717818e-08,1.037099013511844
5.3932667250226945e-06,1.574997371755866
1.4451154292836753e-05,2.48042696383426
2.4764894139664797e-05,3.5109229022257225
3.3832887283600526e-05,4.416384880075558
4.103686567760088e-05,5.135248227270159
4.7608373902684654e-05,5.7905718708578044
5.446153856934069e-05,6.473490947464583
6.343066412167895e-05,7.366411147253222
7.629071455465286e-05,8.64475891581808
9.291769450120626e-05,10.293617550733153
0.00011007754019999808,11.989860866177285
0.00012232924318879575,13.197058811792923
0.00012421489030075254,13.382546414808807
0.00011166400748922469,12.12745813365602
8.325188225247157e-05,9.286245609980709
4.0413242570950354e-05,5.0023816418285865
-1.3114462877163973e-05,-0.35038046524551947
-7.256503598493468e-05,-6.287907488161703
-0.0001333909860116719,-12.320635357206632
-0.00019110261557690853,-17.96904451211709
-0.00024133069075472113,-22.799559421198005
-0.00028001672969170583,-26.452659157040614
-0.00030421773605022356,-28.70395461090904
-0.000312760916165752,-29.491981282596857
-0.00030677988036565963,-28.893877702587623
-0.00028963806609235755,-27.17969627525741
-0.0002659834299558315,-24.814232661604805
-0.00024069530364210422,-22.28542003023208
-0.00021757136572076127,-19.973026238097788
-0.00019836203480831817,-18.052093146853473
-0.00018222217299881629,-16.438106965903287
-0.0001673375213168682,-14.949641797708477
-0.0001520912717302487,-13.425016839046531
-0.00013552884267611974,-11.768773933633634
-0.00011738802929438783,-9.954692595460443
-9.722485059602899e-05,-7.938374725624557
-7.42781898357814e-05,-5.643708649599798
-4.796997745530436e-05,-3.012887411552095
-1.8814138040735e-05,-0.09730347009515872
1.1240352447099765e-05,2.907348075695402
3.9238113250193585e-05,5.702060397250476
6.210217603648287e-05,7.978375996617181
7.798542105060472e-05,9.555300832663296
8.72061808377373e-05,10.468776688413177
9.280470581530186e-05,11.022621760448022
9.853011983432834e-05,11.588366493825154
0.00010730943539511205,12.454518718196244
0.00012092998708557069,13.794798679474411
0.00014031889189104461,15.694584876372991
0.00016574842436344267,18.169945954468968
0.00019644889895240942,21.130191531376955
0.0002317084328230443,24.486420487905566
0.00027060577498657046,28.127354695470913
0.0003113026759262125,31.859081897422232
0.00035040871992287215,35.36240803231243
0.0003833091410398139,38.24217108617427
0.00040530026957525604,40.13069511647656
0.0004129008000645733,40.77641712502387
0.00040500666795651434,39.98700391421797
0.00038302195614491584,37.788532733058126
0.00035023749665615635,34.51008678418218
0.00031058708142201645,30.545045260768187
0.0002674495738004651,26.231294498613053
0.00022359805406253102,21.846142524819648
0.00018135287575826893,17.621624694393436
0.00014270814912886593,13.757152031453135
0.00010922038329865958,10.4083754484325
8.171497149966209e-05,7.65783426853275
6.001310222723059e-05,5.487647341289599
4.292614655440857e-05,3.7789517740073975
2.875814034303614e-05,2.362151152870154
1.582314294351849e-05,1.0686514129183888
3.07174031016093e-06,-0.20648788375651073
-9.249145519180331e-06,-1.4384824743888964
-1.9323295968988343e-05,-2.445534473069751
-2.5313301622380392e-05,-3.044113478226092
-2.64926629958575e-05,-3.161944081654156
-2.3241784252857114e-05,-2.8368562073541175
-1.6540835755892007e-05,-2.166761357657607
-7.59930107535049e-06,-1.272607889603455
2.4342848356224984e-06,-0.269249298506156
1.2361383249433676e-05,0.723450206594973
2.077326558694029e-05,1.5645354056033691
2.6023219919051484e-05,2.0893713380160865
2.6619856260118206e-05,2.149010692255235
2.1292430255125018e-05,1.616268091755916
9.071878009323454e-06,0.39421286717575943
-9.366449713287061e-06,-1.4495257988683914
-3.15937388416624e-05,-3.6708137582288525
-5.412585318433835e-05,-5.919140716114674
-7.384667393593775e-05,-7.882486415463779
-8.891362770031247e-05,-9.378795731401013
-9.901648244072154e-05,-10.379975904373772
-0.0001051982854328755,-10.991643803281963
-0.00010902402169082194,-11.369806602175844
-0.00011130286675801493,-11.594920496616748
-0.00011079520322973455,-11.544154143788711
-0.00010656152647742383,-11.120786468557638
-9.908603221874274e-05,-10.373237042689532
-9.032974237609739e-05,-9.497608058424994
-8.350461854891546e-05,-8.815095675706802
-7.92456190297524e-05,-8.389195723790495
-7.466726935770469e-05,-7.931360756585725
-6.524327686834085e-05,-6.988961507649341
-4.807297315053219e-05,-5.271931135868475
-2.4010766856973466e-05,-2.8657105065126025
2.2847814019903135e-06,-0.23615568061622463
2.464762560483618e-05,1.999890362488959
3.922032358883292e-05,3.456149367617603
4.4320739632324465e-05,3.965548942182537
4.03714408353714e-05,3.5706190624872303
2.9142382170609144e-05,2.4477131960110055
1.3097742356930963e-05,0.843249214643187
-4.99579789039118e-06,-0.9660775036672703
-2.2302966387132302e-05,-2.696212367586977
-3.554297260311868e-05,-4.018810537478991
-4.142135209580928e-05,-4.605634785676944
-3.7623770700639316e-05,-4.225876646159948
-2.493986152098477e-05,-2.9574857281944937
-5.385635821143462e-06,-1.0020631582103627
1.843628049903091e-05,1.380055894082179
4.308144007382605e-05,3.8429279474753706
6.411600409091694e-05,5.94170921368421
7.655296263069164e-05,7.180487615531372
7.599389302513996e-05,7.124580654976204
6.059483106509125e-05,5.584674458971333
3.3200192378764375e-05,2.8452105903386458
-1.5389177972348885e-06,-0.6286783825801159
-3.8809066050254574e-05,-4.353143807999451
-7.445490634769907e-05,-7.905003565582693
-0.00010460852695361411,-10.895571371161656
-0.0001256772622917567,-12.974706084159266
-0.00013456273971808484,-13.848520497570568
-0.00012888309885836926,-13.280556411599012
-0.00010798081850645914,-11.190328376407999
-7.379002814274326e-05,-7.771249340036411
-3.183629235253323e-05,-3.575875761015408
1.1782246496984823e-05,0.7859380811731417
5.233393369971527e-05,4.837671416310055
8.680800231340182e-05,8.27119091762143
0.00011343623999445098,10.911397049261641
0.00013073735849214498,12.619490981738087
0.0001371730834869623,13.253176753394717
0.00013152173458928158,12.688041863626646
0.00011371436096872922,10.907304501571408
8.562928488707613e-05,8.0987968934061
5.09562973711768e-05,4.631498141816167
1.4408116312106107e-05,0.9766800359090974
-1.9558403268844958e-05,-2.4195505849509176
-4.801749461574975e-05,-5.261392921984648
-6.973110615792255e-05,-7.424603721301632
-8.430256058651321e-05,-8.872795261953323
-8.95433264967994e-05,-9.3928380571284
-8.45546755322931e-05,-8.89397296067777
-7.031772200479e-05,-7.470277607927461
-4.8473446210381715e-05,-5.285850028486631
-1.97471064825433e-05,-2.4132160557027884
1.704999252335842e-05,1.266405290227798
6.430383006810743e-05,5.985307106140939
0.00012315978792315198,11.826518230744114
0.00018956988378332723,18.32666159387923
0.0002584402573331673,24.91551822581336
0.0003254130421457067,31.12773567969039
0.0003860020128558532,36.548520495617566
0.0004340738399375228,40.69757922079388
0.00046189924662629766,43.03326863365474
0.000461175781016801,42.960922072705074
0.0004257146440195341,39.41480837297838
0.0003539698635731942,32.24033032834439
0.0002502423897207524,21.867582943100214
0.00012436531353162363,9.279875324187337
-1.1624704464081645e-05,-4.315059639846659
-0.0001461435886213902,-17.596763404356942
-0.00026834306139671984,-29.18212851782218
-0.0003655463466907223,-37.88534422620336
-0.00042965892800010317,-43.32065500514516
-0.00045860871856213107,-45.68792729249861
-0.00045526773680433134,-45.31642080365676
-0.00042647129601195186,-42.43677672441881
-0.0003761151644055943,-37.40116356378306
-0.0003039887762560001,-30.188524748823642
-0.00020881279128853037,-20.670926252076665
-9.373585951998602e-05,-9.163233075222234
3.1767089202756106e-05,3.3848461025219025
0.00015315226216711374,15.410720046095685
0.0002548435240521964,25.18592165660783
0.00032538126853166383,31.712172620369593
0.0003598087752128944,34.80493424392329
0.00036006561438485957,34.827760485074535
0.0003302421685458202,31.8454159011706
0.00027328076753614183,26.149275800202762
0.00019078041732536048,17.89924077912463
8.4422271266783e-05,7.263426173266879
-3.979557005390361e-05,-5.153219093581568
-0.000170438203904088,-18.037459283974936
-0.00029304713944482223,-29.640798060256156
-0.0003947687012492003,-38.71101251313055
-0.0004682945266902941,-44.88075298261775
-0.0005128163496019871,-48.4432445820293
-0.0005329579025378988,-50.010104249790274
-0.0005351258305137747,-50.158850992706505
-0.0005246144056606577,-49.1077085073948
-0.0005045956875674903,-47.10583669807806
-0.00047503256740889896,-44.149524682218924
-0.00043451465003233915,-40.09773294456294
-0.00038259808309527697,-34.90607625085673
-0.00032188854362552057,-28.835122303881086
-0.0002578749886566857,-22.4337668069976
-0.00019734487903275299,-16.380755844604327
-0.00014651984652437082,-11.298252593766108
-0.00010973312531457122,-7.619580472786146
-8.93323857197071e-05,-5.579506513299735
-8.605952280888384e-05,-5.252220222217408
-0.00010071269871277243,-6.71285558994746
-0.00013422531504605781,-10.042724621395854
-0.0001860488912222849,-15.149617652909763
-0.00025220611256865523,-21.560424304522208
-0.00032464095380817085,-28.38908452207105
-0.0003921732749797948,-34.530092444723465
-0.0004434995906828481,-39.028224472090905
-0.0004701762606409049,-41.30321293129316
-0.0004681225237359037,-41.097839240793036
-0.0004375813403147087,-38.04372089867354
-0.0003817939896090065,-32.46498582810332
-0.0003054696569323227,-24.832552560434944
-0.0002130588196634547,-15.591468833548142
-0.00010846485438582326,-5.132072305784997
4.178058463596753e-06,6.125030518656787
0.00011985008665447671,17.526844900665964
0.00023320929525704024,28.295431282435157
0.0003409904419918426,37.96509883416873
0.0004397462888628394,46.214982118513646
0.0005256832255598058,52.85954829617686
0.0005961065502579247,57.91281256037777
0.0006506493499859489,61.57941949892763
0.0006905767295397273,64.12667754600922
0.0007162122809144277,65.70158347160944
0.0007291469628599363,66.47836806381345
0.0007319567472881956,66.64553253278136
0.0007270985638072123,66.15971418468303
0.0007156928017493278,65.01913797889459
0.0006970854721465088,63.158405018612676
0.000669752607140773,60.42511851803909
0.0006323217542058731,56.682033224549116
0.0005859785964326945,52.04771744723125
0.0005332255141249576,46.77240921645756
0.000477308884156943,41.1807462196561
0.00042230137738637577,35.67999554259938
0.0003727952077537744,30.72937857933924
0.0003330770906746959,26.757566871431397
0.00030520709704007524,23.970567507969328
0.0002903046283243187,22.480320636393675
0.0002882658176436734,22.27643956832915
0.0002966793459181693,23.078699022167804
0.00030990006462868635,24.33358793475429
0.0003195450777509208,25.244471971311945
0.00031609181932010883,24.899146128230747
0.00029124426704173954,22.414390900393816
0.0002400760076229841,17.297564958518272
0.00016211888373001988,9.50185256922185
6.118768942395078e-05,-0.5911681339902328
-5.614286201544844e-05,-12.264239270824385
-0.00018218954063765034,-24.453307530393452
-0.00030949233584363954,-36.08018605668239
-0.0004312584860250717,-46.326196262732694
-0.0005419426058056073,-54.773495018532614
-0.0006373688899179439,-61.35104741865704
-0.0007148110838776929,-66.20392055576052
-0.0007733596335997612,-69.58889532640077
-0.000813450818314683,-71.76917339015536
-0.0008366247623411347,-72.97957971068332
-0.0008449087536621938,-73.40353589722329
-0.0008399686472847889,-72.90952525948279
-0.0008234300050767147,-71.25566103867537
-0.0007966672591703416,-68.57938644803808
-0.0007599933876861855,-64.91199929962247
-0.0007107488812715329,-59.98754865815721
-0.0006482609409987943,-53.73875463088334
-0.0005756098551205871,-46.47364604306263
-0.0004989696036365007,-38.80962089465399
-0.0004271455444958944,-31.627214980593354
-0.00036437189639763217,-25.34985017076713
-0.0003085554122362592,-19.768201754629832
-0.0002546087660566746,-14.373537136671374
-0.00020023735079393925,-8.93639561039784
-0.0001484178911369776,-3.754449644701674
-0.00010591568881782681,0.4957247577379345
-8.116128041818197e-05,2.9700681355166076
-7.939221872139876e-05,3.1467860165174257
-0.0001000458107705603,1.0814268116012715
-0.0001362375685105819,-2.5374487458363837
-0.0001776877442970744,-6.6749891406397275
-0.00021474649530068882,-10.357700692727635
-0.00024024719583825706,-12.877830609697124
-0.0002501657772433732,-13.854213018052475
-0.00024286387069421777,-13.124022363136934
-0.00021899458496120824,-10.73709378983598
-0.00017859593202831334,-6.69722849654649
-0.00012122765070994618,-0.9604003647097723
-4.8592621997920385e-05,6.294141263926927
3.339212424991036e-05,14.402099475648697
0.00011434769855772993,22.234162480679416
0.0001820626166866332,28.590346623646806
0.00022672502005519293,32.662501877414385
0.0002442358061310437,34.23004320577013
0.00023745476815206394,33.551939407872155
0.00021422717279152902,31.229179871818662
0.00018398618150783838,28.2050807434496
0.00015452568587069482,25.259031179735246
0.0001299232013266662,22.798782725332384
0.00011105012174126665,20.911474766792427
9.798853836052632e-05,19.605316428718393
9.403699913383828e-05,19.21016250604959
0.00010116588120023993,19.897193953900132
0.00011824456451503708,21.53562671951746
0.00014198685463591407,23.794584266706693
0.00016946868362524147,26.379746383412055
0.00020045865721295044,29.253333075635677
0.00023813126892265407,32.68179015570452
0.0002868344702241254,36.998954793387625
0.0003473112536625976,42.16232433884859
0.00041895177647639765,47.97198406203992
0.0004995942072865346,54.08744397409452
0.0005845227241610723,60.0232121219336
0.0006652779133565425,65.18199842494079
0.0007308043272009898,69.0246438810677
0.0007692334474522461,71.13847947609867
0.0007705430671951847,71.20872871020275
0.0007293178178793948,67.08620377862376
0.0006456521916858097,58.71964115926526
0.0005250886764454106,46.66328963522535
0.0003776631217454312,31.920734165227397
0.00021814673735879632,15.969095726563907
6.008718704270756e-05,0.16314077044194877
-8.64938783674233e-05,-14.398790057914585
-0.00021367375888402132,-26.600042422607938
-0.0003137707288281594,-35.698980945561054
-0.0003803804140839926,-41.44009914350547
-0.00041180736720703115,-44.0519084625081
-0.0004087053215766699,-43.74170389947198
-0.0003743854737908519,-40.30971912089018
-0.00031606677341383107,-34.4778490831881
-0.0002452981572118238,-27.40098746298737
-0.0001756772639498944,-20.43889813679443
-0.00011976399986893777,-14.84757172869877
-8.65240510477257e-05,-11.523576846577564
-8.002243658465999e-05,-10.873415400270993
-9.998839567619877e-05,-12.843736702466487
-0.00014346243160156437,-17.09981108609836
-0.00020653612139133853,-23.168029785701293
-0.00028538414756122687,-30.523222527085956
-0.00037623541607350404,-38.600657956253436
-0.0004748942525428721,-46.8022535569514
-0.0005762325760427508,-54.53798112238014
-0.0006743534992972185,-61.32631343852857
-0.0007634036394589796,-66.88342022863053
-0.0008383909464697878,-71.1262377218055
-0.0008957550303507327,-74.11162801727941
-0.0009329406513960078,-75.93064659672903
-0.0009481364017744827,-76.64838548351007
-0.000939485020878063,-75.78324739386811
-0.0009044506339971577,-72.27980870577758
-0.0008393366128573205,-65.76840659179385
-0.0007423186680310564,-56.066612109167444
-0.0006151123508459679,-43.34598039065858
-0.00046271035522015924,-28.10578082807772
-0.00029218080142568554,-11.05282544863035
-0.0001113410913455479,7.015162544478687
7.204584092097721e-05,24.84587419448141
0.00025066923496452984,40.82887122575268
0.00041733844085766104,53.94425509148151
0.0005654987719411908,63.943482072953444
0.0006895985825929949,71.10693292003135
0.0007856112062483667,75.92767873357569
0.0008517491470551741,78.90584956389858
0.0008888605153688545,80.4614864398429
0.0009005493748075528,80.93490421436813
0.000892436075817277,80.12357431534053
0.0008711918910658838,77.99915584020123
0.0008436659594739202,75.24656268100486
0.0008159656966472226,72.47653639833511
0.0007927685910867707,70.15682584228992
0.000777197957216267,68.59976245523956
0.0007712652942475366,68.00649615836652
0.0007761645751714312,68.28889099064105
0.0007924630438515603,69.21622339591703
0.0008198276675800966,70.7316359762465
0.0008566638775978185,72.6905537754471
0.0008999708186202821,74.87735894173352
0.0009454736946821184,77.04378906041396
0.0009880390782227356,78.95289755114565
0.0010227782442549394,80.42990279803
0.0010456475393306214,81.36373135847491
0.0010536251088712218,81.68244893861478
0.0010444473459418598,80.76467264567857
0.0010164461449937148,77.96455255086407
0.0009685050682142608,73.17044487291867
0.0009000200980020786,66.32194785170046
0.0008112686957765372,57.446807629146306
0.000703971810130082,46.71711906450079
0.0005819481834910351,34.51475640059609
0.00044988685032278894,21.308623083771476
0.0003125925287904324,7.5791909305358205
0.0001746328890967924,-6.206557727170013
4.0401621869630086e-05,-19.384701300771734
-8.59028691200919e-05,-31.211932450563836
-0.0002004729354920165,-41.22061398002013
-0.0003000046565344114,-49.23913006056155
-0.00038224864692645903,-55.34462393120105
-0.00044671790497397793,-59.78948205058628
-0.0004956587212553101,-62.96217148819287
-0.0005323828755022731,-65.22930522277005
-0.0005604121253104241,-66.89479482441897
-0.0005832013584200789,-68.20797868478357
-0.0006043697917969466,-69.39522373227364
-0.0006276488696911098,-70.66507642293756
-0.0006566869836654596,-72.19730400722676
-0.0006946314092324675,-74.11454216569525
-0.0007434056432611826,-76.44156656759787
-0.0008032334088330676,-79.09322039737533
-0.0008722316426888901,-81.88888713593111
-0.0009470899819948302,-84.62585106861411
-0.001023744989590264,-87.13516087676382
-0.0010978206802102059,-89.30352711998859
-0.0011649909808738766,-91.0721611653169
-0.0012212029701003594,-92.42074515179017
-0.0012627162241987309,-93.34578992007867
-0.001286259030565428,-93.84523100836263
-0.0012891868649309113,-93.90611316242251
-0.0012696575237071473,-91.95317904004612
-0.00122675599271972,-87.66302594130339
-0.0011616053518384442,-81.14796185317583
-0.001077155820990661,-72.7030087683975
-0.0009772186871590204,-62.709295385233446
-0.0008654358051218788,-51.53100718151928
-0.0007446718369934274,-39.45461036867414
-0.0006172470190396494,-26.71212857329634
-0.0004857254850803987,-13.55997517737127
-0.000354059384880356,-0.3934611157387132
-0.00022646145559550965,12.292238314501136
-0.00010661205389733683,23.858856836117045
2.7250963884997083e-06,33.88056993089621
9.961047147250564e-05,42.200998530573045
0.00018271968823699663,48.853449588560046
0.0002512050471405935,53.97355302201857
0.0003047994980064052,57.74508946683582
0.000344291548186881,60.39071730376896
0.00037167105239481897,62.15844334941553
0.00039026778237239465,63.328201102679365
0.0004045518848838185,64.20978011516839
0.0004199431565566212,65.14332190561284
0.00044124250866663307,66.40736472109998
0.00047173774372288597,68.16136671981019
0.0005132188274725406,70.44334174326082
0.0005663150843789855,73.1936571958919
0.0006305866173659227,76.2756854708578
0.0007041645643787799,79.48851813865076
0.000784529292155189,82.63863326243727
0.0008685756819084583,85.56500907132799
0.0009523887216598033,88.14406216068276
0.001031139744232079,90.29023210621733
0.001099637425571844,91.96098346793659
0.0011533995126615933,93.15659901038485
0.0011886250439471589,93.88904587680543
0.001202521490193607,94.16748256411209
0.00119376268686241,93.29160223099237
0.0011630489157491747,90.22022511966884
0.0011128573034816858,85.20106389291996
0.0010463379397771132,78.5491275224627
0.0009672298997239294,70.63832351714431
0.0008794382849966529,61.85916204441667
0.00078663489707164,52.57882325191539
0.0006919086538116484,43.106198925916225
0.0005977860834370637,33.69394188845775
0.0005063692043023645,24.55225397498784
0.00041919971487781806,15.835305032533194
0.0003373168599639573,7.647019541147118
0.00026152550224338563,0.06794719769837233
0.00019289290665093842,-6.781883069771298
0.00013200697506291078,-12.805794810510143
7.870691096000693e-05,-18.00579353217805
3.248539947548866e-05,-22.439282836605674
-7.116820396297616e-06,-26.16957349658375
-4.047072360475494e-05,-29.255519778203237
-6.813275277701353e-05,-31.77242932879185
-9.1270031126639e-05,-33.84610505298608
-0.00011198962080727472,-35.67749932117355
-0.00013320290853336068,-37.526471777632175
-0.0001581242708756511,-39.66373355460499
-0.00018975917587136186,-42.32040997394551
-0.00023058372314140607,-45.652023201762226
-0.0002813246568840559,-49.63487853373699
-0.0003406809140923088,-54.06409294092723
-0.0004059319560333577,-58.64043978491871
-0.00047382086077515684,-63.07363611217976
-0.000541186856186449,-67.14445117783913
-0.0006051415679898258,-70.71322070010936
-0.0006630286294931943,-73.70292304148222
-0.0007122354180190186,-76.07139283861045
-0.0007501264821008137,-77.79098142164129
-0.0007743261845393655,-78.84329974222192
-0.0007830547009722263,-79.21426622984087
-0.0007755496183288513,-78.46375796550338
-0.0007523900833703111,-76.14780446964936
-0.0007153892146137792,-72.44771759399617
-0.0006667427561079764,-67.58307174341589
-0.0006079902759590566,-61.707823728523906
-0.0005406250817662168,-54.97130430923993
-0.0004664458646315415,-47.55338259577239
-0.00038765069467597816,-39.67386560021606
-0.0003065556974624344,-31.564365878861683
-0.0002253113976143063,-23.439935894048872
-0.0001455724537408916,-15.466041506707404
-6.841973759654535e-05,-7.750769892272778
5.525147214272703e-06,-0.35628141119097234
7.580888515803438e-05,6.663128230577731
0.00014206734802098077,13.226783442559858
0.00020364771069383326,19.2343314724806
0.00025972149580825695,24.593439335848895
0.00030974862363097855,29.262594435663008
0.0003538886775857441,33.28030474011911
0.0003927394845733469,36.72878062204692
0.0004263818623384055,39.64346128859911
0.00045568008096652274,42.124786858624766
0.00048225535202747137,44.327789902166224
0.000507901303455987,46.40941770745534
0.0005335587299438268,48.447339560417475
0.0005590283252921578,50.4253047974536
0.0005831718975814771,52.258202558086204
0.0006042353958936644,53.82341298466143
0.0006205989894390961,55.01742180641178
0.0006313383064495874,55.79055442320602
0.0006370019685168853,56.19492969359621
0.0006381477661388227,56.27645531778954
0.000634691226678631,55.93080137177038
0.0006263538752291144,55.09706622681871
0.0006134543916569998,53.80711786960726
0.000597326641407212,52.19434284462847
0.0005801192136319407,50.47360006710135
0.0005639245471039017,48.85413341429744
0.0005497651117295955,47.43818987686683
0.000536976257809266,46.159304484833875
0.0005232992424291633,44.7916029468236
0.0005057781469572638,43.03949339963365
0.00048180849055429447,40.64252775933672
0.00044955430176490317,37.41710888039759
0.0004075049066744089,33.21216937134816
0.0003556617144415134,28.027850148058615
0.00029540462487714415,22.00214119162169
0.00022881550781985718,15.343229485892989
0.0001577385647856513,8.235535182472402
8.347607870561871e-05,0.8092865744691407
6.9707266357714575e-06,-6.830444940322645
-7.099273119902258e-05,-14.537635732257737
-0.0001494011359532965,-22.126168350605067
-0.0002266131532531913,-29.364805472718416
-0.0002998123581683515,-35.95438876564189
-0.0003669388990272663,-41.72462076142044
-0.0004273143599347749,-46.66845440552817
-0.000481019266287685,-50.85780719503345
-0.0005276821441603202,-54.33275286429039
-0.0005659436169781823,-57.06527554403965
-0.0005936307390968042,-58.976417955920006
-0.0006085382589262175,-59.98235196446851
-0.0006095962445470556,-60.05312897277993
-0.0005978161318855552,-58.8751177066299
-0.0005769968597965636,-56.79319049773073
-0.0005516970033225176,-54.26320485032613
-0.0005257756135113079,-51.67106586920515
-0.0005018410118045341,-49.27760569852777
-0.0004816897084807635,-47.26247536615072
-0.0004668795873516206,-45.781463253236424
-0.0004590385605577795,-44.99736057385231
-0.000459564896093998,-45.04019470810343
-0.0004686179353400194,-45.77403902238495
-0.0004848554677182039,-47.07638460478047
-0.0005052836126914382,-48.68921159898465
-0.0005256245682981936,-50.26638436430235
-0.0005411843123256655,-51.45322878062753
-0.0005478184483897638,-51.95404989187459
-0.0005426858646818273,-51.44079152108094
-0.0005244585061159814,-49.618055664496346
-0.0004930758518586012,-46.479790238758326
-0.0004492385183625993,-42.096056889158135
-0.00039395478387694373,-36.567683440592575
-0.0003284353826515795,-30.015743318056156
-0.0002539562078479773,-22.567825837695935
-0.00017270561908176875,-14.442766961075082
-8.790084995382265e-05,-5.96229004828047
-2.918373754927292e-06,2.5350609558201267
7.962007852791562e-05,10.75017897122196
0.00015817751889627544,18.446300739196328
0.0002316696319299627,25.46409929883729
0.00029978158734521526,31.757442446533418
0.00036238581304610533,37.32680251631095
0.0004188165274607123,42.14770527022678
0.0004674819838698949,46.14104004322464
0.0005062946261063227,49.21132508058851
0.0005335807777168787,51.30712039569166
0.0005485742300699855,52.43634909984302
0.0005518537032400307,52.68120979507753
0.0005455772584553016,52.053565316604626
0.0005337821377403708,50.87405324511155
0.0005204856074129795,49.544400212372416
0.0005087750259811975,48.37334206919421
0.000500862459470462,47.58208541812066
0.0004987684693380192,47.37268640487639
0.0005045204020017183,47.82840096363265
0.0005198768970447831,49.0338825803238
0.0005456249734733519,51.018203072284486
0.0005806734879874034,53.64393034400309
0.0006218760981769143,56.61803975490874
0.0006643056571405379,59.55221055943349
0.000702073959654276,62.05397226163912
0.0007289954224109452,63.774088055398174
0.0007406736797990811,64.5039779377167
0.0007351480374892154,63.951413706730136
0.0007123048075269627,61.66709071050486
0.000672789166384282,57.715526596236785
0.0006172478745086024,52.16139740866882
0.0005462156682826832,45.05817678607689
0.0004606928480754594,36.50589476535452
0.00036294042378435073,26.730652336243647
0.0002567305128943296,16.109661247241537
0.00014695246522000312,5.131856479808889
3.853779168633352e-05,-5.703390455800569
-6.451226792757403e-05,-15.883303719009255
-0.00015953612571677501,-25.00304505186346
-0.00024474792815464783,-32.85069284621643
-0.0003190725812281232,-39.37565366459068
-0.00038165344760744023,-44.6060123987472
-0.00043147243296272347,-48.583960627765705
-0.00046749575531856335,-51.35335572803354
-0.0004891583849266107,-52.974544330357205
-0.000496932206212878,-53.54814878195566
-0.0004927655992200746,-53.131488082675325
-0.0004801568505791177,-51.870613218579635
-0.00046307116869109263,-50.162045029777126
-0.00044506740451327574,-48.36166861199544
-0.0004288809026076743,-46.74301842143529
-0.0004165825535646584,-45.5131835171337
-0.00040991397780469103,-44.84632594113697
-0.00041051390207536107,-44.89514925626354
-0.0004195907127992959,-45.63089684336008
-0.00043734787610368595,-47.05414578195844
-0.00046244443180872593,-49.028777742954865
-0.0004914925453924687,-51.25949465466
-0.0005203299859026363,-53.41493530963345
-0.0005448333787760962,-55.19961417982009
-0.0005616888518965887,-56.40211448554917
-0.0005685333737419955,-56.88454191796589
-0.0005628801018826073,-56.31921473202707
-0.0005409788834882478,-54.12909289259113
-0.0005012739124800776,-50.158595791774104
-0.0004473631044727418,-44.76751499104053
-0.00038300822278505294,-38.332026822271644
-0.0003090148958267935,-30.93269412644569
-0.0002253416655876286,-22.565371102529202
-0.00013371894764860304,-13.403099308626642
-3.844123896530514e-05,-3.8753284402968515
5.4258423835905494e-05,5.390177338234551
0.00013787707817774453,13.677608151677644
0.00020776043168972344,20.475881080854503
0.00026223153491099183,25.655389438462407
0.0003023957310127207,29.39183166505968
0.0003306959339727456,31.977043575899668
0.0003493000351081004,33.65353669052416
0.0003595048214563577,34.56506379498248
0.0003620213162984815,34.78894870418583
0.0003578191745183206,34.36873452616973
0.00034889957110571053,33.476774184908734
0.0003382151356739477,32.40833064173245
0.00032896706385199953,31.483523459537626
0.00032364252401476606,30.951069475814283
0.0003234356538333514,30.930382457672813
0.0003281670735271912,31.36142663090288
0.0003368950108817042,32.153485144672395
0.0003487418695723102,33.22207612218169
0.0003633522031386852,34.52935107587085
0.00038089812595545067,36.08338900872031
0.0004014632301008524,37.88202649434996
0.00042435996769025504,39.85464286066387
0.0004477000362404556,41.831896806971926
0.00046853675594548625,43.567613929024745
0.0004834818632296419,44.7950443983727
0.0004894942324021307,45.28464982774343
0.00048447815201184977,44.783041788715344
0.00046745732206948144,43.080958794478505
0.0004383824320690523,40.1734697944356
0.0003978399141171421,36.119217999244576
0.00034688226185100704,31.023452772631074
0.00028703610517753005,25.038837105283374
0.00022047519584494086,18.382746172024454
0.00015007321118411793,11.342547705942161
7.922287009019253e-05,4.257513596549619
1.1298583695208537e-05,-2.534184763955388
-5.0945200537467865e-05,-8.737780996713205
-0.0001057770387718079,-14.152311359083326
-0.00015256354438912225,-18.712392801258964
-0.00019148542484411876,-22.450898345400848
-0.00022314356220774856,-25.448032280109857
-0.00024817025007986483,-27.78631991718201
-0.0002671308797511508,-29.53815229827936
-0.0002806497314441516,-30.776284650093615
-0.00028962309465006635,-31.592923057022244
-0.00029531651575342917,-32.10886807216501
-0.0002992563673763635,-32.464890420124824
-0.00030299490598729913,-32.80194837888469
-0.00030785841775516867,-33.239294889789825
-0.00031472968098942325,-33.85497267243143
-0.0003240442418656445,-34.6853763966728
-0.0003359267624138568,-35.737575827507754
-0.00035034400560695174,-37.00324086571451
-0.00036713903003749565,-38.46208574234365
-0.00038589916296376427,-40.07130013856362
-0.0004058650027762401,-41.75975273459254
-0.0004258181098700946,-43.421584935895524
-0.00044413830925946646,-44.924429247095055
-0.0004589538413095006,-46.12339204464045
-0.0004684213238189089,-46.88178426329938
-0.000470996757588954,-47.08703251112478
-0.0004655595518873717,-46.543311940966554
-0.0004515103371514425,-45.13839046737363
-0.00042876279697508875,-42.86363644973826
-0.0003977168459836094,-39.75904135059032
-0.00035920069411994794,-35.907426164224184
-0.0003144364133129691,-31.430998083526298
-0.00026505250489656563,-26.49260724188595
-0.00021300168556301862,-21.287525308531247
-0.00016035794738990627,-16.023151491220013
-0.00010905859321984559,-10.893216074213946
-6.0676367136771234e-05,-6.05499346590651
-1.6318382399458566e-05,-1.6191949921752435
2.3441912077823388e-05,2.3564625531103265
5.848998971152927e-05,5.855503586465002
