Desplacment,Force
0.0,0.0
2.265169055899266e-07,0.022651690442944145
1.1599643322440807e-06,0.11599641764067319
3.3228686882781033e-06,0.3322865024942842
7.113658496604619e-06,0.711362255362753
1.2522209739117526e-05,1.2522013686685263
1.9120356451500765e-05,1.911965853082219
2.627660313080131e-05,2.6274791755883347
3.340981480495622e-05,3.340609174482605
4.016460075254263e-05,4.015813258067536
4.642217161060268e-05,4.641218545138522
5.2178285042044487e-05,5.216410553630348
5.7394313523066185e-05,5.737544370823404
6.193412374738087e-05,6.1910414269769145
6.564910731552015e-05,6.562087197339179
6.851276983422162e-05,6.848067755535101
7.072627295607597e-05,7.069096994284951
7.269774463395888e-05,7.265940772345523
7.489765056272104e-05,7.4855728612699455
7.766052542682725e-05,7.761379332971656
8.099845573531358e-05,8.094543861604734
8.457840066261709e-05,8.451804298181418
8.781714103957995e-05,8.774958532435416
9.00720660385132e-05,8.999917517582224
9.079464191245551e-05,9.071998390868254
8.961537090565748e-05,8.954071290188452
8.638714822039472e-05,8.631249021662176
8.11418082676651e-05,8.106715026389214
7.409222425340063e-05,7.4017566249627675
6.558560046563672e-05,6.551094246186375
5.6012375052602444e-05,5.593771704882948
4.572584417733178e-05,4.565118617355881
3.500271846093763e-05,3.4928060457164665
2.4031916721213846e-05,2.395725871744088
1.2908004400914507e-05,1.2833346397141543
1.6209288744513474e-06,0.15462708706783826
-1.004431379561329e-05,-1.0118869296541146
-2.2530553307794313e-05,-2.260405869502067
-3.644802540609554e-05,-3.6517819947896117
-5.240620122257239e-05,-5.246643078364179
-7.075558532795845e-05,-7.079478201310736
-9.14366418072707e-05,-9.143485641275978
-0.00011396025840364103,-11.388708128303563
-0.00013753578716087667,-13.73508495055344
-0.00016113243740706006,-16.079011473155806
-0.00018359720618464702,-18.305572991811143
-0.0002037087794378345,-20.29427459748354
-0.00022031465816877406,-21.932682613462706
-0.0002327160069186775,-23.15393986878484
-0.0002409043757880648,-23.959169104844246
-0.00024566341308779544,-24.42673180161281
-0.00024832606708937084,-24.688188922803782
-0.00025026433434524684,-24.878450846459653
-0.00025245197699341526,-25.09312567896021
-0.000255345058290486,-25.37691726490293
-0.00025903291061029964,-25.738489520193244
-0.00026351882905518563,-26.178030345267533
-0.00026891742951134964,-26.706587949739863
-0.00027540422577392845,-27.341083081977327
-0.0002829866520729507,-28.081891052599396
-0.0002911173681688568,-28.875218406146587
-0.00029858411266115147,-29.602780510520883
-0.0003036412034025221,-30.095000239264337
-0.00030445952253221827,-30.17460741992522
-0.0002997212777040051,-29.700782937103902
-0.00028895934553583604,-28.624589720286995
-0.0002725462114267334,-26.98327630937673
-0.00025132653495015726,-24.861308661719118
-0.0002261975418433292,-22.348409351036306
-0.00019780704525563603,-19.50935969226699
-0.00016646951845904976,-16.375607012608363
-0.00013232079773330702,-12.96073494003409
-9.547982720584663e-05,-9.276637887288052
-5.614236098665111e-05,-5.3428912653684995
-1.4505952212790514e-05,-1.1792503879824405
2.933997432656521e-05,3.2050248622339543
7.537075299312462e-05,7.803668663174332
0.00012356403355047793,12.607656069274206
0.0001738605460656079,17.602577165045236
0.00022609094145349074,22.761490875918188
0.000279800507766224,28.028266913983085
0.00033422573579363214,33.31699641920696
0.000388322073509358,38.517240907964414
0.00044098242093694597,43.51766810050198
0.0004914578582986113,48.24687620235278
0.0005396259394333731,52.69630763331698
0.0005859921167215668,56.91615410411633
0.0006313850367006582,60.983609457062684
0.0006765080795141782,64.96092406144372
0.000721602913420597,68.86698956539571
0.0007663514951371808,72.67237329562593
0.0008100652940569593,76.31942055928842
0.000852076513842707,79.75701280740198
0.0008920189129393304,82.9625865926275
0.0009299260262855983,85.94716149545683
0.0009660637766724818,88.73933044730192
0.0010006314539533615,91.36108367999934
0.0010335208515736681,93.81053711823412
0.0010642411806269295,96.05850305978498
0.0010920162438910709,98.0575521840975
0.0011158105196966048,99.74477317231344
0.0011344676464661895,101.05134243814486
0.001146799475294148,101.9070314490137
0.0011516917654794637,102.24475418068366
0.0011482913301867359,101.90471065141088
0.0011361801522305854,100.69359285579583
0.0011156012498014657,98.63570261288385
0.0010874699927036113,95.82257690309842
0.0010532607663287553,92.40165426561282
0.001014693595966378,88.54493722937507
0.0009732134357461572,84.39692120735299
0.0009296463929771502,80.0402169304523
0.0008840345916114221,75.47903679387947
0.0008358129938211131,70.65687701484858
0.0007841465902489363,65.4902366576309
0.0007282766066655133,59.9032382992886
0.0006677053186208874,53.84610949482602
0.0006021801733427863,47.293594967015906
0.0005315790645842896,40.23348409116625
0.00045579417780929396,32.654995413666676
0.00037473393970462675,24.54897160319996
0.00028837935579610646,15.913513212347928
0.00019683115872210847,6.758693504948128
0.0001004092866992315,-2.882974798444167
6.686082013633129e-08,-12.89403916346593
-0.00010245111463666461,-23.03953009849271
-0.0002044865187268654,-32.99362825444039
-0.0003027468263119715,-42.39043466442628
-0.00039374392244945466,-50.88582425909145
-0.00047429568807591185,-58.21240773232097
-0.0005417934997780571,-64.19591762077347
-0.0005942700175597389,-68.74238165435848
-0.0006304668325972304,-71.82206957381997
-0.0006497828273463724,-73.44615013477807
-0.0006522817014256163,-73.64173526237428
-0.0006387160835693967,-72.28517347675232
-0.0006109896829982386,-69.5125334196365
-0.0005721465118777677,-65.62821630758941
-0.0005261289160436153,-61.026456724174174
-0.00047696997359613014,-56.11056247942566
-0.00042752557247545826,-51.166122367358476
-0.00037870140435077883,-46.28370555489053
-0.0003293906126139296,-41.35262638120562
-0.0002772717417354097,-36.14073929335362
-0.00021998037489356405,-30.411602609169062
-0.00015599969378346496,-24.013534498159153
-8.485427930040192e-05,-16.898993049852844
-6.673561934096776e-06,-9.080921313222332
7.845234704565498e-05,-0.5683304152471574
0.0001708412109623435,8.66464667572451
0.0002711227142637942,18.636401137070944
0.00037971837532134494,29.309824916589577
0.0004962477684750634,40.53944868107464
0.0006193102062107703,52.060252863041235
0.0007468449524391994,63.54556051785321
0.0008765735922835989,74.67568206914206
0.0010059150256835588,85.1557188298834
0.0011318789499833578,94.72871035851897
0.0012507696002209611,103.16923737156388
0.0013582099383895934,110.29322404126401
0.001449610298566611,115.97841565591297
0.001520852998182308,120.17352821614901
0.0015687760123603036,122.8808172040928
0.001591353016468956,124.12470715896275
0.0015875110435460001,123.67607265064466
0.0015568676145685276,120.61172975289739
0.001499652378905767,114.89020618662133
0.0014166192696911633,106.58689526516096
0.001309026279701584,95.82759626620305
0.001178680254462815,82.79299374232615
0.0010283225994493154,67.75722824097619
0.0008615814396754187,51.083112263586514
0.0006828542514500877,33.21039344105342
0.0004967864068836067,14.603608984405314
0.00030749828755148915,-4.322437120323667
0.00011788727065626912,-23.141641111256792
-7.073831507299201e-05,-41.35903499926919
-0.0002584952703212517,-58.6506000762575
-0.00044642969167273247,-74.84205438354303
-0.0006359122663314067,-89.83820574168023
-0.0008283816889821041,-103.58762708935656
-0.00102529480318381,-116.06987359145849
-0.0012281335555549364,-127.28972750673404
-0.0014381206478521489,-137.2604243196161
-0.0016553269054880085,-145.9783192578033
-0.0018781313746998524,-153.44021142649595
-0.002102999523854204,-159.67062712154632
-0.002324865269165337,-164.74468050345115
-0.0025379083223809745,-168.78665112884892
-0.0027364415135289564,-171.94955680048787
-0.0029155092852003375,-174.38832384472468
-0.0030710587259093363,-176.23926509321336
-0.0031998279078991818,-177.610486693845
-0.0032991014267161126,-178.58025485187457
-0.003366610148083363,-179.20048789440636
-0.003400531225973883,-179.50095461832436
-0.003399601333402007,-179.0479855367766
-0.0033631601497451312,-175.40386717108905
-0.0032908689339171964,-168.17474558829556
-0.003182500158968932,-157.33786809346915
-0.003037827681052698,-142.87062030184572
-0.002856822007496754,-124.77005294625131
-0.0026400712796105217,-103.0949801576281
-0.0023890772365969975,-77.99557585627568
-0.0021062992239998172,-49.717774596557646
-0.001795026179827201,-18.590470179296023
-0.0014597814082860253,14.86109965568957
-0.0011061255641349674,48.6790904103495
-0.0007404989176392793,79.85979954010851
-0.0003696865082961934,106.18655329231152
-1.2813122484944388e-07,126.85257317209145
0.0003627086971661205,142.25711920841326
0.0007145769597770581,153.39550203316065
0.0010523408581761947,161.35921651791048
0.0013737546694401765,167.0717835395559
0.0016771155193014873,171.22307644013847
0.0019608741706506286,174.29622943672956
0.0022234141531710847,176.61714366081858
0.002462767668321303,178.40023523079134
0.002676596982627313,179.78480174613424
0.0028623940605054304,180.8608663616831
0.003017678466016446,181.68608319831617
0.0031403190608802153,182.2975156626684
0.0032287936418944865,182.71928681100198
0.003283209971950152,182.97139735255345
0.003305383739522818,183.0726274165331
0.0032989024690991786,182.34053590762113
0.0032686717611114264,179.31746510884597
0.0032199041692617426,174.44070592387757
0.003156869376149124,168.13722661261573
0.0030817701474421945,160.62730374192276
0.002993803597381897,151.83064873589305
0.0028896522143848054,141.41551043618387
0.0027655933860856,129.00962760626334
0.0026198628075963276,114.43656975733612
0.0024538322437093483,97.83351336863818
0.002271807148792949,79.63100387699828
0.0020794670467069194,60.3969936683953
0.001881750665201175,40.62535551782085
0.0016817007012103512,20.62035911873848
0.0014803468133981982,0.48580759222029574
0.001277408518263275,-19.665200839306344
0.0010701403976093313,-39.64207295365035
0.0008531197683415815,-59.41653682964506
0.00061763907560022,-79.0954470549314
0.00035339462531519387,-98.5990755298676
5.371402024867057e-05,-117.24073513658864
-0.00028127940810896204,-133.90007640244076
-0.0006430594828757525,-147.58686926165598
-0.001016449557617227,-157.96951094522467
-0.0013832526609120514,-165.3924714575097
-0.0017265265597920796,-170.53279682771762
-0.0020333007765783585,-174.06088192779885
-0.00229522557145254,-176.48792667646651
-0.002508010367513188,-178.15727465439977
-0.002670552650526709,-179.2866957050715
-0.002785612066678884,-180.0221411336378
-0.002859852577030341,-180.471847666139
-0.002903715184267228,-180.72912809234157
-0.002930266738209503,-180.88198653974115
-0.0029529716615062096,-181.0110325381611
-0.0029834737628134573,-181.18204374203225
-0.0030299545661361927,-181.43763937878018
-0.003096331319905459,-181.79269885778996
-0.0031819615962200266,-182.23466380436236
-0.0032828118756442724,-182.73397216738996
-0.0033929513476402763,-183.25573070679343
-0.003505874649744673,-183.7679938318967
-0.003615151080339525,-184.24434277431888
-0.003713853345644039,-184.6600345461514
-0.0037936452759866897,-184.98699214026624
-0.003846407022289614,-185.19908948320753
-0.0038665217771890166,-185.27913646457415
-0.003852226680881881,-183.84714938009913
-0.0038048079575271104,-179.10527704462208
-0.003726142211614209,-171.2387024533319
-0.0036162078867244926,-160.24526996436032
-0.003472172920887888,-145.84177338069983
-0.003289764891147812,-127.60097040669224
-0.0030664369867273978,-105.26817996465081
-0.0028047640835269583,-79.10088964460687
-0.0025136250757785156,-49.98698886976261
-0.002206655450423728,-19.290026334283834
-0.0018984288997518064,11.480723711571294
-0.0016003302172863882,40.300234845544466
-0.0013182138395063856,65.4990539696181
-0.0010531374742552618,86.59915170175826
-0.0008042048853022178,103.82999234651444
-0.0005714970452600126,117.63397330412879
-0.00035719458937656765,128.46825441203293
-0.00016450216679430343,136.79784002852315
4.44149900171829e-06,143.10877725303868
0.000150817169046557,147.90431752328985
0.00027964198646332917,151.66034178449033
0.00039891660161186566,154.78761317419236
0.0005175484527354684,157.59562469219193
0.0006432046422382836,160.27324427093782
0.0007809972083704309,162.8959906702667
0.0009331854642329112,165.45693753594222
0.0010996265749674803,167.90805019958003
0.0012779290218228965,170.18860633707402
0.0014639557896494934,172.24861649526116
0.0016520886208321718,174.05678718256667
0.0018354242035034558,175.59913336792178
0.0020061746334152754,176.87422451132778
0.0021563188578265077,177.88784823735304
0.0022783371624348937,178.64828770186313
0.0023668685667585457,179.16882024192716
0.002420508735274216,179.47259854989346
0.002441992672298421,179.59195272230423
0.00243671175206486,179.03319240394677
0.0024106083173483952,176.42284893230033
0.002368663604240862,172.22837762154697
0.0023143202046625243,166.79403766371323
0.002249759540523225,160.33797124978332
0.00217666490126562,153.0285073240228
0.002096686798785163,145.03069707597712
0.00201197590781407,136.5596079788678
0.0019248536761542934,127.84738481289016
0.0018372061744956925,119.08263464703008
0.0017498537598394557,110.34739318140639
0.001662122686586618,101.57428585612266
0.0015719423400874023,92.55625120620108
0.0014766981093349407,83.03182813095492
0.0013751786103994763,72.87987823740849
0.0012687497926499166,62.23699646245251
0.0011615535397398132,51.51737117144218
0.0010592593643617776,41.287953633638615
0.0009670729739098589,32.06931458844675
0.0008879898828113987,24.161005478600725
0.0008212201048083213,17.484027678292986
0.0007624252350642081,11.60454070388166
0.0007046832772526081,5.830344922721667
0.0006402966108710788,-0.608149844869653
0.0005623696580680271,-8.389804939675756
0.00046565197028821255,-17.992447700306787
0.0003466435374280227,-29.65135715860029
0.0002033171950120477,-43.3404774854509
3.519999252515239e-05,-58.72506298577817
-0.00015609149722407438,-75.12008327372418
-0.0003652358572252991,-91.47162424631375
-0.0005827037159449557,-106.58825353902863
-0.0007952631063447528,-119.47997283794595
-0.0009884885464358825,-129.6412293998715
-0.0011501612842316205,-137.07737311997892
-0.0012728179142545348,-142.11932192444192
-0.0013542953387497515,-145.2019276491849
-0.001396598714749062,-146.72273446632812
-0.0014049865888778952,-147.01799422671448
-0.001386757184320391,-145.19505377096405
-0.0013509974217389624,-141.6190775128212
-0.001308006198718983,-137.31995521082325
-0.0012682165138757587,-133.34098672650086
-0.001240810035544672,-130.60033889339218
-0.0012324749233845582,-129.7668276773808
-0.0012466837569489572,-130.46501778514738
-0.0012828853806464127,-132.2102207022926
-0.0013370135109277675,-134.73087695125548
-0.0014022346791548537,-137.63039311414698
-0.001469957271469162,-140.48698267449632
-0.0015306716482979062,-142.91925547076593
-0.0015757328591398782,-144.64846587796708
-0.001599719485578639,-145.54325036954282
-0.001601430933138271,-145.49058432077328
-0.0015835955412420962,-143.70704513115584
-0.0015510650640491893,-140.45399741186512
-0.001508501617094197,-136.1976527163659
-0.0014585198027821254,-131.19947128515875
-0.0014007714940539324,-125.42464041233944
-0.0013327069142741934,-118.61818243436554
-0.0012510868531716071,-110.45617632410693
-0.0011539063021201654,-100.73812121896276
-0.001041486830688869,-89.49617407583311
-0.0009164502160528848,-76.99251261223469
-0.0007828099442339779,-63.62848543034401
-0.0006447121231713582,-49.818703324082044
-0.0005059800346669419,-35.94549447364042
-0.0003700657048742637,-22.354061494372605
-0.00024055421725420963,-9.402912732367195
-0.0001213049981556328,2.521751846242888
-1.586174390303016e-05,13.041722784630828
7.347539963399839e-05,21.887728616129305
0.0001464510215051437,29.03753343050528
0.0002048844441475481,34.69762511096815
0.00025191109188712406,39.203112319737535
0.0002908930303037143,42.90021605031439
0.0003250895272712439,46.11296740112535
0.000357751980404022,49.15322270838214
0.0003927970600761456,52.38266463533846
0.0004351130911570827,56.23467558852193
0.0004901305033370745,61.16065374978814
0.0005628020408203209,67.51542233457069
0.0006564987563415415,75.43564035881741
0.0007721554492076938,84.75885075862459
0.0009072766747469661,94.98064972634451
0.0010559476093226362,105.36264554725788
0.001209366862302705,115.11715161720812
0.0013575516190083064,123.62922289406147
0.0014914533786055508,130.58027951319173
0.0016045526373458523,135.9301675475455
0.0016933166977121717,139.81158400564453
0.0017565312953995592,142.41345697837184
0.0017943040084219641,143.90601980761986
0.0018073108742767917,144.40946353840928
0.001796981388440168,143.3765149547469
0.0017658741461306108,140.26579072379118
0.0017180680598644087,135.48518209717096
0.001658894525677878,129.56782867851788
0.0015937423379673533,123.05260990746542
0.001526926460214168,116.37102213214692
0.001461015414427989,109.77991755352903
0.0013968748214002115,103.36585825075129
0.0013343462987758959,97.1130059883197
0.0012730738117039126,90.9857572811214
0.0012135008342262234,85.02845953335247
0.0011571854909435228,79.39692520508241
0.001106489656774985,74.32734178822864
0.0010636495935703553,70.04333546776566
0.0010297524622164482,66.65362233237494
0.0010041627455837775,64.09465066910786
0.0009847334130737655,62.15171741810667
0.0009686107542543841,60.53945153616853
0.0009531665352055502,58.995029631285135
0.0009366610843231697,57.34448454304709
0.0009182873672669994,55.50711283743006
0.0008979161995614936,53.46999606687948
0.0008757188435119383,51.25026046192394
0.0008519173909248609,48.870115203216216
0.0008263087873117219,46.3092548419023
0.0007983095059800894,43.50932670873905
0.0007671085980128166,40.38923591201178
0.0007321148789300949,36.88986400373961
0.0006935209764469712,33.03047375542724
0.0006525634774053459,28.934723851264707
0.0006113268155001197,24.811057660742087
0.0005721838207762743,20.896758188357545
0.0005371572573981561,17.394101850545724
0.0005074617748164495,14.424553592375062
0.0004832995871398883,12.008334824718947
0.0004639734450764809,10.075720618378206
0.0004481099518645097,8.489371297181087
0.00043379652599199976,7.058028709930092
0.0004186271738798331,5.541093498713425
0.00039982626547435684,3.661002658165801
0.0003751264867206829,1.1910247827984057
0.00034336993835090837,-1.984330398074716
0.0003049352534071581,-5.824746606331505
0.00026147137792507306,-10.160110105598967
0.00021511106332046986,-14.770251313327147
0.00016740886701197536,-19.492589173220356
0.00011806998199272475,-24.347717638215624
6.468184250828338e-05,-29.56012733311124
3.0012396979759192e-06,-35.51835189819069
-7.186751915693539e-05,-42.64198225804841
-0.00016413761835856234,-51.22938927870593
-0.0002763138460067566,-61.33797737675795
-0.0004088118823842033,-72.74253481639083
-0.0005602995475390955,-84.99009877467192
-0.0007282843819500377,-97.50681189152098
-0.0009094699076423113,-109.70411461139628
-0.0010988969121646674,-121.01295275968495
-0.0012895405842484405,-130.96201935087706
-0.0014719304481890857,-139.2259959588372
-0.001635095974535449,-145.6689566175221
-0.0017685311937370575,-150.33254710343448
-0.0018643207894600625,-153.37310808985532
-0.0019185441073704024,-154.98801888686197
-0.001931107430051113,-155.35167006223406
-0.0019047455686379497,-152.71548392091773
-0.0018441096621929494,-146.6518932764177
-0.0017563595367500976,-137.87688073213252
-0.001651070635144841,-127.34799057160687
-0.0015401553126564531,-116.25645832276807
-0.0014363706287904916,-105.87798993617191
-0.00134984716927629,-97.22564398475173
-0.0012856040145801102,-90.80132851513375
-0.0012421225132966606,-86.45317838678878
-0.0012120436213150598,-83.44528918862872
-0.0011844887481004317,-80.6898018671659
-0.0011485649078954827,-77.097417846671
-0.0010959670669855853,-71.83763375568125
-0.001021791258153562,-64.42005287247893
-0.0009238101821390449,-54.621945271027215
-0.000800948413538436,-42.33576841096633
-0.0006521341844335683,-27.454345500479562
-0.00047591455280066936,-9.832382337189669
-0.00027083083162064925,10.660597129085973
-3.6429553141483714e-05,33.68522845346916
0.00022480066793216917,58.0308209845653
0.000506624785167405,81.88921392191753
0.0007988326895333815,103.37869119241287
0.0010883967180822082,121.2094350276103
0.0013616495877444928,135.0026764206731
0.0016064903524874046,145.11255172768873
0.0018135917405739945,152.21745866163627
0.001976836159824484,157.00606346963772
0.0020939860973534213,160.05308787263994
0.002166269515035899,161.78566526154938
0.0021981003136317947,162.51509031704936
0.0021961209789497383,162.10299319137545
0.0021680674010491115,159.29763540131276
0.002121722866893972,154.6631819857988
0.002064023824398992,148.8932777363008
0.0020004602902271825,142.53692431911983
0.0019340296561833306,135.89386091473466
0.0018647273610384752,128.9636314002491
0.0017892073850751785,121.41163380391946
0.0017013271269404892,112.62360799045054
0.0015936891430659344,101.85980960299506
0.0014600819148220727,88.49908677860888
0.0012980912889183362,72.30002418823524
0.0011098423005848625,53.47512535488787
0.0009011785110756775,32.60874640396936
0.000679298655787084,10.420760875110009
0.00045013153142821815,-12.469031498657502
0.0002166294170194429,-35.32540115589308
-2.1339584734909127e-05,-57.43404214436674
-0.0002654539716478449,-78.26805844727794
-0.0005169535351989968,-97.35607258993657
-0.0007753495406825641,-114.26299839800872
-0.0010387227844733376,-128.7147496392892
-0.0013045781141341646,-140.68041222348376
-0.001570840402408869,-150.35698729468535
-0.0018363254958236738,-158.07483933498952
-0.0021005203401394004,-164.1950639337317
-0.0023628575363229573,-169.04338261120589
-0.002621622340606379,-172.88244909378324
-0.002873509457547879,-175.91812901893783
-0.0031134965156716776,-178.30959130599373
-0.003335428949012576,-180.18074183839443
-0.003532859854605985,-181.62705095032686
-0.003700005575401547,-182.72104724655108
-0.003832468034755595,-183.51693943603235
-0.00392756041266381,-184.05467765975717
-0.003984453799137181,-184.3642861546907
-0.0040041556492897735,-184.46951481811774
-0.003990018827163781,-183.05583260551848
-0.003947615967857863,-178.8155466749267
-0.003884412815361431,-172.4952314252835
-0.003808717507923411,-164.92570068148152
-0.003728216295107748,-156.8755793999152
-0.0036484790512456284,-148.90185501370325
-0.003571131961819852,-141.16714607112561
-0.003493488630292189,-133.4028129183593
-0.003408829264210806,-124.936876310221
-0.0033075648321577895,-114.81043310491937
-0.0031798639220897208,-102.04034209811249
-0.0030186354139661573,-85.91749128575614
-0.0028212243611100904,-66.17638600014946
-0.0025892468007431505,-42.97862996345546
-0.002327658598976668,-16.819809786807213
-0.0020427189960207405,11.616737481999175
-0.0017402921756015093,40.80702880945044
-0.0014247069235115975,68.71442734509966
-0.0010986127047479181,93.71099006881889
-0.0007639029441088243,114.84239786060486
-0.00042294464727056524,131.82400183543928
-7.930321369843285e-05,144.90796330088858
0.00026263737127848303,154.68103735606198
0.0005984105143742442,161.85601543995855
0.0009245371703514636,167.1117404173023
0.0012392364574599904,171.0080493699881
0.0015425082065033768,173.96499437191554
0.0018356156691064851,176.27873608157554
0.0021203211535060795,178.1504439949606
0.002398158733398374,179.71393667853917
0.0026699250584208416,181.0571635036626
0.002935545210526747,182.23774143713652
0.003194187902150363,183.2933572280933
0.0034444594213367107,184.24837991692434
0.0036841243429341247,185.11643071895512
0.0039102372206942185,185.90337190275542
0.004119133705446198,186.6088615359135
0.0043066404240083315,187.22812630899742
0.004468507483022087,187.75406131636083
0.004601037829871098,188.17968530783014
0.004701618070662765,188.50011128962157
0.0047689744743845,188.7135763954976
0.004803337626400739,188.82215948434668
0.0048060993403009605,188.58541711842363
0.004779616948802422,185.93717796856976
0.004726881038490843,180.66358693741188
0.004651285423385558,173.10402542688342
0.0045561343775713595,163.58892084546355
0.004443914529890079,152.3669360773355
0.004315519500617857,139.52743315011335
0.004169696216164206,124.94510470474823
0.004003735510391705,108.34903412749813
0.0038151302024104256,89.48850332937019
0.0036031510718298617,68.2905902713138
0.003369481824598468,44.923665548174455
0.0031173614063909733,19.71162372742497
0.0028495246694468473,-7.033470783755711
0.002566558287633109,-34.518159233183546
0.002266800580396931,-61.50131848821494
0.0019478512888387064,-86.72283734627727
0.0016087598354472322,-109.0058258648891
0.0012514367263149028,-127.51166175387371
0.0008806545596037181,-141.99057308202907
0.000502989873942914,-152.78456805720717
0.00012563425567969043,-160.586547953942
-0.0002446863060719235,-166.16282810931705
-0.0006021447945319373,-170.17372932974183
-0.0009418898627447835,-173.1146567754395
-0.001260007987472185,-175.32806103520846
-0.0015535068372339274,-177.03982922338312
-0.0018204225272861851,-178.39605219449498
-0.002059956814853576,-179.49160882697177
-0.002272862355660376,-180.3912074128969
-0.002461197570269244,-181.1410078825693
-0.0026278813982628666,-181.7753971629377
-0.0027760238269709204,-182.3200934105834
-0.0029082436989152924,-182.7933553820842
-0.0030262065510592495,-183.20672813354787
-0.0031301249544861084,-183.56481334393249
-0.003218967941962625,-183.86693076524082
-0.0032907957872970158,-184.10873022860542
-0.003343286927455656,-184.28415140623568
-0.003374272071144394,-184.38722091776123
-0.0033821093818913067,-184.39053861105313
-0.0033658342838051407,-182.7630288024365
-0.003325399871536083,-178.71958757553077
-0.003262392570078856,-172.41885742980804
-0.0031798982044506496,-164.16942086698742
-0.0030812400545774136,-154.30360587966385
-0.002968462350660561,-143.0258354879786
-0.0028411033497992466,-130.28993540184715
-0.0026961499231000882,-115.79459273193132
-0.002529213207373559,-99.1009211592784
-0.0023365223308649593,-79.83183350841841
-0.002116754388758719,-57.855039297794384
-0.0018717785120623786,-33.35745162816034
-0.0016061314616018889,-6.792746582111375
-0.0013254993660440468,21.096219705060566
-0.001035486390386291,48.667994992939676
-0.000740848318914317,74.20013513384791
-0.0004456619710528507,96.50003493281986
-0.0001537715449584704,115.033559437493
0.00013125486848977584,129.8522737110099
0.0004062837501743883,141.3840657018535
0.0006690412366637518,150.2242702125729
0.0009182396780290765,156.97186522471955
0.0011532476334116268,162.1387684350236
0.001373674016231051,166.12526629410897
0.0015789138598166783,169.22670641312584
0.0017680037546629424,171.65659958239107
0.001939873613031566,173.57038250687663
0.00209371558939652,175.08340423535432
0.0022293127982133533,176.28332962125853
0.0023470906095947076,177.23737802482594
0.0024479521246824217,177.9968552700911
0.0025328909955455925,178.5994487366466
0.0026026829849081735,179.07147146040128
0.002657716470263162,179.4300357934625
0.002697981166187347,179.68519240434574
0.002723204114009684,179.84206821677083
0.002732808377083443,179.901218807416
0.0027259031833788434,179.20627560771922
0.00270076314069236,176.69227133907086
0.002654814445321775,172.09740180201234
0.0025855955964854847,165.17551691838332
0.002491694480178249,155.7854052876598
0.002373219428943857,143.93790016422062
0.002231580383118504,129.77399558168528
0.002069075907510089,113.52354802084379
0.0018882868819355433,95.44464546338925
0.0016918010097361298,75.7960582434479
0.0014822368058687943,54.83963785671435
0.001262423630806274,32.85832035046232
0.001035583253334171,10.174282603252024
0.000805263104112575,-12.821052891581076
0.0005748581066718887,-35.32829364946892
0.00034666106118110685,-56.489679167587774
0.00012140707218602667,-75.77665993718438
-0.0001014329286678239,-92.97074891494518
-0.0003227702965098777,-108.04042429992485
-0.0005428615993229806,-121.03025058772417
-0.0007607896102878901,-132.02471222119965
-0.0009746199945268476,-141.15869529782142
-0.0011819847604607962,-148.62533324901042
-0.0013806204105920473,-154.6577949109031
-0.0015686759346789179,-159.49898247503006
-0.0017446493116524857,-163.37206720987896
-0.0019071142824119086,-166.46399753231432
-0.0020543961647081586,-168.92072466211843
-0.002184549474613723,-170.85315510596192
-0.0022956072142384714,-172.34595350889992
-0.0023859450529211943,-173.46518291122513
-0.0024545549367006453,-174.26314894758997
-0.0025010828091249354,-174.78042483050072
-0.0025255709601742526,-175.04528410232152
-0.0025281083689487824,-174.92878032965737
-0.0025085771463533774,-172.9756580701169
-0.0024667006679697442,-168.7880102317536
-0.002401999686700676,-162.31791210484676
-0.002313819285379317,-153.49987197271085
-0.0022023119575414318,-142.34913918892232
-0.002069259040851758,-129.04384751995497
-0.0019184687592978499,-113.96481936456412
-0.001755192786912081,-97.63722212598724
-0.0015848856264365253,-80.60650607843166
-0.001411896578421693,-63.307601276948425
-0.0012386483741265953,-45.98278084743866
-0.0010656337897966613,-28.681322414445262
-0.0008916961423291769,-11.28755766769682
-0.0007148508119719771,6.390129493001689
-0.0005330040188309494,24.38703504482699
-0.0003445158136472173,42.49300598124931
-0.00014855287644722514,60.36956079536073
5.479738581869135e-05,77.58577099023574
0.00026420898203027366,93.66361225508463
0.0004771093743863242,108.17015869619838
0.0006896980747065941,120.79643103158182
0.0008973878339950275,131.41596399039324
0.0010958333931271886,140.10155592980158
0.001281683849310615,147.0699517551611
0.0014531298761235498,152.61003269626872
0.0016097922354928172,157.01388144990707
0.0017522216876924529,160.5352416200991
0.0018812167271259506,163.37255623183785
0.0019972806211274495,165.6701002022229
0.0021004556759325176,167.5296679585784
0.0021903341361696783,169.0221273560749
0.0022662125370662392,170.19724030892567
0.002326942537322327,171.08569073250234
0.0023709790614092692,171.70261881771705
0.002396465214285007,172.04961676338843
0.0024014141125311794,172.05774030826282
0.002383956063195961,170.31193537474098
0.0023427747627897473,166.19380533411962
0.002277987143399942,159.7150433951391
0.002191604540107441,151.07678306588903
0.002087369975374591,140.65332659260397
0.001969824736472142,128.89880270235912
0.0018430923648216115,116.22556553730604
0.0017100452054508418,102.92084960022906
0.0015721308988436897,89.12941893951387
0.00142972547804397,74.8888768595419
0.0012829144198817552,60.20777104332042
0.0011321706904306808,45.13339809821298
0.0009785680348854524,29.77313254369013
0.0008235148173016492,14.26781078530982
0.0006681853082614929,-1.264259002913923
0.0005130134339991504,-16.714840645301408
0.0003573613647175212,-31.944593536508954
0.00019975211569547111,-46.881944006873006
3.8517473564651154e-05,-61.46677912537905
-0.00012742453846998326,-75.57611572799325
-0.0002979593532988194,-88.99440434875581
-0.00047159540654068626,-101.44925937043186
-0.0006454735852542607,-112.67186620335251
-0.000815807763895024,-122.47033495123566
-0.0009783568471309486,-130.76448708404337
-0.0011289990505105377,-137.58677062991643
-0.001264511451840116,-143.06519569395857
-0.0013829368856964936,-147.38121412546988
-0.0014836857782683508,-150.73264776800906
-0.0015671982555870644,-153.3028789031913
-0.0016344057989505284,-155.24280799200284
-0.0016862223398964018,-156.66424536288903
-0.0017232900289264148,-157.64304684755317
-0.0017459555396366767,-158.22638011344978
-0.0017542389264979018,-158.43674746039298
-0.0017479305899764145,-157.80591380824424
-0.001726558940148627,-155.66874882546549
-0.001689576931744155,-151.9705479850183
-0.0016367241021360962,-146.68526502421244
-0.001568335867237634,-139.8464415343662
-0.0014854437985678288,-131.55723466738564
-0.0013896014461473056,-121.97299942533334
-0.0012825086529487332,-111.26372010547611
-0.0011656417272458734,-99.57702753519011
-0.0010400742545935736,-87.02028026996014
-0.0009064993486556815,-73.66278967617093
-0.0007653786775156559,-59.55072256216837
-0.0006171338982557695,-44.72624463617973
-0.0004623602111655724,-29.24887592716002
-0.0003018995653891843,-13.202811349521214
-0.0001369114888756302,3.2947934866628596
3.126531123885497e-05,20.02570530386208
0.000201605685255854,36.62240314675534
0.0003736179889652652,52.75760324442566
0.0005470700984837682,68.16003148417708
0.0007215690754438114,82.59419151157194
0.0008960510716447925,95.84075364692528
0.0010686488197432923,107.71632005033061
0.0012370051989984367,118.11477869826807
0.0013987705462456214,127.03151921252454
0.0015519398657745718,134.55098655065524
0.0016949205186841463,140.81166083302116
0.0018263760139427998,145.9687148086762
0.0019450120943562124,150.16827210599752
0.0020494554380594545,153.53585849592338
0.0021382746684055188,156.17451222827216
0.002210093625726938,158.16667033693457
0.002263760069800015,159.57728540698093
0.0022984660128558786,160.45550713369897
0.002313760280566091,160.8342805909806
0.0023095288224400704,160.38694448968707
0.0022860043521645973,158.03449746213977
0.0022440284178406877,153.8369040297488
0.002185084371432246,147.94249938890462
0.0021113292932018303,140.56699156586308
0.0020253767264143277,131.9717348871128
0.0019298962945359943,122.42369169927946
0.0018271032884774033,112.14439109342035
0.001718081689528325,101.24223119851253
0.0016025855242739536,89.6926146730754
0.0014791195941614408,77.34602166182412
0.0013455187806347255,63.98594030915258
0.001199693204389335,49.40338268461355
0.0010402486995872886,33.4589322044089
0.0008667461367089163,16.10867591657167
0.0006796444454673647,-2.5993554533764476
0.00048034694766411183,-22.380607408618985
0.00027107761687033676,-42.531662055907454
5.485180399441204e-05,-62.20187202135535
-0.00016475350303489487,-80.58239563942796
-0.0003839730163985141,-97.06507923461169
-0.0005992876153960736,-111.33031534138077
-0.0008078179839890118,-123.33992002060005
-0.0010074498966811906,-133.25670079024974
-0.0011968025222543867,-141.34908889415405
-0.0013750151244664023,-147.91252203382138
-0.0015415428084806853,-153.22391313702812
-0.001696016167407967,-157.5222665919062
-0.0018382081890091046,-161.00563358751475
-0.001968042740311048,-163.83460070597624
-0.0020855380742980266,-166.13649677567145
-0.002190737421575684,-168.0103812778361
-0.0022836084492572338,-169.53144655733237
-0.0023639397424233925,-170.75487017592394
-0.0024311762749056115,-171.7179657776245
-0.002484449614318647,-172.44414207135424
-0.0025226707666120593,-172.94605569599292
-0.002544691630299357,-173.2282570651721
-0.0025494647832555884,-173.24747556953
-0.002536222779760471,-171.92327522001827
-0.002504595238015799,-168.76052104555106
-0.002454568068954747,-163.75780413944588
-0.0023865587836465686,-156.95687560862805
-0.002301349268794715,-148.43592412344267
-0.002199916155106522,-138.29261275462335
-0.0020832455712379828,-126.62555436776944
-0.0019523168117993978,-113.53267842391094
-0.0018081215226919414,-99.11314951316531
-0.0016517382389994433,-83.4748211439155
-0.0014843596135853219,-66.73695860250335
-0.00130727055514955,-49.028052758926165
-0.001121847088923756,-30.485706136346774
-0.0009295891606917581,-11.259913313146983
-0.0007321221042930593,8.474323567567902
-0.0005310956987859098,28.292975070491185
-0.00032805781754670035,47.579381834527275
-0.00012433642703573553,65.7923583917916
7.888950835587375e-05,82.52385083707426
0.0002801450992356877,97.49375772222427
0.00047738008158259405,110.54533121301236
0.000667839056941431,121.63704078374064
0.0008482883864627349,130.83598303615784
0.0010154436169518854,138.29783056298095
0.0011663874194050247,144.2325417637379
0.0012987734300109993,148.86488821220007
0.0014107756935831893,152.40192575114762
0.0015009210322698989,155.01438380830874
0.001568059576728481,156.83341804562303
0.0016119200036700863,157.96641870080637
0.0016334352819202256,158.50678065446334
0.0016350262982575696,158.43440293377037
0.0016203641806988953,156.96819117790295
0.0015937395747021924,154.3057305782326
0.0015590714036802004,150.83891347603344
0.0015190975584560653,146.8415289536199
0.0014750131579136358,142.43308889937697
0.0014264223478374475,137.57400789175813
0.0013717608548677472,132.1078585947881
0.0013088135866942787,125.81313177744127
0.0012353749597965465,118.46926908766804
0.0011497301604761027,109.90478915562366
0.0010509519460283063,100.02696771084403
0.000939155977376312,88.8473708456446
0.0008155753514100248,76.48930824901586
0.000682900250358783,63.221798143891704
0.0005451330922626241,49.44508233427582
0.0004072266886873015,35.654441976743556
0.00027443215780192833,22.37498888820624
0.00015152062170102246,10.083835278115654
4.20895171061115e-05,-0.859218784267232
-5.259892342809946e-05,-10.31658032222157
-0.00013385391919879612,-18.389489455458527
-0.0002054844981441447,-25.447078610909966
-0.00027278268073135795,-32.00800554057867
-0.00034109772367877094,-38.581679969133184
-0.0004145608212942588,-45.5351934357846
-0.0004953484516042847,-53.022017715531476
-0.0005838208736028945,-61.00297454405603
-0.0006790551237584457,-69.31040028966474
-0.0007794542016126014,-77.7209842175043
-0.000882594112698062,-85.9640285089729
-0.0009851413075689151,-93.74128570273297
-0.001082693712090771,-100.74114268542806
-0.0011702896274651355,-106.6910084850481
-0.0012438490289204765,-111.44182844685375
-0.0013014515302763074,-115.00641745873169
-0.0013438685223470088,-117.54463657610503
-0.001373727358580706,-119.28768567548691
-0.0013929599790063094,-120.3914376155007
-0.0014009932012578954,-120.84808011402664
-0.0013937315579789142,-120.12191578612851
-0.0013646128576306955,-117.21004575130664
-0.001308335840349515,-111.58234402318858
-0.00122393561015265,-103.14232100350209
-0.0011161675210876417,-92.36551209700127
-0.000994006817967783,-80.14944178501541
-0.0008675667798385989,-67.50543797209698
-0.0007449403970629035,-55.24279969452745
-0.0006306368040122336,-43.81244038946046
-0.0005259697964854933,-33.34573963678643
-0.0004304044897571406,-23.789208963951165
-0.0003429761262309934,-15.046372611336446
-0.0002624224384919686,-6.991003837433965
-0.00018664910825611734,0.5862763587297057
-0.00011234817139307256,8.010015170821225
-3.5226912751943774e-05,15.68522242691548
4.8774931151753844e-05,23.97892379163241
0.0001420750833046007,33.06996158984647
0.0002444331900047182,42.84757209390118
0.0003530667466069027,52.94337230590953
0.00046356834803197724,62.85953720383407
0.0005711739910164563,72.12672167089585
0.0006718936592638185,80.42013616927966
0.000763164500227453,87.59782271867421
0.0008447200563085663,93.72943453623735
0.0009182808252206151,99.02663600371535
0.0009869851499431283,103.77207289752083
0.0010543171584942986,108.2327757080562
0.0011228720164964065,112.58183835464237
0.0011936898975058224,116.87200582102174
0.0012661270470398609,121.0502652347247
0.001338138724786962,124.99735287158164
0.0014057313223014803,128.51899479318547
0.0014631338133750903,131.37381068499522
0.0015029688490111029,133.2832524567974
0.0015174517380767685,133.9631572891073
0.001501008464325723,132.31882991400272
0.0014523679707012507,127.4547805515555
0.0013755855119845551,119.77653467988596
0.0012788444588730046,110.10242936873092
0.0011720957658839582,99.42756006982628
0.0010646231913407455,88.68030261550503
0.0009636353152594299,78.58151500737347
0.0008740289252338908,69.62087600481956
0.000798847942567375,62.10277773816799
0.0007398655592805364,56.20453940948413
0.0006973180049173047,51.949783973160955
0.0006695396399206081,49.171947473491294
0.0006522987648095649,47.447859962386985
0.0006390072894689391,46.11871242832441
0.0006219934835647647,44.417331837906964
0.0005942793521501108,41.64591869644157
0.0005510514139829102,37.32312487972152
0.0004901079329291436,31.22877677434485
0.0004113500701041642,23.352990491846917
0.0003157620836974898,13.794191851179471
0.0002050063095584175,2.7186144372722443
8.132355330166808e-05,-9.63926582055636
-5.202163818195272e-05,-22.855097830207676
-0.00019049805589000315,-36.31926489188418
-0.0003285979885947354,-49.34447225951545
-0.0004606635839385239,-61.31177389929621
-0.0005818772538099637,-71.7977755748685
-0.0006889125537191353,-80.61625996329235
-0.0007799769106623593,-87.77134958251622
-0.0008543533110956336,-93.36904129216614
-0.0009120487749345939,-97.55571109388045
-0.0009533887025134977,-100.4711162720056
-0.0009789834505644721,-102.24065289961348
-0.000989796872816523,-102.98009331954874
-0.000987206386405455,-102.71221825264267
-0.0009730582381031506,-101.29740342241223
-0.000949733802799177,-98.96495989201487
-0.0009200773807678151,-95.9993176888787
-0.0008872657342421269,-92.71815303630989
-0.000854493998320245,-89.44097944412171
-0.0008243632183539101,-86.42790144748821
-0.0007984282567253439,-83.8344052846316
-0.0007770855318776574,-81.70013279986296
-0.0007597272711767134,-79.96430672976855
-0.0007451788524988527,-78.5094648619825
-0.0007319851046280234,-77.19009007489954
-0.0007178919889166772,-75.78077850376492
-0.0006995354594027793,-73.94512555237515
-0.000672316578380536,-71.2232374501508
-0.000631184938518439,-67.1100734639411
-0.0005724689762299576,-61.238477235092965
-0.0004952477866293611,-53.51635827503332
-0.00040184622676255196,-44.1762022883524
-0.00029697275070114605,-33.68885468221182
-0.00018616590274054057,-22.60816988615127
-7.426889209745189e-05,-11.418468821842405
3.536438602709466e-05,-0.4551410093877493
0.00014066469554421322,10.065076576621824
0.00024012510101269292,19.942670945174303
0.00033214562861456936,28.97950832976757
0.0004148797716986513,36.984041526831284
0.0004866830365849977,43.81483080178633
0.0005470518166461778,49.46040491794496
0.0005970843014196356,54.0643540536136
0.000639235156399781,57.88616983027104
0.0006763920125319461,61.20958869036183
0.000710855379482906,64.25221776695565
0.0007438362841543657,67.12672524531229
0.0007757678108959639,69.87399270067615
0.0008070714957144735,72.5321473282309
0.0008389113673883573,75.1993273074232
0.0008734260865135109,78.04806720653826
0.0009133403456255078,81.28614687309512
0.0009610356665353294,85.07456216292832
0.0010172138670661438,89.42141076085267
0.001080298973905603,94.15111540463292
0.0011462524575257607,98.92181242669628
0.001209276051825959,103.31271382494363
0.0012631139697822625,106.93318764395337
0.0013024230317709299,109.50072726160796
0.0013235748740842248,110.8558443580232
0.0013246601942688585,110.85097886649785
0.0013050781841395782,108.89277785356984
0.0012651339947999996,104.89835891961198
0.0012062456438221912,99.00952382183112
0.0011310875527485939,91.49371471447141
0.0010436685565267238,82.75181509228439
0.0009487975722520359,73.26471666481561
0.0008507436037522389,63.45931981483591
0.0007520803852481806,53.592997964430076
0.0006529814002150061,43.683099461112626
0.000551560049071551,33.54096434676711
0.0004450845961772104,22.893419057333062
0.00033133146716746143,11.518106156358163
0.0002094502205233248,-0.6699094902266839
8.005320360825183e-05,-13.58064150503577
-5.47445188334725e-05,-26.877864678502075
-0.0001918936113700258,-40.10687593463369
-0.00032788797238855115,-52.79616507754623
-0.00045928780534227584,-64.5468238442243
-0.0005831879116532093,-75.09327161762776
-0.0006975739264553898,-84.32363317258242
-0.0008019562826867184,-92.29690751772105
-0.0008974384241722697,-99.20182638353324
-0.0009866408268105467,-105.31211104037114
-0.0010730651355214365,-110.9175358116886
-0.0011602125290321532,-116.25851475291245
-0.0012507586195698304,-121.48163345830659
-0.0013460384047643856,-126.62729870541915
-0.0014459344211880678,-131.6486294679908
-0.001548800753490898,-136.43580440883184
-0.0016517241500142337,-140.8551312992318
-0.0017508041197244104,-144.77843568291482
-0.0018415059223176784,-148.10173687270037
-0.0019191087540225105,-150.7531351558102
-0.00197947446179632,-152.6995249873485
-0.002019983143021304,-153.9511126694639
-0.002040009384964889,-154.5541562856395
-0.0020409260169238267,-154.4565543489931
-0.0020255629953712627,-152.9202521937367
-0.00199750299047277,-150.11425170388748
-0.001960302682946361,-146.39422095124655
-0.0019168555609220751,-142.04950874881794
-0.0018689819022838184,-137.26214288499227
-0.0018170090071717325,-132.06485337378368
-0.0017599664228317043,-126.36059493978087
-0.00169600663993107,-119.96461664971744
-0.001623162096088793,-112.68016226548973
-0.001540105665872359,-104.37451924384634
-0.0014466212677469634,-95.02607943130678
-0.001343981820776774,-84.76213473428784
-0.0012346997402444908,-73.83392668105952
-0.001122119482556949,-62.57590091230535
-0.0010097114760978282,-51.33510026639326
-0.0009003618435953538,-40.40013701614582
-0.000795815103243328,-29.945462980943248
-0.0006961352359697229,-19.977476253582736
-0.0005997627083816222,-10.340223494772673
-0.0005037891808266725,-0.7429008138763369
-0.00040465305591696793,9.158481382033232
-0.00029893541361071866,19.646829110712854
-0.00018397629289170582,30.89150558515288
-5.817486009663978e-05,42.91012021994362
7.895466936250426e-05,55.55883013055437
0.00022635332228169224,68.5098275068813
0.0003813077399853535,81.2929115381791
0.0005393759310582393,93.36930490420542
0.0006948146775339602,104.2487089087671
0.0008414132540727275,113.59301831015937
0.0009734675663545134,121.25968112391256
0.001086598794243993,127.2794407584677
0.0011781962982201348,131.79690841133603
0.0012477891031866942,135.0240743446009
0.0012967982584761023,137.19403097516727
0.001328116311967106,138.53738797116884
0.0013453826720960908,139.26382962593988
0.0013521922031879535,139.5475819016009
0.001351522202960626,139.45508903395216
0.0013454762894362447,138.85049768151404
0.0013351979373334637,137.82266247123596
0.0013205523960431729,136.35810834220686
0.0013001396629979563,134.3168350376852
0.0012714139740771706,131.44426614560663
0.0012313409033579991,127.43695907368948
0.00117732077248219,122.03494598610857
0.0011079193832213457,115.09480706002412
0.0010230947064712647,106.61233938501603
0.0009238895241565851,96.69182115354805
0.00081208730109319,85.51159884720855
0.0006897113558416163,73.27400432205118
0.0005588137609571372,60.184244833603266
0.00042136221563744474,46.43909030163403
0.0002792102608030037,32.223894818189926
0.0001340712073025062,17.70998946814018
-1.256836630752351e-05,3.0460321071372114
-0.00015951913144063027,-11.6342342592407
-0.0003059811710057446,-26.118352036301363
-0.00045157301883179976,-40.19412185380697
-0.0005965252907935582,-53.7300837744809
-0.0007415649870734349,-66.66158776550644
-0.000887643976175457,-78.95716021474514
-0.0010355154521498632,-90.57751394902053
-0.0011853238494197419,-101.45038180822523
-0.001336374265886045,-111.47396954749411
-0.001486886079356108,-120.52836417958655
-0.0016342138115021606,-128.51493760252922
-0.0017751112884995365,-135.3803260904763
-0.0019061690865325672,-141.1288420907634
-0.0020242302318085816,-145.81649299342408
-0.0021267074492233497,-149.53405426230006
-0.0022116801595634126,-152.3851348172888
-0.0022778144999737447,-154.46731220320873
-0.0023242524236363293,-155.8611861574826
-0.0023504942169646744,-156.62484037723058
-0.0023563823269239586,-156.7938540277948
-0.0023420858288689967,-155.3642042222986
-0.0023080951652176057,-151.96513785715948
-0.002255117426143646,-146.6673639497635
-0.002183954724381812,-139.55109377358013
-0.0020954435656814715,-130.69997790354608
-0.001990381945443177,-120.19381587971664
-0.0018695419892181388,-108.10982025721282
-0.0017336619860173076,-94.52181993712969
-0.0015833942161995076,-79.4950429553497
-0.0014192762402371775,-63.08324535911669
-0.0012417426306088144,-45.329884396280384
-0.0010513673188436827,-26.29235321976721
-0.000849008735067672,-6.056494842166148
-0.0006358615788688222,15.203974858025877
-0.00041328454420543563,36.89218945427341
-0.00018246273388600488,58.21470353952213
5.579776077027605e-05,78.43805132495378
0.0003010615916345908,96.9824030686161
0.0005530486634049138,113.46113033257915
0.0008115233577855248,127.69255956824162
0.001076136555603392,139.67550481587713
0.0013463818722179203,149.5501648898525
0.001621401094066997,157.54462141007906
0.0018992241067468285,163.91649353837622
0.0021765158724549954,168.92951264082564
0.0024484481079355812,172.83294281377002
0.0027090906783479463,175.85025835203865
0.0029521278123665895,178.17189726083222
0.0031717274230845423,179.95163368076945
0.0033630874472193534,181.30690511332338
0.0035226258313017234,182.32316303519204
0.0036479453120577565,183.0603730981411
0.0037376018020486615,183.55898912894938
0.003790965747223291,183.8454205460147
0.0038081858796882515,183.9362951539425
0.0037905477183224224,182.1724790173596
0.003740664406151591,177.18414780027643
0.0036624987274016586,169.3675799252832
0.003560720082034909,159.18971538860825
0.0034396009869896473,147.07780588408207
0.0033020955789307355,133.3272650781909
0.003149140196242554,118.03172680937271
0.0029795584276799225,101.07354995310959
0.0027909505138921744,82.21275857433479
0.0025810105576173957,61.21876294685692
0.002348536960295135,37.971403214630854
0.0020937308356719694,12.49079075231428
0.0018180157835482342,-14.989367855648547
0.0015232693306307002,-43.300663487827705
0.0012112386339304267,-70.7039744162825
0.0008832998746386016,-95.60780899126368
0.0005407685174914834,-116.91548225153181
0.0001855143863316325,-134.16919034129992
-0.00017960811117826304,-147.49920720617058
-0.0005507768490210082,-157.43818604761398
-0.0009237759217861023,-164.69573948044652
-0.0012945821846000478,-169.97011193830846
-0.0016598498151102494,-173.84499750692976
-0.0020170396693355054,-176.759701227918
-0.0023641730581062657,-179.0225466684257
-0.0026993588652514363,-180.83973973491183
-0.003020116807364649,-182.3433022688786
-0.003323119989724209,-183.61458859411084
-0.00360417314194023,-184.70091131345578
-0.003858603256860472,-185.62774589072163
-0.00408188579449702,-186.40765601808528
-0.004270291245270874,-187.0467359122545
-0.004421372205655604,-187.54901140293398
-0.004534074516100662,-187.918698980206
-0.0046085966685259295,-188.16107990629212
-0.004646142279402711,-188.2826223000043
-0.00464892808528888,-188.04313030173705
-0.004620040577255033,-185.1543794983523
-0.004563465822396217,-179.49690401247076
-0.004483766351439199,-171.52695691676894
-0.004385034824712672,-161.65380424411623
-0.004269759970509093,-150.1263188237583
-0.004138301763562842,-136.98049812913322
-0.003989314424138947,-122.08176418674374
-0.003820607951248439,-105.21111689769295
-0.00363006066353611,-86.15638812646
-0.003416105308249256,-64.76085259777463
-0.0031779671813101087,-40.9470399038599
-0.00291596172693776,-14.746494466625025
-0.0026314530889031745,13.597693996655268
-0.0023268109674394505,42.75563607273333
-0.002004968985167805,70.74084399561879
-0.00166842459559533,95.82334063993635
-0.001318763838049698,116.96493271053427
-0.0009570039058535032,133.88317015114313
-0.0005843639791059004,146.8665539601244
-0.00020313965406410257,156.52003648505803
0.00018290527313585985,163.55586994729003
0.000568948616214204,168.6543917380193
0.0009498396790903325,172.38434271803192
0.001320669282065787,175.17571458653813
0.0016771749524655858,177.33070978821905
0.002015642836958407,179.04968628791622
0.0023326481538920446,180.4596934305483
0.002624890210538903,181.63845709174564
0.0028892313537854856,182.6321310076838
0.0031229834460770917,183.46794245048417
0.0033243279941902147,184.162976854277
0.003492826729646995,184.7304690109509
0.003629508741788197,185.1829514993168
0.003736679524612781,185.53351618395675
0.00381739733354837,185.79537925399003
0.003874806765913795,185.9805890806466
0.003911565410436994,186.09875285548713
0.003929379217302022,186.1559025880695
0.0039289799904031215,185.91880982082438
0.003910267184590335,184.0475292395457
0.003872537215623497,180.27453234286193
0.0038144100305725894,174.4618138377712
0.0037339647252618226,166.4172833066945
0.0036294018078573916,155.96099156625138
0.003499753072754867,142.99611805599895
0.0033455262052489794,127.57343130541018
0.003168681245563734,109.88893533688562
0.00297213306801369,90.23411758188124
0.002758839711918129,68.90478197232515
0.002531008029679341,46.12161374844635
0.0022898105141138975,22.001862191902
0.002035750655617494,-3.391928512688194
0.0017694393213835578,-29.55724086105281
0.0014921447916406887,-55.251652909677105
0.0012060143914181466,-79.16627718745649
0.0009137278993454307,-100.28071508164972
0.0006180323547617928,-118.06752688307354
0.00032140734929080543,-132.49406105930365
2.6027965985302883e-05,-143.87223700880972
-0.00026602702526692853,-152.6799892441913
-0.0005524697885840013,-159.42314112037874
-0.0008304289735053495,-164.55871690147313
-0.001096407889116651,-168.46607602980868
-0.001346450941381072,-171.44460610629898
-0.0015765693032726742,-173.72235925661175
-0.0017832806317934242,-175.4693806140525
-0.001964038722779614,-176.81021101382586
-0.0021174598262090915,-177.83535012897687
-0.0022432482333223963,-178.61023647315992
-0.0023419442705810813,-179.182096956694
-0.002414587065069127,-179.5847691813927
-0.002462371290622857,-179.8418597114539
-0.002486416574126933,-179.96901145997353
-0.002487647008337278,-179.76523095372605
-0.0024668476352402713,-177.68529364402536
-0.0024249073497549767,-173.49126509549592
-0.0023629540950455955,-167.29593962455783
-0.00228248337796342,-159.2488679163403
-0.002185173603487149,-149.51789046871318
-0.002072975081885379,-138.29803830853615
-0.0019483090518346668,-125.83143530346496
-0.0018140541716554909,-112.40594728554736
-0.0016731887996404204,-98.3194100840403
-0.0015282816506207075,-83.82869518206901
-0.0013809504832722394,-69.09557844722221
-0.0012314260930433583,-54.14313942433408
-0.0010786601038095833,-38.86654050095658
-0.0009208363882028401,-23.084168940282268
-0.0007561488394946142,-6.615414069459689
-0.0005833510041546348,10.643444632983261
-0.00040211584267284766,28.49608221550104
-0.0002128575254077574,46.51377051106178
-1.640533676815912e-05,64.19652393811155
0.00018636278385777998,81.06576312569804
0.0003946174873075236,96.72463080453296
0.000607366145077994,110.87947502063041
0.0008231348095345713,123.34459366798764
0.0010395872426115546,134.03672486012263
0.0012533124833757736,142.9697546422106
0.001459437045637704,150.22947876290743
0.0016518857641830934,155.96096250401098
0.001823881114432945,160.3432397549003
0.00196899176086905,163.56819865912155
0.0020829244628670428,165.83293933118404
0.002164530253764441,167.3246542131611
0.0022160480561453704,168.21442923581847
0.0022422825498545074,168.6528328203155
0.0022491196692631704,168.76550125068547
0.0022419297953713687,168.0465138615053
0.0022241905240380448,166.27258672817288
0.0021972293869255326,163.57647301692165
0.0021603922042254553,159.89275474691394
0.0021118565735044055,155.03919167480896
0.002049300874836723,148.78362180804072
0.0019703629953692656,140.88983386129496
0.0018731303257318588,131.16656689755428
0.00175677076169965,119.53061049433342
0.0016226338109744337,106.1169154218118
0.0014744811211356748,91.30164643793591
0.0013181051383340612,75.66404815777454
0.0011599554324470984,59.84907756907827
0.001005279817624709,44.38151608683933
0.0008565959521510607,29.513129539474498
0.0007127504757647287,15.128581900841295
0.0005695973909870586,0.8133343366830391
0.000421464658406097,-13.961150311652888
0.0002631546914247055,-29.5206651971298
9.170421257796268e-05,-45.85469927376119
-9.302573289334917e-05,-62.580740439024716
-0.0002887940078511928,-79.05878311994122
-0.00049212287573473,-94.61396028810485
-0.000699243856482087,-108.71859300182851
-0.0009066232941564197,-121.07348708564962
-0.0011109172271594574,-131.5878705540617
-0.0013087055976035678,-140.3190046925829
-0.0014964402177288277,-147.4175945991983
-0.0016704663570273727,-153.0792962998276
-0.0018270967440382892,-157.50772527082242
-0.001962861927582986,-160.8934246387633
-0.0020747264129696197,-163.40065709312773
-0.0021603203239852296,-165.16261176548176
-0.0022180152623301618,-166.27933331441952
-0.0022469534994568594,-166.81903702986477
-0.002247022450053028,-166.5300339683143
-0.002218715922718257,-163.6993812348372
-0.0021631585903458548,-158.14364799759701
-0.002082190148102783,-150.04680377328984
-0.001978829453060207,-139.71073426903226
-0.001857286749737097,-127.55646393672124
-0.0017227886403333313,-114.10665299634468
-0.0015810111017110831,-99.92889913411986
-0.0014373363681473325,-85.56142577774479
-0.0012961389996993425,-71.44168893294578
-0.001160424161996908,-57.870205162702334
-0.001031828801504499,-45.01066911346145
-0.0009108454163587494,-32.91233059888648
-0.0007971658387060118,-21.54437283361272
-0.0006899242921811617,-10.820218181127705
-0.0005877909441032854,-0.6069558528383127
-0.0004885043625725286,9.308007523877839
-0.0003887458108375895,19.20433452224858
-0.0002841924493377226,29.443087689152645
-0.00017024548109385317,40.374307724836235
-4.3027549778919005e-05,52.21034763130781
9.97179616299839e-05,64.9220758122104
0.00025800206954045934,78.19630434814695
0.00042959126719184347,91.50110592228674
0.0006101775359256864,104.2091502570952
0.0007941351692604243,115.76822164909792
0.0009756987762014447,125.83684143308253
0.0011496182546393366,134.29925840859158
0.0013106638283630588,141.17922028369503
0.0014533870249463826,146.57261062804517
0.0015723706202927512,150.6066653330011
0.0016629158327650887,153.4170702227189
0.0017223135408573815,155.14673677322398
0.001750535730031256,155.9383462968779
0.001749815473233381,155.645147199751
0.0017235978200442021,153.0233818808331
0.001675590001829507,148.2226000593636
0.001609174856278118,141.5810855042247
0.0015273954802848073,133.40314790489361
0.0014334002502790339,124.00362490431627
0.0013312474455188198,113.78834442829486
0.001226084336406658,103.27203351707868
0.0011238534627404256,93.04894615045545
0.0010303687629596879,83.70047617238167
0.0009503168016107484,75.69528003748772
0.0008865272686957808,69.31632674599096
0.000839588136858688,64.62241356228168
0.0008081682688593586,61.480426762348735
0.0007897307745859007,59.63667733500296
0.0007811978981997333,58.783389696386216
0.0007788730808959996,58.55090796601284
0.000778343814590654,58.49798133547828
0.000774347426208755,58.098342497288385
0.0007611861790487572,56.7822177812886
0.000733650799466442,54.02867982305707
0.0006881150847240872,49.4751083488216
0.0006232178794806207,42.985387824474955
0.0005399244779413412,34.656047670547004
0.0004410456693636848,24.768166812781367
0.000330485554499768,13.712155326389686
0.0002126272625116164,1.9263261275745254
9.19271416872763e-05,-10.131408824917425
-2.723097238720119e-05,-21.944168555855033
-0.00014056567060617033,-33.00643043552249
-0.00024365817198693585,-42.85475805851229
-0.000332068416805056,-51.09538089728425
-0.0004016078639608118,-57.422757583691606
-0.0004489084248985187,-61.64144510335069
-0.0004720710271148292,-63.680760285399494
-0.00047102603176062927,-63.54610260682171
-0.00044746736031930017,-61.190235462688804
-0.00040454122713093034,-56.89762214385181
-0.0003467446189638255,-51.11796132714134
-0.00027965225555696114,-44.4087249864549
-0.00020973295834188482,-37.416795264947275
-0.00014387872773520145,-30.831372204278942
-8.871539512259294e-05,-25.315038943018084
-4.9730124125763555e-05,-21.416511843335147
-3.0310557408765385e-05,-19.474555171635334
-3.128359618496498e-05,-19.568575653382474
-5.077199594603511e-05,-21.491559227920284
-8.473240273639138e-05,-24.830515465395422
-0.0001279726512902478,-29.056747602509578
-0.00017518968006336626,-33.634729484592285
-0.0002216683332946659,-38.09824372896965
-0.0002634855499381326,-42.07354123484305
-0.0002974391972164503,-45.27050291971553
-0.00032087298798606247,-47.45982117934001
-0.0003317523057447271,-48.47128383618487
-0.00032890372561313275,-48.18412026113165
-0.0003123600025629566,-46.529747956114036
-0.00028348206118865077,-43.64195381868345
-0.00024465890121467464,-39.75963782128584
-0.00019886369645083745,-35.18011734490212
-0.00014921963463477311,-30.21571116329569
-9.869565602419535e-05,-25.163313302237917
-4.9728791090696886e-05,-20.26662680888807
-4.160807377942955e-06,-15.709828437612675
3.67909993630363e-05,-11.61464776351475
7.23354737024349e-05,-8.06020032957489
0.00010162178406608522,-5.131569293209858
0.0001235151322825866,-2.9422344715597206
0.00013668508094534718,-1.6252396052836622
0.00014013304140220547,-1.2804435595978334
0.00013412023130780003,-1.881648036115845
0.00012055877871298971,-3.237413494544346
0.0001023685755807886,-5.055256111681875
8.247152134992119e-05,-7.042406836367303
6.262725512630151e-05,-9.022513851220669
4.311287033396491e-05,-10.967528743712037
2.327863819731967e-05,-12.941757215854706
2.5925275379264753e-06,-14.997422669845172
-1.850319114725572e-05,-17.08973539612342
-3.852353623922765e-05,-19.07111062422982
-5.548774272031208e-05,-20.74641484886772
-6.77315190540584e-05,-21.95332676710669
-7.390930880694068e-05,-22.56154711684374
-7.28327177385436e-05,-22.45388801000403
-6.304849417755658e-05,-21.475465653905328
-4.294911189777345e-05,-19.465527425927014
-1.211397851299656e-05,-16.382014087449328
2.7622367508130696e-05,-12.408379485336603
7.168046475526755e-05,-8.002569760622917
0.00011355037484630895,-3.8155787515187773
0.00014654971919358383,-0.5156443167912894
0.00016571756001988215,1.4011315721804283
0.00016933316357696849,1.762677847811397
0.000158981026533822,0.7274641434967486
0.00013874169643458573,-1.2964144082977156
0.00011370438101972535,-3.799424055163194
8.865498238936568e-05,-6.302038414216217
6.736331289853666e-05,-8.42726735187128
5.223426598328274e-05,-9.93594277422563
4.460267567825073e-05,-10.696441713116926
4.494337604569028e-05,-10.662371676372969
5.310770023521253e-05,-9.845939257420744
6.845454630605316e-05,-8.31125465033668
8.995348870594211e-05,-6.161360410347786
0.00011628825639452312,-3.5278836414896855
0.00014601983633224028,-0.5547256477179702
0.00017779501904273632,2.6226987472429277
0.00021048185377527419,5.889890414427754
0.0002431687245369575,9.153619660160672
0.00027498562650593074,12.325176276997233
0.0003048635346595506,15.296969580799477
0.00033144050399016466,17.933867010503953
0.0003534277443682193,20.10989823234489
0.00037000665044580576,21.74699462168935
0.00038122748251868423,22.853059730579485
0.0003880301883641738,23.52281507106735
0.0003918890076154144,23.902453983016386
0.00039421243494067415,24.130938850411145
0.0003955550072538084,24.26293261632981
0.00039532798304367294,24.240230195316265
0.0003918470973387233,23.8921416248213
0.00038292434730257405,22.999866621206376
0.0003666756224397261,21.374994134921582
0.0003421354220934658,18.92097410029555
0.00030950692894163247,15.658124785112216
0.0002699857107385114,11.706002964800106
0.00022571136553374557,7.278568444323526
0.00017946632137258868,2.6540640282078374
0.00013439787876027616,-1.852658058311754
9.359681095521489e-05,-5.93026712447333
5.952872962561357e-05,-9.330275709853558
3.3540491913188034e-05,-11.919468438053254
1.5375671257477938e-05,-13.726317604071467
3.243460055835953e-06,-14.931573067285752
-5.743828876140952e-06,-15.82353762607813
-1.4699063569111102e-05,-16.711543087703653
-2.5733681281813332e-05,-17.804611817389883
-3.927409833804636e-05,-19.144089611665382
-5.4006162870789735e-05,-20.599027688932328
-6.756852795470043e-05,-21.936062016430753
-7.758837114474228e-05,-22.92230644568174
-8.254135575988941e-05,-23.40931707439255
-8.231425754606738e-05,-23.386607253010347
-7.800853197180374e-05,-22.956034695583984
-7.143745938160745e-05,-22.29892743656435
-6.437148269409331e-05,-21.59232976781294
-5.772948718695549e-05,-20.92813021709916
-5.1255883190787495e-05,-20.280769817482362
-4.3568302530382887e-05,-19.5120117514419
-3.2602427456177175e-05,-18.41542424402133
-1.6093650107748694e-05,-16.76454650917848
7.954311638070413e-06,-14.35975033459657
4.067489489481308e-05,-11.087692008922305
8.206608289262726e-05,-6.948573209140886
0.00013074409975395777,-2.0807715230078334
0.00018408825603707813,3.2534360808430436
0.00023860535798479952,8.699787139263009
0.0002905172517079482,13.872430549331996
0.00033637870132546127,18.42456227154041
0.0003735203986431077,22.095034714225847
0.0004003293756952158,24.733616481882564
0.00041630161991396873,26.300823682028142
0.00042230252612977174,26.888649607488034
0.0004203960370204383,26.698000696554686
0.00041349269049499647,26.007666044010506
0.0004046895997885207,25.12735697336293
0.00039652808436622537,24.3112054311334
0.00039045268743179493,23.703665737690358
0.00038646104667128625,23.304501661639485
0.00038334333205216806,22.99273019972767
0.00037911558718927736,22.569955713438603
0.00037163839380384206,21.822236374895066
0.00035909650340910785,20.56804733542165
0.00034020816358739796,18.67921335325066
0.0003141432629597489,16.07272329048575
0.0002803086675821081,12.689263752721674
0.00023824915058289433,8.483312052800299
0.00018775308083418898,3.4337050779297638
0.00012933459135107774,-2.407901524984838
6.450546901612626e-05,-8.882859391381281
-4.1955793312712706e-06,-15.718564915313204
-7.365046796641043e-05,-22.583088925179673
-0.0001408911199789318,-29.16658791070292
-0.00020372202228241692,-35.24813614406629
-0.0002609651115881315,-40.718577209718255
-0.00031231158642008254,-45.5606441236289
-0.0003582044158127352,-49.83115424275299
-0.00039957933455166274,-53.631264858118506
-0.00043773607028904605,-57.09117390124886
-0.00047417391275449236,-60.35322232831588
-0.0005103163387635183,-63.546541123058546
-0.0005472518165034075,-66.7647608598042
-0.0005855756410653071,-70.0540104158759
-0.0006253099608141511,-73.4089128707374
-0.0006657227081003185,-76.76157046063503
-0.0007053813561021357,-79.99182527042225
-0.0007422451953963411,-82.94013976563507
-0.0007740230931409863,-85.43898300280568
-0.0007987501324019443,-87.35568127075156
-0.0008151916315710998,-88.61659373398885
-0.0008227995812629106,-89.19637496543706
-0.0008213910834813685,-89.05552518728285
-0.0008106866369871556,-87.98508053786158
-0.0007901375116107211,-85.93016800021813
-0.0007595976554949463,-82.87618238864064
-0.0007199386502966117,-78.91028186880719
-0.0006735274362253092,-74.26916046167692
-0.0006239464346356894,-69.31106030271495
-0.000575109204663162,-64.42733730546222
-0.0005302674360021536,-59.94316043936137
-0.0004913989522248243,-56.05631206162844
-0.000459137588754264,-52.83017571457241
-0.0004326298763833933,-50.17940447748534
-0.0004098642251547379,-47.9028393546198
-0.0003879017807110749,-45.7065949102535
-0.00036332700475565473,-43.24911731471148
-0.0003328855408498328,-40.20497092412929
-0.000294012731005519,-36.31768993969791
-0.0002451227158697026,-31.428688426116278
-0.00018571073224062624,-25.487490063208636
-0.00011674123899461706,-18.590540738607718
-4.059568689133718e-05,-10.975985528279733
3.937312366061204e-05,-2.9791044730848117
0.00011957875526054876,5.040418600991821
0.00019714604818821257,12.778410605500309
0.00027045974203378795,20.05115181871309
0.0003391081878148681,26.804390851084683
0.0004033293070061273,33.056030556281215
0.00046329033242074923,38.822508510284116
0.0005186918782852684,44.08030159753833
0.0005687965537063634,48.77035499389283
0.0006128135219847847,52.83493839854795
0.0006503149807872105,56.253986336105534
0.0006814472809175109,59.06008193119306
0.0007068492066462183,61.32713884384761
0.0007273480837262449,63.14141538053763
0.0007436904778480656,64.57788058300282
0.0007563680758438658,65.68604505296074
0.0007654237768769454,66.47427333166577
0.0007704811730826246,66.91325843618897
0.0007707930710711064,66.9337186926394
0.0007654449307407874,66.3989046596075
0.0007538020913194209,65.23462071747085
0.0007357593874320881,63.43035032873757
0.0007118900707703708,61.043418662565834
0.000683247562234825,58.17916780901126
0.0006510362560774244,54.9580371932712
0.0006162401736811458,51.47842895364335
0.0005794384932633763,47.79826091186639
0.0005408341498743683,43.93782657296559
0.0005003642310585064,39.89083469137941
0.00045777581306230466,35.63199289175923
0.00041234806294505676,31.089217880034443
0.0003627631842563486,26.130730011163628
0.00030708310070671487,20.562721656200257
0.00024317793302249018,14.172204887777786
0.00016961458025481913,6.815869611010684
8.636633162389996e-05,-1.5088171721604922
-4.895678700344738e-06,-10.62199233267159
-0.00010121771159183812,-20.1806893988038
-0.00019919453999321996,-29.788189003287084
-0.00029582118368645503,-39.099060613715274
-0.00038888486799974753,-47.869133635539875
-0.0004768893407249135,-55.94998647291463
-0.0005586940005431366,-63.251313208876724
-0.0006331854726138075,-69.70674432278273
-0.0006992496845826953,-75.26726806969828
-0.000755989638263841,-79.91353452735098
-0.0008030524052336951,-83.67359800107884
-0.0008407622358381075,-86.6236748342835
-0.0008699388162683204,-88.86731460886045
-0.0008915858920036037,-90.50981508073
-0.0009067587987670718,-91.64977009540495
-0.0009164077731276313,-92.36983893297487
-0.0009209778458480122,-92.70956348558593
-0.0009202758008274956,-92.63035171841284
-0.0009133509672976743,-91.93786836543072
-0.0008986577308106844,-90.46854471673173
-0.0008744739449165171,-88.050166127315
-0.0008394328429079141,-84.54605592645471
-0.0007932050201142357,-79.92327364708686
-0.0007366374383470453,-74.26651547036784
-0.0006716586002130666,-67.76863165696997
-0.0006007330738361748,-60.67607901928078
-0.0005262416234456232,-53.226933980225624
-0.0004500169895450174,-45.60447059016504
-0.00037324367111003147,-37.92713874666645
-0.00029665539343643,-30.268310979306307
-0.00022074442578156806,-22.677214213820108
-0.0001458657263886579,-15.189344274529093
-7.204897076569073e-05,-7.8076687122323785
1.1293885136086307e-06,-0.4898327843024416
7.45132401219061e-05,6.845381053151191
0.00014903820426271033,14.272039790109508
0.00022520130622408294,21.8131277956792
0.0003026539227330754,29.405316392722558
0.0003801866459305573,36.902542425650644
0.0004560764463387035,44.118016171319674
0.0005287058129770995,50.89004165241957
0.0005970163928093953,57.12490126901077
0.0006606941502334325,62.80807214939247
0.0007198644323717233,67.96925813015274
0.0007743458387443734,72.61370321825572
0.000823132611088777,76.6812269982544
0.0008641777086336719,80.0342031166594
0.0008947808952526725,82.49214709318814
0.0009122727145607781,83.8806655887142
0.0009146896935068382,84.07158468537625
0.0009010577954210268,82.70839487679511
0.0008712772131076109,79.73033664545353
0.0008258449775533711,75.18711309002954
0.0007656175951220187,69.16437484689429
0.0006920503460838314,61.80764994307557
0.000607415620046671,53.34417733935951
0.0005149281045990213,44.095425794594554
0.00041840263159010705,34.44287849370313
0.00032146198874486803,24.748814209179226
0.00022680928309602112,15.283543644294536
0.0001360287845915481,6.205493793847231
4.968799699785736e-05,-2.4282805773298715
-3.2769257422828575e-05,-10.661270877342526
-0.00011279659833256178,-18.609752520938795
-0.00019231570043268888,-26.437107651212557
-0.00027323024430418947,-34.30039427292667
-0.00035679025948358545,-42.28377004908291
-0.0004433215564824564,-50.37404598460902
-0.0005324467484051385,-58.48847388247656
-0.0006235589429930624,-66.52611472485708
-0.0007162420499480029,-74.40915353203074
-0.0008103537903569249,-82.08898139935422
-0.0009058317863690438,-89.5281269387416
-0.0010023536251317798,-96.6750860663868
-0.0010991033209700977,-103.4542071112791
-0.0011947517466573963,-109.77474985275606
-0.0012876473971687777,-115.55185934080464
-0.0013760977800787717,-120.72591079348685
-0.0014585006028107338,-125.26544418836056
-0.0015333888299042223,-129.16206472831294
-0.0015993557462332438,-132.41890834089
-0.00165499080053204,-135.04138208804133
-0.0016988942867997593,-137.03265981698823
-0.00172979803810745,-138.39385563406177
-0.0017466947804899407,-139.12418380442824
-0.0017489793465132488,-139.22218173987108
-0.0017366083076611775,-137.98507785466396
-0.0017101869710948322,-135.3429441980294
-0.0016707443018038697,-131.39867726893314
-0.001619449164332546,-126.26916352180079
-0.0015572865223399035,-120.05289932253653
-0.0014848964344072247,-112.81389052926865
-0.0014025896006970942,-104.5832071582556
-0.0013105269202599776,-95.37693911454397
-0.001208949221365838,-85.21916922512999
-0.0010982982955737674,-74.15407664592296
-0.0009791920189093004,-62.243448979476234
-0.000852316308724185,-49.5558779609647
-0.0007185868226311636,-36.18292935166257
-0.0005791937567774188,-22.243622766288087
-0.00043569594156311317,-7.893841244857522
-0.0002898786057767451,6.683400464832355
-0.00014345909487555486,21.21803533155717
2.2088573309591553e-06,35.39949544075181
0.00014623968768923885,48.98661760826413
0.0002881049353949322,61.81113090340288
0.00042745581741917264,73.76342192382681
0.0005639297835061671,84.774134609146
0.000697063859351555,94.80515957381704
0.0008263147097166854,103.84813494750159
0.0009512292350824263,111.93012178904107
0.001071493365620462,119.1064940102224
0.001186882132098426,125.44806304381616
0.0012970786269463062,131.02486638106998
0.0014014519374174871,135.89398780552435
0.001498918929630353,140.09594631005322
0.001587969042858333,143.65885467101904
0.0016668404367466258,146.60569587802863
0.0017337771496922325,148.96032898046684
0.0017872441018298346,150.7489046396185
0.0018260666705262262,151.99815683908398
0.0018494972137593154,152.732546443541
0.001857219065250551,152.97140219804785
0.0018493142479947065,152.1809204724634
0.001826250651709098,149.87456084390254
0.0017888082081665743,146.13031648965017
0.001737933636864042,141.04285935939694
0.0016746268518963102,134.71218086262374
0.0015997768955116466,127.2271852241574
0.0015141356303780414,118.66305871079688
0.0014183402925335557,109.08352492634832
0.0013130241455442584,98.55191022741857
0.001198948272925081,87.14432296550085
0.0010771114491725834,74.96064059025107
0.0009489420939643606,62.143705069428805
0.0008162945708023175,48.878952753224496
0.0006813947360715944,35.38896928015219
0.0005465977309130776,21.909268764300517
0.0004140721547801753,8.656711151010288
0.0002854617461777303,-4.202582020360742
0.00016151376452396338,-16.54446002170143
4.2005744550833613e-05,-28.29438468090158
-7.417732172337782e-05,-39.484899644077416
-0.00018866136921903202,-50.20891721857857
-0.00030309340437434466,-60.559849175483905
-0.00041871414304111746,-70.58634852508966
-0.0005361047413250177,-80.27392520607654
-0.000655123214593814,-89.5520913589642
-0.0007747483312653329,-98.30083652046733
-0.0008931497071874835,-106.37827751595944
-0.0010078135562866313,-113.64768243717161
-0.001115833561308241,-120.00450473399407
-0.0012143271786858787,-125.39517926615302
-0.0013008645512015055,-129.82204563434595
-0.0013740157598004245,-133.34592766416918
-0.0014335024956146302,-136.0689701113848
-0.0014801140479376023,-138.11589769771822
-0.0015153018481000305,-139.61192052296457
-0.0015406149945961217,-140.66243963999167
-0.001557201143944433,-141.33929911975554
-0.0015653407950910326,-141.66817536741704
-0.0015644314279352188,-141.53260428809347
-0.001553113858084464,-140.40084730301797
-0.0015297080339207062,-138.0602648866422
-0.0014928286601240358,-134.37232750697518
-0.0014418993799206155,-129.27939948663314
-0.0013774224051474712,-122.8317020093187
-0.001300824861472686,-115.17194764184019
-0.0012141157535573677,-106.50103685030835
-0.001119436160642983,-97.03307755886988
-0.001018714019049457,-86.96086339951731
-0.000913503143042886,-76.4397757988602
-0.0008049931721303623,-65.58877870760782
-0.0006941142098479669,-54.50088247936828
-0.0005816138204414783,-43.25084353871942
-0.0004680743556814713,-31.89689706271871
-0.0003538857705296386,-20.478038547535444
-0.0002392285517819969,-9.012316672771275
-0.0001241133886290211,2.4986959952752335
-8.482876569911655e-06,14.031498197679925
0.00010767993881807079,25.50144599624493
0.00022427454765444225,36.80786176769425
0.00034109960593337854,47.846084042879895
0.0004578884498492939,58.51569507438416
0.0005743243621717562,68.72628967552424
0.0006899818480901204,78.39616557350892
0.0008042028075932805,87.44648870521573
0.0009160086402697204,95.80032594158737
0.0010240860424646481,103.38756324130865
0.001126914695503415,110.1569190690491
0.0012229838837160777,116.08725360514227
0.0013110140775767444,121.19212475953914
0.0013901027158753204,125.51574766995171
0.0014597272920910847,129.12133861551442
0.0015196439974198305,132.077736294578
0.0015697240918063078,134.44748658008515
0.0016098206484915687,136.27988699582474
0.0016396874839030252,137.60801035329348
0.0016588469688837404,138.44371853255626
0.001666613240476285,138.7788844826505
0.0016621341889278252,138.33097932780453
0.0016446262438334568,136.58018481836766
0.0016137057244059014,133.48813287561214
0.0015695845043483645,129.07601086985844
0.0015130666164146866,123.42422207649065
0.0014453291824360543,116.65047867862741
0.0013676865563207938,108.88621606710137
0.001281418281453535,100.2593885803755
0.0011878841190092135,90.90597233594333
0.001088606505208681,80.97821095589012
0.0009852910998229443,70.64667041731643
0.0008796562609077461,60.08318652579661
0.0007731075125307368,49.428311688095675
0.0006664112621833136,38.75868665335336
0.0005593340305342274,28.05096348844474
0.00045070855874981006,17.18841631000301
0.0003387413132098311,5.991691756005113
0.00022156814900228594,-5.722961511605135
9.77818179515409e-05,-18.036620251043743
-3.321059297429219e-05,-30.878601472725915
-0.0001708810287936593,-44.033693616001734
-0.0003136849706215871,-57.17477252964592
-0.0004592136384552294,-69.91519610644768
-0.0006045383133573422,-81.88364529048225
-0.000746534114158674,-92.7841407819356
-0.0008821666038018919,-102.4287343487953
-0.001008645838868421,-110.73603438750506
-0.00112350093949921,-117.70939759020602
-0.0012247083279250945,-123.41323367088648
-0.0013107710649419252,-127.94767404180153
-0.0013807950299837642,-131.42939901138655
-0.0014345028302680065,-133.97726220581137
-0.0014723369342000002,-135.70978257776892
-0.0014953525759869577,-136.73900831161018
-0.0015050315310453405,-137.1663191860681
-0.0015030196994278162,-136.9453218812959
-0.0014908735459297456,-135.73070653148886
-0.0014699232645870748,-133.63567839722177
-0.0014412778569258713,-130.77113763110142
-0.001405857169435464,-127.22906888206067
-0.0013645266121654121,-123.09601315505547
-0.0013181909113258422,-118.46244307109848
-0.0012677557252983576,-113.41892446835003
-0.0012139910861394144,-108.04246055245571
-0.0011573567850578681,-102.37903044430108
-0.0010978725519675563,-96.4306071352699
-0.0010348509918983002,-90.1284511283443
-0.0009669398571300782,-83.33733765152209
-0.000892319709389277,-75.87532287744197
-0.0008091403626085654,-67.55738819937082
-0.0007160424107211426,-58.24759301062854
-0.0006125410687580676,-47.897458814321034
-0.0004992374969617652,-36.5671016346908
-0.0003776554099229799,-24.408892930812268
-0.0002499079628728944,-11.634148225803717
-0.00011831194305509723,1.5252068664418885
1.4887223452795118e-05,14.809825213384592
0.00014766303702578175,27.893068870224898
0.00027838731582896384,40.491004531542956
0.0004058033340670384,52.39019933272581
0.000528735401542186,63.42828765922253
0.0006458872108102385,73.47967071064332
0.0007556241667001241,82.43888078666764
0.0008560561154742261,90.22728200285502
0.0009453275395004196,96.80812375311746
0.0010219839328492095,102.19725347758279
0.0010851987942287651,106.45816154403147
0.0011347858764154818,109.68457296919851
0.0011710997754825667,111.98291501480186
0.001194880162854537,113.45860036799769
0.0012072537368782597,114.21726899499289
0.0012096727464563795,114.36485530239776
0.0012038480188268099,113.78238253944077
0.0011915702169522824,112.55460235198802
0.001174358843904916,110.83346504725138
0.0011531431167212843,108.71189232888823
0.0011280547205132206,106.20305270808184
0.0010984834461289015,103.24592526964993
0.0010634241141496462,99.73999207172439
0.0010219213852317875,95.58971917993853
0.0009735703434504162,90.7546150018014
0.0009186603107923732,85.26361173599709
0.0008580526048348717,79.20284114024696
0.0007928194781120581,72.6795284679656
0.0007238316738125679,65.78074803801657
0.0006514961772719531,58.547198383955084
0.0005755269620833171,50.95027686509148
0.0004951203256608098,42.90961322284075
0.0004092578389691446,34.32336455367423
0.0003171537503128022,25.112955688039996
0.00021865355189098167,15.262935845857942
0.00011441524554443874,4.839105211203649
5.810300066723009e-06,-6.019150862536524
-0.00010536229316555589,-17.086924991301483
-0.00021716617471065024,-28.089800396840793
-0.000327723559189722,-38.76762340640415
-0.00043526387476278014,-48.8943789408103
-0.0005381212759119867,-58.287090052941664
-0.0006347507828340353,-66.81054499588971
-0.000723756793094944,-74.37720516410054
-0.0008037111291754826,-80.9254452210563
-0.0008731280531061942,-86.41064094034775
-0.0009304310479935394,-90.79431002369301
-0.0009741183907136898,-94.04709686157729
-0.001003067455633512,-96.15953325803108
-0.0010167994102339185,-97.1495170788466
-0.0010155792689755577,-96.99322008348507
-0.0010004026029016226,-95.47555347609155
-0.0009731575785638488,-92.75105104231416
-0.0009364873293572041,-89.08402612164969
-0.0008935955498751264,-84.79484817344192
-0.0008478280450140321,-80.21809768733249
-0.0008021085017895064,-75.6461433648799
-0.0007584046871624874,-71.275761902178
-0.0007174848465752613,-67.1837778434554
-0.0006790610554771419,-63.341398733643466
-0.0006421600057466488,-59.65129376059416
-0.0006055459820539606,-55.98989139132534
-0.0005680004538651252,-52.23533857244179
-0.0005284345989841566,-48.27875308434492
-0.00048588924402039583,-44.02421758796885
-0.000439493751023716,-39.384668288300865
-0.0003884121825344552,-34.27651143937479
-0.0003319129264573442,-28.62658583166369
-0.00026947070753475215,-22.382363939404485
-0.0002009247273253106,-15.527765918460327
-0.00012660958151520038,-8.096251337449305
-4.74171016269331e-05,-0.17700334862257777
3.523482218564062e-05,8.082628802308973
0.00011949882883715523,16.468611551675572
0.00020319105137532858,24.728531905939747
0.00028390571344415145,32.59813051583122
0.0003591596484059371,39.824742961054895
0.00042657256918916375,46.18969364630249
0.00048408415960611415,51.52734243349641
0.000530160418319503,55.73635653946673
0.0005639928603536563,58.78628189989228
0.0005855597661262048,60.71177406349893
0.0005955963423568989,61.60274467016521
0.0005954236464388082,61.58547507835613
0.0005867142955995713,60.71453999443245
0.0005712803987615941,59.17115031063473
0.0005509389547881892,57.13700591329423
0.000527429374675628,54.78604790203812
0.0005022542996246981,52.268540396945134
0.00047659635924404746,49.70274635888007
0.0004512368350889582,47.16679394337115
0.00042657188730857746,44.70029916533307
0.00040271542422840294,42.31465285731562
0.000379608124115428,40.00392284601812
0.0003570710333705388,37.750213771529204
0.0003348274219038129,35.52585262485661
0.0003126510134132682,33.30821177580215
0.0002904303931885598,31.086149753331306
0.00026824941078275484,28.86805151275081
0.00024634285862529443,26.677396297004776
0.00022496805326574924,24.539915761050256
0.0002042773153566722,22.47084197014255
0.00018426485717458913,20.46959615193424
0.0001648437792082948,18.52748835530481
0.0001459789508306895,16.64100551754428
0.0001277765655821998,14.820766992695312
0.00011030197127731968,13.0733075622073
9.344725966358005e-05,11.387836400833336
7.68283586695709e-05,9.72594630143242
5.991248596869763e-05,8.034359031345094
4.23382942453076e-05,6.276939859006091
2.4224377521971672e-05,4.465548186672499
6.288853534875076e-06,2.6719957879628398
-1.0299551135800606e-05,1.013155320895271
-2.4239801618868672e-05,-0.38086902505103
-3.444030855982356e-05,-1.4008961372385667
-4.0228734872368654e-05,-1.979692380342809
-4.138427743101249e-05,-2.0952331409050555
-3.806658854011062e-05,-1.7634642518148684
-3.0712333109535066e-05,-1.028038708757313
-2.001815747450096e-05,0.04137879636491255
-6.962623380444783e-06,1.346904220978524
7.161592067194702e-06,2.7591292611458424
2.0810301119764888e-05,4.1234917040775425
3.237189655157903e-05,5.278861278350725
4.039690091835512e-05,6.080567631375102
4.379971445776756e-05,6.420442580165606
4.197248234866389e-05,6.237719369255239
3.497305900495688e-05,5.537777034884538
2.3485429352797872e-05,4.3890140696686375
8.733548629686456e-06,2.9138259973574954
-7.762621172640371e-06,1.2642090171248133
-2.445329711830733e-05,-0.4048576042425554
-3.995933474508391e-05,-1.955394106330343
-5.310757002555864e-05,-3.269955947927186
-6.287131771031467e-05,-4.2459291255125615
-6.833862803558199e-05,-4.79233457063287
-6.871568245761102e-05,-4.8300145508097945
-6.34046578614317e-05,-4.298912091191863
-5.2128913645017064e-05,-3.1713376695503985
-3.523399571641268e-05,-1.4818458766899607
-1.374996459560318e-05,0.6665515244208426
1.067455270618149e-05,3.1086884612083887
3.6096854281721373e-05,5.64937490492458
6.066632567709968e-05,8.102741192917097
8.292428657538713e-05,10.322773307538714
0.00010184099303221944,12.207156095352232
0.00011668476607701699,13.68400153869092
0.00012688202482729073,14.697519545137219
0.00013195201348236343,15.201095858115718
0.00013157338763076774,15.16323327295615
0.00012577004888212923,14.582899398092296
0.00011533352957045921,13.539247466925296
0.00010192940087973391,12.198834597852764
8.800939007441327e-05,10.806833517320701
7.63351221010455e-05,9.639406719983922
6.938787467417378e-05,8.944681977296751
6.889522878477555e-05,8.895417388356927
7.568266319638614e-05,9.57240313500895
8.98501137122305e-05,10.984603436031346
0.0001110599753282641,13.096260478364075
0.00013871544231940604,15.844260730138927
0.00017167870567780377,19.110126589388095
0.0002080553494907803,22.699777988554935
0.00024506825504590484,26.333983003959126
0.00027938708372579585,29.684792786988353
0.00030779623549938615,32.443251544318066
0.00032790102114834747,34.386264324062026
0.0003385213302924685,35.40944065800435
0.0003396200569890879,35.515163212054944
0.0003319111640423121,34.74427391737737
0.00031637062049775827,33.19021956292198
0.00029390047835409786,30.943205348555942
0.0002652672658823047,28.079884101376624
0.0002312094273731442,24.67410025046058
0.00019260036514541176,20.813194027687334
0.00015049754386986901,16.60291190013306
0.00010600881388126867,12.154038901273026
6.005832531929448e-05,7.558990045075605
1.326392187565093e-05,2.8795497007112503
-3.36645246349309e-05,-1.8132219439624442
-7.961410242041639e-05,-6.405666995241086
-0.00012275672681053335,-10.710369737289339
-0.00016074770225337818,-14.491399152414647
-0.00019129835234060614,-17.52308782021822
-0.00021287261176861173,-19.65827326778953
-0.0002251511110666311,-20.871090098221217
-0.00022899660635023063,-21.250554853422983
-0.00022607982976928886,-20.958877195328807
-0.00021835852755665994,-20.186746974065915
-0.00020800561448007702,-19.15145566640762
-0.00019734054085403623,-18.084948303803543
-0.0001888415528400029,-17.235049502400212
-0.00018489765398263498,-16.840659616663416
-0.0001872611865407059,-17.074989154149485
-0.00019649203443786338,-17.989622297549545
-0.00021161814472926555,-19.486403304851105
-0.0002302982973208159,-21.331214524888455
-0.0002493790545931632,-23.21105798571623
-0.0002656286044312839,-24.80806880534898
-0.0002763507240964424,-25.859753177909237
-0.00027967688406324695,-26.185650633814276
-0.00027465215094637135,-25.683177322126717
-0.00026106205570908774,-24.324167798398356
-0.00023928738192737783,-22.14670042022737
-0.00021011970058779628,-19.229932286269214
-0.00017436403838863958,-15.654366066353544
-0.00013265552775547072,-11.483515003036658
-8.534585737331426e-05,-6.752547964821013
-3.265890475072003e-05,-1.483852702561591
2.5046692706068894e-05,4.285919608779724
8.703630796904203e-05,10.474020245166136
0.0001521346722789943,16.946216663562055
0.00021884343911819805,23.534050779658628
0.00028551916051580684,30.056928216965943
0.00035051591993372433,36.340731950897556
0.0004120432268590183,42.208036600562735
0.00046813683429875277,47.478633760823676
0.0005167022425518613,51.97491138229852
0.0005558258148049287,55.54832231258829
0.0005842337070364119,58.114260328907704
0.0006016631043678006,59.676167599877544
0.0006089473482301187,60.326080807982024
0.0006077709797109199,60.20844395606214
0.0006002675057215656,59.458096557126716
0.0005885947414037456,58.29082012534472
0.0005746623600375226,56.897581988722415
0.0005600303697900885,55.43438296397901
0.0005459209025717059,54.023436242140754
0.0005332127554712756,52.75262153209772
0.0005223339021581707,51.664736200787225
0.0005131115822981601,50.74250421478617
0.0005046299392095475,49.894339905924916
0.000495279479559935,48.95929394096366
0.0004830469651826972,47.73604250323988
0.00046589919918064244,46.021265903034404
0.0004421423938130276,43.64558536627292
0.0004106195767874901,40.49330366371917
0.0003708626590224289,36.51761188721304
0.000323003499317729,31.73169591674306
0.0002676402098745397,26.19536697242413
0.0002056134660940661,19.992692594376766
0.0001376923594908912,13.200581934059276
6.444719178651831e-05,5.8760651636219885
-1.3713136204349737e-05,-1.9398181076511833
-9.632148085663062e-05,-10.19008780287991
-0.00018258841976020082,-18.76088941633559
-0.0002712399029943918,-27.482115457951483
-0.0003604859457484229,-36.134248726919765
-0.00044818028287685845,-44.47520736975851
-0.0005320321775260928,-52.27147594976337
-0.000609828398250184,-59.32523215531242
-0.0006795941102417206,-65.48856225740798
-0.0007397239691311628,-70.66829957584564
-0.0007892060756679608,-74.83410597439976
-0.0008277526228430878,-78.01658932743622
-0.0008559090792011521,-80.30571618487352
-0.0008749750674034904,-81.83848701618432
-0.0008867827288550252,-82.78066697594818
-0.0008933704602106877,-83.30396335018574
-0.0008966863339039813,-83.5667168749748
-0.0008983832383355354,-83.70101467345664
-0.0008997257821484338,-83.80718728512126
-0.0009015587503497625,-83.95202989051148
-0.0009042025588372587,-84.16071309439567
-0.00090743998313103,-84.41587740055868
-0.000910510435144945,-84.65749986530062
-0.0009122617340889152,-84.79514793679607
-0.0009114047933903468,-84.70945386693923
-0.0009067941905838384,-84.24839358628839
-0.0008976427423588124,-83.33324876378579
-0.0008835618899760943,-81.92516352551398
-0.0008645029075708588,-80.01926528499042
-0.0008406184546129158,-77.63081998919613
-0.0008122022398605474,-74.78919851395929
-0.000779663612968025,-71.53533582470706
-0.0007435703712045234,-67.92601164835689
-0.0007046560305170889,-64.03457757961344
-0.0006636793329769309,-59.93690782559764
-0.0006212896911263059,-55.69794364053515
-0.0005778906510636842,-51.35803963427298
-0.0005335438033256168,-46.92335486046624
-0.00048756029955291015,-42.32500448319558
-0.00043844411343592197,-37.413385871496764
-0.00038395428145863287,-31.96440267376785
-0.0003216768003661884,-25.736654564523402
-0.0002502696237705202,-18.595936904956584
-0.00017022676035630474,-10.591650563535039
-8.407698672456211e-05,-1.9766732003607752
4.388392009772684e-06,6.866423100895668
9.134028423078062e-05,15.526141566786642
0.0001739960194582043,23.69314996656954
0.00025098840160065014,31.214930618463676
0.00032204725466152174,38.061736948391236
0.00038747548997289675,44.268834709828404
0.00044769023207038785,49.887139155894175
0.0005031838079651207,54.97639448816445
0.0005547120758167422,59.61967061125288
0.0006034585895625733,63.93455606432715
0.0006509086424209871,68.05826868595133
0.0006982841877781633,72.09698179703203
0.0007459913582947278,76.0817006182682
0.0007932405331396712,79.94420172369351
0.000838178333323087,83.53817524111429
0.000878390643036524,86.68706820134473
0.0009115775245890053,89.2373064919212
0.000936129047082049,91.09542284467258
0.0009512763916000344,92.2296191646658
0.0009568611236902765,92.64543430741679
0.0009529331628253864,92.25263822092779
0.000939721888698777,90.93151080826684
0.0009176730861671995,88.7266305551091
0.0008876604127786826,85.7253632162574
0.000851025806161701,82.06190255455925
0.0008093795724484887,77.89727918323801
0.0007642586511474232,73.38518705313147
0.0007168421000758413,68.64353194597328
0.0006678806462535738,63.74738656374654
0.0006178338973662959,58.74271167501875
0.0005670673181308621,53.66605375147537
0.000515766825454566,48.53600448384575
0.00046387014081977854,43.34633602036701
0.0004109334124160489,38.05266317999404
0.00035621173863357655,32.58049580174681
0.00029893093411152114,26.852415349541268
0.00023863809905440707,20.82313184382986
0.00017542393580079354,14.501715518468506
0.0001099192357667012,7.951245515059271
4.3120990378945134e-05,1.2714209762836644
-2.3849717860807823e-05,-5.424001278549439
-8.981608581120945e-05,-12.004588184996495
-0.00015357508392750563,-18.335341351437258
-0.00021387248650818719,-24.281808808659523
-0.0002694523070565713,-29.71719112221014
-0.00031922410815066974,-34.53935295711893
-0.0003624407283404011,-38.686523607900824
-0.000398788753406795,-42.14271913871119
-0.0004283528845668974,-44.93068530239198
-0.0004515177145185422,-47.099810417695046
-0.00046882283451864123,-48.711057000947065
-0.0004808625240816014,-49.82728106822162
-0.0004882491630937411,-50.510136843849025
-0.0004916245757505646,-50.821670200928715
-0.0004916912131155667,-50.82781727892082
-0.0004892433540122964,-50.5830313685938
-0.0004851312891338865,-50.171824880752816
-0.00048018241254075867,-49.67693722144003
-0.00047506776917747147,-49.165472885111306
-0.00047014605631376263,-48.67330159874043
-0.00046538073286047976,-48.19676925341214
-0.00046032538416663094,-47.691234384027254
-0.0004542473114988602,-47.08342711725019
-0.000446372582450361,-46.29595421240027
-0.0004361042242962684,-45.269118396991004
-0.0004231815768881244,-43.97685365617661
-0.0004076952638147461,-42.42822234883878
-0.00039003730909014143,-40.66242687637831
-0.0003707947042128094,-38.73816638864511
-0.00035071184854048904,-36.729880821413076
-0.0003306494495120229,-34.72364091856646
-0.0003114861589435836,-32.807311861722525
-0.0002940241717567321,-31.061113143037378
-0.00027884082626615563,-29.542778593979733
-0.00026614478513108195,-28.27317448047237
-0.00025533779815766557,-27.192475783130725
-0.000244947078918958,-26.153403859259967
-0.0002327723722013516,-24.93593318749933
-0.0002164010011206476,-23.29879607942893
-0.0001938754364903926,-21.04623961640343
-0.00016422907492118772,-18.081603459482942
-0.00012794028835794922,-14.452724803159091
-8.676093338156517e-05,-10.334789305520687
-4.330605649504272e-05,-5.989301616868442
-3.666045465614294e-07,-1.6953564220203121
3.9724124096626585e-05,2.3136086725873093
7.546263573115961e-05,5.885591356486669
0.00010624603988304406,8.958849117120979
0.00013216479672798764,11.542605077216768
0.0001537927453208496,13.695143067948667
0.00017201842201630942,15.506140383546628
0.00018797400837283122,17.089075975057604
0.00020295772187050586,18.573253103623156
0.00021822306837443787,20.082791105428463
0.00023473550498317972,21.712534405115765
0.00025289884623476655,23.501182198804884
0.0002724603150254221,25.422407645337934
0.00029259920590905266,27.39438647893936
0.0003121968173283219,29.307138548009597
0.0003301282394167678,31.051538856258034
0.0003454700515307837,32.539431057608624
0.00035757968207070467,33.71073803121347
0.0003659982760540859,34.523353214095955
0.00037030446627967943,34.938470622190785
0.00037001304278730076,34.90932827295292
0.00036470270632426986,34.37829462664983
0.0003541577462262439,33.323798616847235
0.0003385121806524534,31.759242059468185
0.00031820819846100756,29.728843840323606
0.0002937251409539778,27.280538089620627
0.0002653198340303343,24.440007397256277
0.0002328822940813526,21.19625340235811
0.00019604307915307393,17.512331909530243
0.00015443926291505044,13.351950285727892
0.00010800771706514765,8.708795700737612
5.7156291562983825e-05,3.62365315052123
2.7325555747452343e-06,-1.8186240674492575
-5.411722644907833e-05,-7.499343415962732
-0.00011211261315665242,-13.279407904609926
-0.00016978953043795766,-19.001251954314462
-0.00022547918194119963,-24.490444645162714
-0.0002773118234118141,-29.55946154206922
-0.00032338413229482225,-34.02646043622298
-0.0003620745576908592,-37.74568228980592
-0.00039237226317661016,-40.63566324555108
-0.000414198035526866,-42.70446459558517
-0.0004283870674828453,-44.043258813403106
-0.0004364805258931272,-44.80468046452657
-0.00044028771004004443,-45.16228592540264
-0.00044144121740921687,-45.270561391017694
-0.00044110318965561,-45.23675861565701
-0.0004399044259999808,-45.11688225009409
-0.0004380749328640484,-44.93393293650085
-0.00043560416072564576,-44.68685572266059
-0.0004323619738318464,-44.36263703328065
-0.0004281106182823569,-43.9375014783317
-0.0004224871742585978,-43.3751570759558
-0.00041506314290121795,-42.6327539402178
-0.00040544154839791685,-41.6705944898877
-0.00039339488856877654,-40.46592850697366
-0.000378931833476388,-39.019622997734814
-0.0003622523419493651,-37.351673845032515
-0.00034361773180962614,-35.48821283105862
-0.00032321196281143193,-33.447635931239205
-0.0003010776261129781,-31.23420226139382
-0.0002771423705795531,-28.840676708051323
-0.00025135697091301855,-26.262136741397867
-0.00022386766264935245,-23.513205915031257
-0.00019511458205956196,-20.63789785605221
-0.0001657244153284366,-17.69888118293967
-0.00013636713724318722,-14.763153374414735
-0.0001076100925426186,-11.887448904357871
-7.98780867851245e-05,-9.114248328608461
-5.3520191705116065e-05,-6.478458820607619
-2.889948839211597e-05,-4.01638848930761
-6.3907472535926e-06,-1.765514375455273
1.3698522018640691e-05,0.24341211546014957
3.12513317595701e-05,1.9986175585427204
4.642470906069958e-05,3.515609740634536
5.9678740860001805e-05,4.840325613224913
7.166349521205934e-05,6.037748306101875
8.294226285576228e-05,7.16416492680533
9.378948663124537e-05,8.246972339902557
0.00010405647485391968,9.271327758938359
0.00011327231998079615,10.190315216589504
0.00012086739656439376,10.947297449380553
0.00012642738734327993,11.501211056059907
0.0001298386907793913,11.84095783312564
0.0001312540908463297,11.981899856597538
0.00013095019543732744,11.95151031569731
0.00012922445690701287,11.778936462665854
0.00012662661825225307,11.519152597189871
0.00012412480637980996,11.26897140994556
0.00012323915897311018,11.180406669275584
0.0001257720219225444,11.432729072236786
0.0001329444072246876,12.146998255221213
0.0001447317983760586,13.320040212347003
0.00015954862180026923,14.792989558140865
0.00017466325675447917,16.293556968319503
0.00018708534985772683,17.525168028992603
0.00019445303087686262,18.25490069662372
0.0001954679213977621,18.355375193126406
0.00018982914722324664,17.791497775674863
0.00017811501247265774,16.62008430061597
0.000161499335836999,14.958516637050097
0.00014170603828048345,12.979186881398542
0.00012092901462691915,10.901484516042114
0.00010165494588987795,8.974077642337992
8.634533648656909e-05,7.4431167020071065
7.700664456244045e-05,6.509247509594243
7.486792139438977e-05,6.295375192789174
8.020963847179166e-05,6.828865223242219
9.242469693077826e-05,8.04836194427687
0.00010995159698630126,9.796893290048418
0.00013050069362673458,11.84462336123247
0.00015129820661511788,13.914078213789102
0.0001695033016575097,15.722659072784564
0.000182681039688465,17.029890356554503
0.000189110366021286,17.667051688477496
0.0001878121417805446,17.537229264403358
0.0001784308111156177,16.59909619791067
0.00016139030026485738,14.895045112834636
0.00013791401749165325,12.547416835514223
0.00011013123048117772,9.769138134466669
8.086001387509834e-05,6.842016473858733
5.3159339259932807e-05,4.071949012342179
2.9751411013550394e-05,1.731156187703938
1.2564285479388845e-05,0.012443640101629313
2.57904337071685e-06,-0.9860698325961266
-9.016190661585059e-08,-1.2529795913304345
4.04267930433294e-06,-0.8396954702355557
1.3808411206361146e-05,0.13687767275622775
2.7451230078324233e-05,1.5011283244704403
4.2666638115105286e-05,3.0224350434890384
5.685701686716038e-05,4.440886015431967
6.760078239419432e-05,5.514474371096866
7.308251789640289e-05,6.062104664012103
7.230467622332895e-05,5.984320496704709
6.498280085870721e-05,5.252132960242536
5.121588007199372e-05,3.875440881571186
3.115083578752907e-05,1.8689364531247212
4.7950021993779595e-06,-0.7666383751102568
-2.7913869407179338e-05,-4.0368547027066795
-6.685908493025427e-05,-7.927000225587083
-0.00011150418752049842,-12.37739981479353
-0.00016074476547816845,-17.26858352681711
-0.00021290504217551077,-22.422489860369712
-0.0002653974378254972,-27.572836539352313
-0.00031477892143826216,-32.37749659860627
-0.00035689634203447555,-36.43945179039916
-0.00038746140877192817,-39.36421052125484
-0.0004028842943768981,-40.832142170903595
-0.0004009368806088586,-40.63740079409964
-0.0003810181299841778,-38.64552573163156
-0.00034405652345324914,-34.9493650785387
-0.00029272091648351836,-29.81580438156562
-0.00023116837572563018,-23.660550305776802
-0.00016474054925385317,-17.017767658599098
-9.922942791415296e-05,-10.466655524629079
-3.991649009522012e-05,-4.5353617427357955
9.253118526164252e-06,0.3815975826094221
4.5942024808700004e-05,4.049833522750987
6.921907765178843e-05,6.375624913805069
7.906636532376621e-05,7.358967071492631
7.597469062802494e-05,7.049799601918504
6.0934794967429806e-05,5.545810035858991
3.5552590781781976e-05,3.007589617294207
2.1883690368173004e-06,-0.3288305657710076
-3.600487684980322e-05,-4.147434255819596
-7.451409518207331e-05,-7.993938509818839
-0.00010757341651135677,-11.29054134167287
-0.0001284077683800015,-13.364444646491872
-0.00013033557551598264,-13.555234359771562
-0.00010883605299945147,-11.405282108118447
-6.293195430610899e-05,-6.814872238784198
4.249623962168467e-06,-0.09671441195645136
8.644315434038765e-05,8.117324052794762
0.00017602711970049245,17.03159364276416
0.00026584641592641595,25.887988084782922
0.0003501779874855541,34.09274601107531
0.0004247712406159831,41.234555514508585
0.0004864813841584542,47.045489161958045
0.0005329553753492028,51.35636555640681
0.0005630190943681985,54.11283166073653
0.0005771779150570675,55.401862930818304
0.0005779486086869024,55.471855877654285
0.0005695118157662893,54.628176585592975
0.0005564876676117187,53.32576177013591
0.0005426928518190772,51.946280190871754
0.0005303744714201271,50.714442150976744
0.0005203906888042271,49.716063889386746
0.000513082904933585,48.98528550232253
0.0005092429307122399,48.601288080188034
0.0005106581340280613,48.73211528304882
0.0005198479095092341,49.58476740299042
0.0005393156019705611,51.383344277781454
0.0005705942557453565,54.250572258477675
0.0006134471344510713,58.13167537616051
0.0006656856211824557,62.785190002579384
0.0007234770555955284,67.8283402631974
0.000782184997134809,72.8324503879049
0.000837195982528018,77.40763450829436
0.0008844578485301418,81.24729623403317
0.0009205897922063427,84.12455261774427
0.0009427392009924138,85.86301802198435
0.0009484889834172577,86.31113181589481
0.0009359787423885483,85.06010771302385
0.0009043585739255348,81.89809086672251
0.0008541541867004009,76.87765214420911
0.0007873379499350275,70.19602846767178
0.0007069566169713599,62.15789517130502
0.0006164824133651494,53.110474810683975
0.0005192011935422875,43.382352828397785
0.0004179620613164192,33.258439605810956
0.0003152334266359653,22.985576137765566
0.00021331366491141797,12.79359996531083
0.00011444966497058672,2.9071999712277057
2.0686559767511245e-05,-6.466206331224585
-6.649726919981684e-05,-15.150908041172098
-0.00014666088377972286,-23.075815035536184
-0.00022061927051626997,-30.309693055458492
-0.00029030534184025714,-37.037161999102864
-0.0003582719947335907,-43.49886033981894
-0.0004270238762908848,-49.91938678259308
-0.0004984099869623985,-56.44726265324704
-0.0005729123815389018,-63.09388378849969
-0.0006495480023853625,-69.73848123938711
-0.0007260742615009362,-76.1654390364736
-0.000799595237544342,-82.1335379988922
-0.000867281037559414,-87.44203008652103
-0.0009269633294427468,-91.97092908933408
-0.0009777590907906499,-95.71140191407642
-0.0010200501863760949,-98.74474484872354
-0.0010552715934698232,-101.21460612283883
-0.001085284881758368,-103.27868529421774
-0.0011116057797892758,-105.05807294094109
-0.0011348006632845129,-106.60230628780039
-0.0011541691091404827,-107.8746997839039
-0.0011678367702269662,-108.76323464768414
-0.001172888530222677,-109.08969310808783
-0.0011658628891133226,-108.38712899715239
-0.0011432613421708956,-106.12697430290967
-0.0011021044809783852,-102.01128818365864
-0.0010404665237932547,-95.84749246514559
-0.0009578245871928991,-87.58329880511003
-0.0008553863640975121,-77.33947649557133
-0.0007359367858211955,-65.39451866793966
-0.000603465197446606,-52.14735983048072
-0.00046249602263756924,-38.05044234957704
-0.00031738858874160244,-23.539698959980367
-0.00017183308392884595,-8.984148478704716
-2.871257019051281e-05,5.325676977157746
0.00010975711972516186,19.10149861849277
0.00024179028260666203,32.035264855725906
0.00036586850475953396,43.89556729401795
0.000480759347874317,54.539477859484336
0.0005856378536556216,63.91509425606918
0.0006802361924573529,72.05701023859946
0.0007648811595148623,79.0679973707458
0.0008404376149168488,85.09533575008865
0.0009080878289788624,90.30054894561333
0.0009690690792299756,94.83407413469715
0.0010244123405856514,98.81648610170951
0.001074682152859253,102.32412863260949
0.001119881156312374,105.38848566435921
0.0011594584621096521,108.00212222217854
0.001192483337623054,110.13340190950261
0.0012179662487610203,111.7471728421099
0.001235086815651502,112.81636124934143
0.00124333906561657,113.32741836504766
0.0012425853907253581,113.25205087592649
0.0012335620127910032,112.349713082491
0.0012179959799379272,110.79310979718339
0.0011985818547014875,108.85169727353943
0.0011783457291686301,106.82808472025368
0.001159080515188723,104.90156332226296
0.0011403642104827773,103.0299328516684
0.001119253995744937,100.91891137788437
0.0010912396323657318,98.11747503996385
0.0010518394142193853,94.17745322532922
0.000998139213098821,88.80743311327278
0.0009296676761930157,81.96027942269224
0.0008481959364790856,73.81310545129925
0.0007570931952879083,64.70283133218152
0.0006604190399937699,55.03541580276768
0.0005623605059370722,45.22956239709791
0.0004669651146182941,35.690023265220105
0.00037799457874270647,26.792969677661343
0.00029877558090061644,18.871069893452336
0.0002318094596803037,12.17445777142106
0.00017834246883763753,6.827758687154445
0.00013781167035921624,2.7746788393123167
0.00010787911333682636,-0.21857219364740774
8.495416643763056e-05,-2.5108371525902995
6.517484579892884e-05,-4.487876359698543
4.5460510793763306e-05,-6.45729529058373
2.4035095287293138e-05,-8.59584040777162
2.2712441981518517e-07,-10.969296093622676
-2.6260232767930482e-05,-13.605334600315652
-5.6163584939961916e-05,-16.574278683016328
-9.101551941859105e-05,-20.023103258015375
-0.00013292646821217878,-24.150883323187394
-0.00018390035839367717,-29.136799158684045
-0.0002450839195226422,-35.061816757926756
-0.00031640177269232165,-41.871214979845725
-0.00039663703013506423,-49.38612927000379
-0.00048377720026581127,-57.346779829140246
-0.0005747859672851496,-65.40964577063868
-0.0006656356856332387,-73.17714444304619
-0.0007512148460799928,-80.2179913319718
-0.0008257498385697477,-86.12083674410049
-0.000883694589099923,-90.55745477884061
-0.0009206712474247061,-93.31766258208934
-0.0009340298425246505,-94.30112710750969
-0.0009229844903187293,-93.19659188691756
-0.0008889722595452131,-89.79536880956594
-0.0008354487783771852,-84.44302069276316
-0.0007676002509030214,-77.65816794534676
-0.0006916070542973561,-70.05884828478024
-0.000613763828870615,-62.27452574210613
-0.0005395769170876629,-54.85583456381093
-0.0004732531778481758,-48.22346063986222
-0.00041750468730121184,-42.64861158516582
-0.0003735702245229303,-38.25516530733767
-0.00034142318648767924,-35.04046150381256
-0.000319885712619842,-32.88671411702884
-0.0003066964668126646,-31.5677895363111
-0.0002980740950872983,-30.70555236377447
-0.00028878862748646036,-29.77700560369068
-0.00027255173342538867,-28.153316197583514
-0.0002429639679785035,-25.194539652894992
-0.0001946592722609195,-20.364070081136596
-0.0001242548994408397,-13.323632799128616
-3.1160769004865096e-05,-4.014219755531154
8.25197207196763e-05,7.350172065316669
0.00021244006330917235,20.262798460070314
0.0003529480866373453,33.997389864823965
0.0004980428132183476,47.77381235760741
0.0006420947278706162,60.900235402199435
0.0007801357722583855,72.85420250643847
0.0009078660775463072,83.29991908733182
0.0010216105882039123,92.06628110030316
0.0011183352339096645,99.10801328403578
0.0011957580183006012,104.46624992478252
0.0012524556169789668,108.23245606775652
0.0012878659801048129,110.51708382306464
0.001302156519517985,111.42442040775285
0.0012959951487212667,110.80828332808103
0.0012703969946752129,108.24846792347564
0.001226745294611269,103.88329791708125
0.001166857363952958,97.89450485125016
0.0010930366823609131,90.51243669204567
0.0010079920364584327,82.00797210179762
0.0009146731014140421,72.67607859735857
0.0008159251084249783,62.80127929845219
0.0007140748664116769,52.61625509712204
0.0006105982679654192,42.268595252496276
0.0005063003754933392,31.83880600528828
0.00040152529345589615,21.361297801543973
0.00029641673538879703,10.850441994834064
0.00019096436315623076,0.3052087809779661
8.483964294044732e-05,-10.294391815842145
-2.2760441237313653e-05,-20.9665507474737
-0.00013308417565399097,-31.75566794643431
-0.00024757088393498685,-42.71038773798092
-0.00036760083787659535,-53.85147484067468
-0.0004942230557404905,-65.14206688300695
-0.0006279793920904488,-76.47556844335104
-0.0007687717266905687,-87.67850380640907
-0.0009157529355368712,-98.5272805792385
-0.0010672959360833543,-108.77978254758605
-0.001221011943584037,-118.2112869596844
-0.0013738814796137447,-126.6484975046166
-0.0015224653984055702,-133.99005593210214
-0.0016631421450384368,-140.2082853204225
-0.0017923229959842123,-145.33519038159332
-0.001906640831746297,-149.44127035643237
-0.0020031197667758956,-152.6146909601358
-0.002079319499111049,-154.94470288557926
-0.0021334694264299498,-156.51108954700715
-0.0021645359856223203,-157.3775893634833
-0.0021722524058189166,-157.58926643118383
-0.0021570946638565613,-156.0734922349483
-0.002120233361138343,-152.38736196312647
-0.002063450372035352,-146.70906305282733
-0.001989055100787718,-139.26953592806396
-0.0018997540795129566,-130.3394338005878
-0.0017985093485244025,-120.2149607017324
-0.001688309600278663,-109.19498587715846
-0.0015719171600273554,-97.55574185202771
-0.0014516870378028714,-85.5327296295793
-0.0013294664917555383,-73.31067502484599
-0.0012065608654409745,-61.02011239338961
-0.0010837329155505325,-48.73731740434542
-0.0009612203933724749,-36.486065186539655
-0.0008386419911405401,-24.22822496334617
-0.0007149957591653316,-11.863601765825324
-0.0005886980275439162,0.765741683534987
-0.00045780833487046695,13.816368063188024
-0.0003203803968111046,27.34554868219621
-0.0001748353014777437,41.321685605167566
-2.0248763405582605e-05,55.600077599934764
0.00014355531302055182,69.92512135774628
0.0003160426734819586,83.96443286136194
0.0004960573076619862,97.36172491158203
0.0006817122092441123,109.78020996004744
0.0008703868262084636,120.95075567160511
0.001058736933224668,130.7029826112296
0.0012429235288908352,138.980780955262
0.0014189708484274408,145.83337027702268
0.0015831621693566567,151.3866865179603
0.0017323323794054925,155.806571608785
0.0018639978595245688,159.26611107802557
0.0019763682088010273,161.9242432302611
0.0020682739654843867,163.9150415401882
0.002139150224559888,165.34643031250204
0.002188999019086343,166.30231737801134
0.0022183675657537487,166.84670473093985
0.002228287559909116,167.02752538033826
0.0022201448108617574,166.2132504756024
0.0021955876195731087,163.75753134673752
0.0021564528761832675,159.8440570077534
0.0021046232654488716,154.6610959343138
0.002041829849667326,148.38175435615923
0.001969464384970516,141.14520788647826
0.0018885507005350737,133.05383944293402
0.001799941086920937,124.19287808152036
0.0017045900182537158,114.65777121479823
0.001603624474062463,104.56121679567293
0.0014981678912462052,94.01555851404717
0.0013890435239242392,83.10312178185056
0.0012765123675033798,71.85000613976462
0.0011601817346397422,60.21694285340086
0.0010389951722628492,48.09828661571155
0.0009115078690651338,35.349556295940005
0.0007762329065750422,21.822060046930854
0.000632041092469144,7.402878636341029
0.00047847409855322076,-7.945412628316661
0.00031588130287800784,-24.04089487800317
0.0001453623950432126,-40.4899256908209
-3.1424479400761096e-05,-56.81141279527138
-0.00021244759275642632,-72.51324698174767
-0.0003954436951697708,-87.1640391833862
-0.000577952572661499,-100.44035447242484
-0.0007573224919642699,-112.14724004131561
-0.0009306451375874853,-122.20997543553177
-0.0010948459085124874,-130.65673926981265
-0.001246881410560895,-137.59284908370412
-0.0013840382548771148,-143.1732295962988
-0.0015042345649101362,-147.57629196917514
-0.0016062206120088993,-150.98228330659532
-0.0016897079643683505,-153.56065875383356
-0.0017552697628915506,-155.46103656782955
-0.001804174133154721,-156.81087425146396
-0.001838147401527942,-157.71584969401866
-0.001859146273638761,-158.26216320183755
-0.0018691484504409516,-158.5189388468238
-0.00186990944732512,-158.48798852515367
-0.0018628604601330233,-157.783089805944
-0.001849051981792118,-156.4022419718535
-0.001829128310310883,-154.40987482372998
-0.0018032880353654234,-151.82584732918403
-0.0017712382106152907,-148.62086485417072
-0.0017323881740378586,-144.73586119642752
-0.0016861800273564444,-140.1150465282861
-0.001632405744338307,-134.73761822647236
-0.0015712873008231413,-128.6257738749558
-0.0015033223660422157,-121.82928039686323
-0.0014289818771731,-114.39523150995166
-0.0013484239079132145,-106.33943458396311
-0.0012613963370381209,-97.63667749645376
-0.0011673579070319903,-88.23283449584069
-0.0010657664764460997,-78.07369143725164
-0.0009563193333543784,-67.12897712807951
-0.0008391614566183703,-55.41318945447871
-0.0007149462742499471,-42.99167121763639
-0.000584798011064649,-29.97684489910657
-0.0004502235916014788,-16.519402952789555
-0.00031298927877372986,-2.7959716700146635
-0.000174981907331035,10.988204650710106
-3.808516174544832e-05,24.528904598533277
9.589943201973582e-05,37.5128245676794
0.00022530185848136362,49.6812540053467
0.00034861842495783013,60.845538307851136
0.000464518073329626,70.8887161110147
0.0005717534542906749,79.75074699982304
0.0006691410708651008,87.41592100983851
0.0007555751296359458,93.9009683821136
0.0008301388733364187,99.24969345475938
0.0008922722628318219,103.53109334382893
0.0009419040929728402,106.83600329815985
0.0009794828282220917,109.27042355242227
0.0010058728927374895,110.94514904174385
0.0010221620800636606,111.96455023661474
0.0010294437155308805,112.4167187710922
0.0010286232446711948,112.31349464004417
0.0010203392427669909,111.48509444962379
0.0010049703035731371,109.94820053023841
0.0009826401350205229,107.71518367497698
0.0009532600369879783,104.77717387172252
0.0009166146623505349,101.11263640797819
0.0008725485006868598,96.70602024161069
0.0008210567411943881,91.55684429236351
0.0007623423764282244,85.68540781574713
0.0006967556017231278,79.12673034523748
0.0006246857807516884,71.91974824809354
0.0005464675747138048,64.09792764430517
0.0004623780598527749,55.688976158202195
0.00037270536573545096,46.7217067464698
0.00027785826931478263,37.23699710440296
0.0001784570562834828,27.296875801272986
7.542393879824169e-05,16.993564052748876
-3.0005210734538863e-05,6.450649099470824
-0.00013630591019953678,-4.178618986230226
-0.00024173167839187763,-14.691860196606521
-0.0003444000200055436,-24.839343611496624
-0.0004424324720798558,-34.38780349539023
-0.0005342983924086192,-43.16514712077115
-0.0006190199392817718,-51.07985106580569
-0.0006963327862100853,-58.12801376210774
-0.0007665673738756744,-64.37065008064947
-0.0008303698384476163,-69.89879375702942
-0.0008883622996867014,-74.79869783833725
-0.0009409088129172963,-79.13135109590887
-0.0009880707336507339,-82.93051136924008
-0.0010296676914074707,-86.2094241990195
-0.0010653900632358762,-88.97049949172403
-0.001094716288221433,-91.19890316130223
-0.0011168993430438448,-92.8613854284882
-0.001130957304654674,-93.90456985929409
-0.0011358017416789447,-94.26218585165378
-0.001130504640466197,-93.73247573037902
-0.0011145930491510056,-92.14131659885987
-0.0010881851699408042,-89.50052867783974
-0.0010518878423930625,-85.87079592306556
-0.0010065222610930718,-81.33423779306648
-0.0009528462359097459,-75.96663527473389
-0.0008914166605443214,-69.82367773819145
-0.0008226160219382691,-62.943613877586216
-0.0007467909631285865,-55.36110799661797
-0.000664430071518923,-47.125018835651616
-0.0005764259739840657,-38.32460908216588
-0.0004841115351600416,-29.093165199763472
-0.0003892033347636221,-19.602345160121526
-0.0002935452102910995,-10.036532712869262
-0.0001988137798269527,-0.5633897213637983
-0.0001062967572095929,8.680326004378294
-1.6827518040007403e-05,17.574964108559
6.911694566193382e-05,26.03860033406705
0.00015126558071002676,34.0213228250939
0.00022946123290708403,41.49533396291598
0.00030384715646407015,48.47048856664906
0.00037497819988973995,55.00007986390664
0.00044387316255391543,61.17946201564288
0.0005117943481384728,67.120121645997
0.0005798647034231668,72.91292729035597
0.0006486981313110542,78.5980816713308
0.0007182363171618465,84.15770880743564
0.0007878324359120862,89.5310020431173
0.0008564704213181697,94.63874615230463
0.0009229816633919175,99.40388302349409
0.0009860045801060532,103.75024706677567
0.0010439317764260974,107.59987829634507
0.0010948069633141817,110.86626261083158
0.0011364279549366059,113.45916184633242
0.0011666633824891238,115.29825503243833
0.0011838517920808866,116.32714210751972
0.0011870842693832945,116.5130892435984
0.0011762698322206454,115.43164552733352
0.0011520949411116773,113.01415641643668
0.0011158221752428092,109.38687982954988
0.0010690540268708329,104.71006499235224
0.0010135248487937653,99.15714718464548
0.0009509540545629469,92.90006776156363
0.0008829634754393672,86.10100984920567
0.0008110166672385874,78.90632902912769
0.0007363689397525979,71.44155628052876
0.0006600180204602916,63.80646435129812
0.0005826702454408155,56.07168684935052
0.0005047565196375782,48.28031426902678
0.0004265035724309562,40.45501954836458
0.00034812009100504675,32.61667140577364
0.00026989838521338536,24.7945008266075
0.00019221726894040167,17.02638919930913
0.00011542191637281084,9.346853942550045
3.9637051701438344e-05,1.7683674754127956
-3.536575693247991e-05,-5.7300251817925405
-0.0001102706740069359,-13.199075446389752
-0.00018609117810919614,-20.71420636601372
-0.0002639611765894355,-28.358835297882777
-0.00034483429438339106,-36.19150885421214
-0.00042922415674698456,-44.21929229811334
-0.0005170594211865105,-52.38626794706775
-0.0006076625491080703,-60.57835950621247
-0.0006998626456287398,-68.6439141227462
-0.0007921357380397131,-76.41730406001352
-0.0008827242849084873,-83.73867192750104
-0.0009695670532489843,-90.45521913964119
-0.0010503252912388457,-96.42770310957606
-0.0011224308367039646,-101.53370076058562
-0.0011833120440746122,-105.67717419126625
-0.0012307306849913334,-108.79791049132271
-0.0012631020865701075,-110.87490009443258
-0.0012796324576876932,-111.91882940725864
-0.0012802564147127663,-111.95801323394483
-0.0012654941823483524,-110.48178999750344
-0.00123630967220407,-107.5633389830752
-0.0011939777602576025,-103.33014778842843
-0.001140021361135156,-97.9345078761838
-0.0010763221859625197,-91.56459035892017
-0.0010051085472164302,-84.44322648431121
-0.0009288528949632184,-76.81766125899004
-0.0008499713113003588,-68.9295028927041
-0.0007704846088615874,-60.98083264882695
-0.0006917686786346028,-53.10923962612848
-0.0006145016510347121,-45.38253686613941
-0.0005387981901472021,-37.81219077738841
-0.00046442174788896204,-30.374546551564404
-0.00039096699645764,-23.0290714084322
-0.00031792106602521506,-15.724478365189706
-0.00024465071050145385,-8.397442812813585
-0.0001703800533937868,-0.9703771020468803
-9.424477397149326e-05,6.639525847729048
-1.538091561057652e-05,14.495760557135881
6.688913267595986e-05,22.631835700965617
0.00015288277280748323,31.037218154437024
0.00024242793215967267,39.64559482895835
0.00033481265546907114,48.33491343855917
0.000428838334055829,56.94139905207292
0.0005229481449901421,65.28263559981848
0.0006153551097749898,73.17958559471663
0.000704082967927636,80.46783806216887
0.0007870102229182147,87.00513937363372
0.0008619009239445251,92.67302569460219
0.0009265211656589449,97.37987438818561
0.0009788348973279472,101.06423247953768
0.0010172326193238538,103.69635541996531
0.0010406879572531426,105.27409783860742
0.0010488067170128798,105.8148953998492
0.001041776827760683,105.11190647462952
0.001020301002626218,102.964323961183
0.0009856513981370899,99.4993635122702
0.0009396374434201514,94.89796804057636
0.0008845905241339253,89.39327611195374
0.0008231816112892223,83.25238482748345
0.0007580867834284879,76.74290204141
0.0006916988694006316,70.10411063862436
0.0006262065354094046,63.554877239501664
0.00056359066423652,57.293290122213214
0.0005051858996558371,51.452813664144934
0.00045136566530520075,46.07079022908129
0.0004013396607389164,41.068189772452854
0.000353362918989417,36.27051559750291
0.0003053966512191539,31.473888820476606
0.00025577227243306144,26.511450941867363
0.00020347755513904024,21.28197921246524
0.0001480449617687029,15.738719875431508
8.926917704312368e-05,9.861141402873585
2.6980942426039432e-05,3.6323179411651614
-3.893419580523582e-05,-2.95891331735786
-0.0001083270733782676,-9.888864576455845
-0.00018056674689948432,-17.072729450074952
-0.00025446820315215617,-24.367098055711846
-0.0003284494251450195,-31.591130097856677
-0.0004008180745603466,-38.5609289062749
-0.00047001580950734316,-45.11786045504679
-0.0005347183989895154,-51.13963102844317
-0.0005937614167387296,-56.53227010085365
-0.0006460003380499002,-61.215145529687945
-0.0006902201306924078,-65.11030994464575
-0.0007252003131674027,-68.14483995446267
-0.0007499109923237757,-70.26281241252579
-0.0007637529801204141,-71.43974141542992
-0.000766732829481599,-71.69220616404712
-0.0007594675462856819,-70.96567784445543
-0.000743055629314263,-69.32448614731354
-0.0007188546984819597,-66.9043930640832
-0.0006882733455906135,-63.84625777494858
-0.0006526447894574781,-60.28340216163504
-0.0006131980567387702,-56.33872888976424
-0.0005710756803258036,-52.12649124846758
-0.0005273286380240935,-47.75178701829657
-0.0004828616412077904,-43.30508733666626
-0.00043834843826658597,-38.85376704254582
-0.00039415094403306744,-34.434017619193966
-0.0003502874848924405,-30.047671705131275
-0.00030647586111342244,-25.666509327229466
-0.00026222801569330027,-21.24172478521725
-0.0002169640933315974,-16.715332549046963
-0.00017009680361290935,-12.028603577178156
-0.00012108329476020915,-7.1272526919081365
-6.945340764263597e-05,-1.964263980150819
-1.4843788643015254e-05,3.496242235079291
4.294078474655921e-05,9.266823653514258
0.00010385482473386586,15.32936919523645
0.00016754863687844365,21.63185524418157
0.0002333571986790707,28.088679735672127
0.00030034448163272933,34.587739259969304
0.0003673964579567652,41.00313580424158
0.000433326000089226,47.20891992275771
0.000496956595968323,53.089743260804234
0.000557168710557766,58.546436607362644
0.0006129118620606792,63.49689511673409
0.0006632020334592641,67.87442094322873
0.0007071372837769996,71.62670786439529
0.0007439374397776337,74.71607074716097
0.0007730064235723336,77.1210004615139
0.0007939942532139267,78.83758345905537
0.0008068356219169344,79.87959564919542
0.0008117596107968919,80.27747438343195
0.0008092578527851924,80.02729858226199
0.0008000424638459859,79.10575968834134
0.0007849906198771464,77.60057529145739
0.0007650760894070221,75.60912224444495
0.000741284377092583,73.22995101300104
0.0007145216716368019,70.55368046742294
0.0006855334136825035,67.65485467199309
0.0006548434225402365,64.58585555776641
0.0006227447653119873,61.375989834941485
0.0005893257129540544,58.034084599148194
0.0005545216577246023,54.55367907620298
0.0005181764508519074,50.919158388933496
0.0004800926837228636,47.110781676029106
0.0004400658705017044,43.108100353913194
0.00039790184044317527,38.891697348060276
0.0003534258629435548,34.444099598098234
0.0003064959220087189,29.751105504614646
0.00025701943818279375,24.80345712202213
0.00020498578436650824,19.60009174039358
0.0001505050948624207,14.152022789984828
