Desplacment,Force
0.0,0.0
3.5936633233632527e-06,0.3593659379325128
1.1581573676486923e-05,1.158144166061308
1.905882527793053e-05,1.9058236974582545
2.2984614121308645e-05,2.2983582270190195
2.310892640002728e-05,2.310787771652768
2.1462558159147986e-05,2.146150947564838
2.0906458571708044e-05,2.0905409888208446
2.3105450221483186e-05,2.31041298515752
2.8093388680945743e-05,2.8091232431389397
3.479506472156325e-05,3.4791213070806024
4.1752931045684305e-05,4.174647438403212
4.79192911868377e-05,4.790967035428394
5.336046898241546e-05,5.33472890040611
5.934919439181373e-05,5.9331163663443025
6.66699850068729e-05,6.664454112995131
7.470244500285555e-05,7.466676701145804
8.187325367548923e-05,8.182637511275306
8.681249822464292e-05,8.675667039565997
8.90050110420213e-05,8.894486912567267
8.842902339133465e-05,8.836888147498602
8.631191586014232e-05,8.625177394379369
8.437183631394164e-05,8.431169439759302
8.362559312017423e-05,8.356545120382561
8.337154469764818e-05,8.331140278129956
8.22098781766711e-05,8.214973626032247
7.98906969823051e-05,7.983055506595648
7.656042031726215e-05,7.650027840091353
7.284419693797908e-05,7.278405502163046
6.879141268668718e-05,6.873127077033855
6.324225300908347e-05,6.318211109273484
5.5041463653491614e-05,5.4981321737143
4.416395470182822e-05,4.41038127854796
3.1108318773862695e-05,3.104817685751408
1.608287557333271e-05,1.6022733656984092
-6.18372873870116e-07,-0.06785144617114976
-1.921702349050336e-05,-1.9276556173356578
-3.9151803742802245e-05,-3.920682174211428
-5.892183280705591e-05,-5.89645415152934
-7.703964875021501e-05,-7.706086351632684
-9.241779937637571e-05,-9.241078575503733
-0.00010571866967445137,-10.56783409454275
-0.00011892715567228868,-11.884434019006799
-0.00013379541192543037,-13.365211207115497
-0.00014906893193592543,-14.884787150210476
-0.00016308765847060342,-16.277977753657183
-0.0001751797206356044,-17.47839910132948
-0.00018640652334602037,-18.59176786738439
-0.0002010227053027695,-20.03947899082997
-0.0002211232755468398,-22.02685242727221
-0.00024483116393950595,-24.365099618525264
-0.00026723709279233597,-26.56863210384573
-0.00028267860411674124,-28.083390087368915
-0.00028871177900926495,-28.674324658264627
-0.00028816668584032113,-28.61981534137024
-0.0002859831604496542,-28.40146280230355
-0.00028559787868585526,-28.362934625923657
-0.00028812784236710115,-28.61069899408144
-0.00029263509693084054,-29.051876561063537
-0.00029687912151884203,-29.467019887832926
-0.00029680484090519136,-29.45959182646786
-0.00029091328674318986,-28.870436410267715
-0.00028075532042603785,-27.85463977855251
-0.0002693255471991139,-26.711662455860115
-0.0002594421851638742,-25.723326252336154
-0.00025087687728492713,-24.86679546444144
-0.0002408140727196839,-23.86051500791712
-0.00022605541706642145,-22.384649442590874
-0.00020593715165386495,-20.372822901335223
-0.00018179350831858118,-17.958458567806844
-0.00015474879064725255,-15.253986800673983
-0.00012562540447467695,-12.341648183416424
-9.415998385651364e-05,-9.195106121600093
-5.9099609726200144e-05,-5.689068708568745
-1.867364276229133e-05,-1.6464720121778622
2.7058483586892e-05,2.9265408651444775
7.422415122651872e-05,7.639519613036095
0.0001195860839338369,12.164159598055761
0.00016439338687699424,16.62101360126483
0.00021113702262212905,21.252398943941124
0.00025899685012934523,25.970099842842085
0.0003078650110957887,30.7564254218358
0.00035973562532457394,35.79676529170337
0.00041681071406027384,41.287790593617736
0.00048040745458548343,47.32879771897455
0.0005486472534262534,53.70851938076832
0.0006168114532854569,59.96366618837219
0.0006796530389177555,65.61681150934199
0.0007337215365288119,70.38736371518704
0.000778699949478415,74.28661954376513
0.0008167371787786539,77.53315546889536
0.0008515340490217845,80.46102203705735
0.0008875145509325883,83.44517372048209
0.0009267163431024599,86.64530214892652
0.000968257627662299,89.97699014546961
0.0010094288927927682,93.21758915820702
0.0010474253607979185,96.15322540088782
0.0010805413376590764,98.66816011912253
0.0011081134991397226,100.73080391337116
0.0011296455697501983,102.3217098890939
0.0011420601276744353,103.23100695710804
0.001143331480034748,103.32379719754735
0.0011345118096412342,102.44183015819596
0.0011192870036049387,100.9193495545664
0.0011026331385406546,99.25396304813799
0.0010886264894103277,97.85329813510529
0.001080128017453714,97.00345093944391
0.001075932953861287,96.58394458020123
0.0010712565591442708,96.1163051084996
0.0010595035366881983,94.94100286289235
0.0010334746163705418,92.3381108311267
0.000990518147140825,88.04246390815503
0.0009333424734335564,82.32489653742817
0.0008682193778566327,75.81258697973581
0.0008010833470764565,69.09898390171819
0.0007352875208811318,62.51940128218571
0.0006710156691834741,56.09221611241995
0.0006058314444445269,49.573793638525224
0.0005365479631412021,42.64544550819275
0.00046085794731487293,35.076443925559836
0.0003783563568427501,26.826284878347554
0.00028925272306461517,17.915921500534058
0.0001931024180337004,8.300890997442583
9.121811394400063e-05,-1.8873245044482028
-8.429239828838699e-06,-11.836773700076233
-9.964887469921229e-05,-20.89221483453454
-0.00018065284079310883,-28.86017244057241
-0.0002532992168791474,-35.92562131905804
-0.00031919979911512264,-42.254031403849936
-0.0003795658929459012,-47.97251958426473
-0.00043480861268455046,-53.132124213394754
-0.0004846775240830793,-57.72397549988296
-0.0005298984789246737,-61.83001299060267
-0.0005694105954282429,-65.37017012033405
-0.0006001502171495432,-68.09239748676478
-0.0006190161850566605,-69.74887193787738
-0.0006296890701434789,-70.68108589719844
-0.0006331916723669099,-70.98624021115197
-0.0006255316361583491,-70.22023659029587
-0.0006002539612090453,-67.6924690953655
-0.000550104280293614,-62.67750100382237
-0.00047505126005552257,-55.17219898001322
-0.0003835096060454802,-46.018033579008986
-0.0002871800757301748,-36.385080547478445
-0.00019437150305713665,-27.104223280174633
-0.00010659886050425677,-18.326959024886648
-1.9508888236383124e-05,-9.617961798099282
7.313448070901077e-05,-0.35362490355989185
0.00017512698038739665,9.838106403073331
0.0002858504704759632,20.84315392059562
0.0004021247139909794,32.26192274002858
0.0005201716774985037,43.63521968464871
0.0006371804259767391,54.620221445442354
0.0007538294272783012,65.2239548934408
0.0008748683750467871,75.8036107911603
0.001000442311643276,86.27360912795578
0.0011174667232936371,95.53138800415617
0.0012129544725133015,102.71177471598052
0.001282520208489201,107.72638724237142
0.0013298728493953776,111.03429353033829
0.0013628868893002302,113.2898129504236
0.001390063202079013,115.11519187349784
0.0014162035684655496,116.84432269783234
0.0014408956049753964,118.4536599350995
0.0014585913476427238,119.5926888076149
0.0014610433045764508,119.7495732062324
0.0014409308643445141,117.73832918303873
0.001393668375750623,113.0120803236496
0.001317730099581414,105.41825270672874
0.0012159973266677186,95.24497541535918
0.0010995020014135614,83.59544288994344
0.0009748132536606171,71.12656811464903
0.000840508801647809,57.696122913368214
0.0006901042601234384,42.65566876093116
0.000517983290033102,25.44357175189752
0.0003232787763170194,5.973120380289262
0.0001094677542397911,-15.373015343774133
-0.00011712532316972212,-37.57668585700014
-0.0003515057590557273,-59.5300702568773
-0.0005930463560330315,-80.5650944662616
-0.0008463191574618177,-100.4886355606413
-0.001114712349022993,-118.97916728803976
-0.001396794905196983,-135.47466382358508
-0.001686573104489188,-149.46943375804915
-0.00197162227386381,-160.64289816838942
-0.002243095274525741,-169.2432958800293
-0.0024983238240084784,-175.8155081270941
-0.0027393793834546982,-180.9125366332283
-0.002969570743553876,-184.95353205557885
-0.0031909386945973748,-188.21533994676608
-0.00340222118485077,-190.85999825424244
-0.003597942231982928,-192.97318497792804
-0.003769507218982043,-194.6034535434262
-0.003906246247935425,-195.77628462976529
-0.00399829810092576,-196.51029799777527
-0.004037796804178896,-196.8127042547874
-0.0040208730713989956,-195.12033097679733
-0.003951932680059658,-188.22629184286356
-0.0038437220586823445,-177.40522970513226
-0.0037105501645029013,-164.08804028718794
-0.0035605299640692856,-149.08602024382637
-0.0033940280543777682,-132.43582927467463
-0.0032064314548576156,-113.67616932265938
-0.0029907687701249503,-92.10990084939283
-0.002741365665939817,-67.16959043087952
-0.002458885212069476,-38.92154504384543
-0.0021588829422977815,-8.921318066675955
-0.0018532066456452402,21.460873422538047
-0.0015431744337826856,50.961814150270385
-0.001221345048844261,78.89766808961052
-0.0008785752962546208,104.6896062915111
-0.0005083170141204385,127.55457224376896
-0.00010791994046111986,146.74415183462253
0.000321082210090391,161.90401357750758
0.0007746895458786315,173.26967618001973
0.0012479766731614572,181.49717776990292
0.0017328015232688401,187.35372929724673
0.0022165502093256005,191.53006269240106
0.00268032561310474,194.54622548735034
0.003102869498479269,196.75862235620446
0.0034655621892634965,198.38993799028876
0.003753949338984962,199.56450725693674
0.003961718629015386,200.3605833023631
0.004093264260353754,200.84710067664903
0.00417428925990496,201.14092107604725
0.004231021277039456,201.34422771583118
0.0042795513421853655,201.51665685424845
0.00431973432853353,201.65844245783737
0.00433521422907108,201.71283323473455
0.004297238278369491,197.91523816457558
0.004178063137290466,185.99772405667315
0.0039756507281718196,165.75648314480847
0.0037183633156294216,140.02774189056868
0.00345084846270644,113.27625659827049
0.0032142789969920866,89.61931002683518
0.0030259272503744454,70.78413536507105
0.0028775335137171147,55.944761699337974
0.0027432323921853102,42.51464954615753
0.002591750519149118,27.36646224253831
0.002406661642035658,8.857574531192324
0.002190576690358599,-12.684215856000955
0.001951307622456603,-35.97575385327061
0.0016658955229217262,-62.1636401032017
0.0013213668344181947,-90.41653383153086
0.0009247922683086887,-117.51800741594631
0.0005023591036177395,-139.9534708250188
0.00011183657555493043,-155.48719338600307
-0.00020497575763381791,-165.09079811441086
-0.00043288801077664946,-170.6574775849962
-0.000587585659154737,-173.90125823623595
-0.0007013291379207246,-176.045409129638
-0.0008168570957222061,-178.03568459876308
-0.0009768417935752808,-180.5128962407869
-0.0012124246153803401,-183.6531160801258
-0.001539941268736645,-187.21070671476014
-0.001956036019579691,-190.72962586024082
-0.002452726494315508,-193.9409227966138
-0.0030043032614484873,-196.72268919092585
-0.003567151948513951,-199.06462004281218
-0.004094290597698042,-200.99671899390452
-0.004549098548483314,-202.54398124425427
-0.004913583566922712,-203.73347180532352
-0.005186957499055102,-204.60541842074926
-0.005380074544138984,-205.21355348387542
-0.005503272342121396,-205.59874725785716
-0.005571799936907785,-205.8121921232726
-0.005605488010219739,-205.91692354927912
-0.005620876196264033,-205.96472156819473
-0.005629238897721224,-205.99068663186128
-0.005646427956050795,-206.0440329182953
-0.0056836058733745224,-206.1593091400288
-0.005731695589473998,-206.30821241482636
-0.005754539945769373,-206.3788681160374
-0.0057021633253351795,-201.14120607261808
-0.0055437572250626715,-185.30059604536726
-0.005293227286455354,-160.24760218463555
-0.005006045832706589,-131.52945680975904
-0.004749644086180635,-105.88928215716359
-0.004567350605962173,-87.65993413531746
-0.0044578363202023305,-76.7085055593332
-0.004382797823007727,-69.20465583987284
-0.004285108980571003,-59.435771596200446
-0.0041196622503410826,-42.8910985732084
-0.0038762934157091423,-18.554215110014376
-0.0035831381322499584,10.669111139451312
-0.0032844392680473193,39.46626431641492
-0.003015168666547596,63.629947607620565
-0.00278487921195199,82.45649498922626
-0.002578579578873084,97.68080616508223
-0.0023705598097970263,111.39191219365799
-0.002137789091640573,124.80125201003675
-0.001868288846871522,137.92035502763798
-0.0015550123419542092,150.27285178098242
-0.0012017691882993716,161.06971807969433
-0.0008174811749933453,169.85303105238617
-0.0004147900470185675,176.60604700189762
-1.0114271855099011e-05,181.5989542696879
0.00037963369648006274,185.23006801890122
0.0007375048076442101,187.8595729062342
0.001047858993963033,189.75368269552752
0.0012922862388326864,191.059098061406
0.0014626857964858625,191.8930748732187
0.0015642537997802742,192.36521459330243
0.0016121808178644773,192.58219567130513
0.0016296275645260854,192.66030896573142
0.001645618177219843,192.73150427927123
0.0016872224505304868,192.91499829127505
0.001759245226127126,193.2269570973973
0.0018420231392198667,193.57715303127654
0.0019044983733257563,193.83596408537878
0.001921190888120935,193.9043576256129
0.001881570555513767,189.9423243648961
0.0017998773901799776,181.77300783151716
0.0017091870345630389,172.70397226982328
0.0016419620453674863,165.98147335026803
0.0016098618510601067,162.77145391953007
0.001592558449818862,161.0411137954056
0.0015576655626730069,157.5518250808201
0.0014792643000831288,149.71169882183227
0.0013533618421961663,137.12145303313602
0.0011990943660876168,121.69470542228107
0.0010446530383848537,106.25057265200478
0.0009093752757033228,92.72279638385169
0.0007953620746081058,81.32147627433
0.0006989804080448479,71.68330961800419
0.0006059716994840929,62.3824387619287
0.0004990072700249391,51.68599581601332
0.0003718895801058236,38.97422682410176
0.0002354758555512847,25.33285436864788
0.00010583047325055289,12.368316138574698
-1.9503331347280054e-05,-0.16506367857054488
-0.0001454829829599205,-12.745616810821575
-0.0002736728425909809,-25.44161722665905
-0.0004012010122550575,-37.86537478904402
-0.0005245132778773855,-49.59324507993653
-0.0006393500868120225,-60.19431622907355
-0.0007411005948115214,-69.28393538359529
-0.000830224189297078,-76.9847284142479
-0.0009118423258440635,-83.80708016334341
-0.0009912104498027204,-90.2193564626438
-0.001058687418836109,-95.49242754129749
-0.0011104017591177246,-99.41998200013607
-0.0011530784644382215,-102.58572852146946
-0.0011977311040891365,-105.82434586494901
-0.0012510856541625716,-109.5946101088094
-0.0013116072848049925,-113.73962542416531
-0.001371455279914268,-117.70066548065422
-0.001425160689302648,-121.13872493429547
-0.0014862628297107067,-124.91710575840666
-0.001565966544808852,-129.6347613690062
-0.0016655097392568026,-135.19696403549125
-0.0017747989581344346,-140.89321700808085
-0.0018772396009059942,-145.85628817826804
-0.0019565598007641647,-149.45895251073503
-0.002001221618804309,-151.39834848636667
-0.002004960216126759,-151.31572358622392
-0.0019578411996448207,-146.60382193803008
-0.0018681980673246985,-137.63950870601786
-0.0017638953953535103,-127.20924150889905
-0.0016774679649921192,-118.56649847275993
-0.0016283262090372819,-113.6523228772762
-0.001615614244030331,-112.3811263765811
-0.001628091390801479,-113.23491629577326
-0.0016425974313569404,-114.22004868811392
-0.0016344180289386044,-113.40039827325586
-0.0015877303936756974,-108.73163474696516
-0.0015027037017477094,-100.22896555416636
-0.0013946134711294064,-89.41994249233608
-0.001283388450911794,-78.29744047057483
-0.0011842885819764704,-68.38745357704246
-0.00109730257437899,-59.688852817294425
-0.0010178468424667682,-51.743279626072244
-0.0009446465462178624,-44.42325000118168
-0.0008791825968695211,-37.876855066347545
-0.0008224137255716571,-32.19996793656115
-0.0007730460818683625,-27.263203566231685
-0.0007316516203782854,-23.123757417223974
-0.0006907585522216354,-19.034450601558977
-0.0006365196148972792,-13.610556869123362
-0.0005571337919170779,-5.671974571103234
-0.00044995696104813696,5.043262161421519
-0.00032500335576999585,17.482172942842286
-0.00019985601544364237,29.7903303646166
-9.168886377846245e-05,40.235840925253
-9.214961382828134e-06,48.04353437289118
5.12276403443821e-05,53.66476557717276
0.00010727742628480757,58.793188016916126
0.00017304883444126736,64.69937676879796
0.00025114074550715835,71.54367220456419
0.00033415741687038556,78.60549325215531
0.00041206549128078063,85.02045570825301
0.00047916330556648445,90.37346648724845
0.0005372321221465382,94.87399991896696
0.0005914638336756183,98.9642103996722
0.0006394069779096061,102.48808191731837
0.0006811803607559533,105.4874301197977
0.0007192641144019524,108.1639063630047
0.000755925209954294,110.68802628959342
0.0007902648564239642,113.00565598732406
0.0008193828385784823,114.93551134853843
0.0008416746820696379,116.39104225088681
0.0008569756481187983,117.37912715654333
0.0008671657996943446,118.03221993571509
0.0008767502432968642,118.64288259326503
0.0008957697707864964,119.84434340707281
0.0009283460372990794,121.87028931206925
0.00096871397860946,124.32517943188783
0.0010047272527145786,126.46360817229693
0.001020473368560778,127.38338722965156
0.0010069862521935472,126.03467559292847
0.0009675585971242502,122.09191008599876
0.0009141302841834688,116.74907879192062
0.0008595087292493281,111.28692329850657
0.0008117339671600887,106.50944708958262
0.0007748928864392195,102.8253390174957
0.0007433532213995264,99.67137251352639
0.000705294409223094,95.86549129588316
0.0006510357970458308,90.43963007815684
0.0005796519508184146,83.30124545541521
0.0004988106321239882,75.21711358597257
0.00042009730808550874,67.34578118212461
0.00035314609854403354,60.6506602279771
0.00030180612227840176,55.51666260141393
0.0002652956467937887,51.86561505295261
0.00024024903974527169,49.36095434810091
0.00022594795032234425,47.93084540580816
0.00022477947091914847,47.80630211224815
0.0002375423243071484,49.00385928112494
0.00025445223581794553,50.58457412493212
0.00026602984467158207,51.6628245592856
0.00026921853169308496,51.95921308269677
0.0002670581169311004,51.743171606498315
0.0002665072521680124,51.68808513018951
0.0002747977188824013,52.45810180141316
0.0002962211549283261,54.43985948312054
0.0003298225652220607,57.524061601373916
0.0003692639922465926,61.10523328653573
0.0004049475261771106,64.30723822156311
0.0004264864440083468,66.22192322551734
0.00042682628273424465,66.22109492369289
0.00040459827923585643,63.998294573854075
0.0003628720903551749,59.825675685785924
0.0003067718244139075,54.21564909165918
0.00024346993356286163,47.885460006554595
0.00018765650416636428,42.304117066904865
0.00014591429489257664,38.1298961395261
0.000111728173291097,34.71128397937814
7.275686778908603e-05,30.81415342917704
2.0559200674736605e-05,25.5943867177421
-4.976861792015671e-05,18.561604858252768
-0.0001468682714774781,8.851639502520628
-0.0002703177845448572,-3.492910679855641
-0.00041023952017836963,-17.445389736907025
-0.0005525266394461594,-31.46366764932452
-0.0006874132189375605,-44.47025484752155
-0.0008110187811117436,-56.05419914342817
-0.0009233806331524907,-66.24326729219143
-0.0010297432572296062,-75.54518593347221
-0.001138553993718135,-84.6810846968598
-0.0012542764146360515,-93.94486160846897
-0.0013637499733920493,-102.25780084697463
-0.0014582710463943147,-109.07248994304595
-0.0015402901256825112,-114.70967361524724
-0.0016201993438508752,-119.95433344432965
-0.0017071135981215231,-125.38265218283307
-0.0018037001859390058,-131.08155597605443
-0.0019075823054222382,-136.8269811416929
-0.0020086933037046554,-142.0479268398984
-0.0020939895410680156,-146.1771483955814
-0.002157171804976695,-149.0789796511
-0.002216817532640708,-151.69972925512144
-0.002286725565919211,-154.629297200601
-0.002363769348681097,-157.68662493037624
-0.0024287081289695203,-160.12953650593906
-0.0024429301877036584,-160.46421716962476
-0.00237776392681726,-153.94759108098492
-0.002233815387060512,-139.55273710531011
-0.002044397683301137,-120.61096672937262
-0.0018553438697873508,-101.70558537799401
-0.0017029797049043153,-86.46916888969045
-0.0015961829671273025,-75.78949511198918
-0.0015144174481847932,-67.61294321773826
-0.0014223612527144423,-58.40732367070317
-0.0012877482438147642,-44.946022780735355
-0.001097019179521518,-25.873116351410733
-0.00085645713551872,-1.8169734616432414
-0.0005837999031385264,25.26282267589983
-0.00030348709292574107,52.029505092100166
-4.9750904011653096e-05,74.56107058154853
0.000161132965947494,91.6914506791857
0.000334209248809273,104.53810893149634
0.0004848052200124667,114.78999833550338
0.0006244350317313441,123.52250237496767
0.0007564595744270272,131.1071886035827
0.0008779025096135925,137.52484406645317
0.0009898138024145799,142.98324435899917
0.0011134005164531253,148.52763081824534
0.001266756117941533,154.74479454476023
0.001455454462986497,161.47046426790197
0.0016683870355838736,167.9688515633473
0.0018821316565987615,173.4829219067834
0.0020676285895660134,177.56599998962815
0.002197122584992109,180.08076617250126
0.0022485939360331773,181.01117423373822
0.0022009927207268156,176.25105270310206
0.002057164283706513,161.8682090010718
0.0018508818984378855,141.23997047420903
0.0016308127702621556,119.23305765663605
0.0014366407277145593,99.81585340187642
0.001283997510676978,84.55153169811828
0.001169570871507193,73.1088677811398
0.0010657297906284465,62.72475969326513
0.0009344542020016894,49.59720083058942
0.0007467466731502293,30.826447945443416
0.0004963596094737755,5.787741577798044
0.00019854894972565708,-23.85740844498487
-0.00012178276434215635,-54.4757206949275
-0.00044083863218725744,-82.35083046450895
-0.0007453927726898062,-105.70513678874767
-0.001034995646974729,-124.66261220629106
-0.0013219018828803874,-140.35704582759715
-0.0016162219940095031,-153.52386078182857
-0.0019201660506724919,-164.411159332462
-0.0022326790323400287,-173.22301431846154
-0.0025540825807341197,-180.27494990270495
-0.0028838444640708607,-185.87358921526283
-0.003214027578858081,-190.2271536620402
-0.00353656922511291,-193.58203470691961
-0.003844299387474033,-196.17136497524896
-0.004131203110972117,-198.18533157719168
-0.004390381456532007,-199.75385244542414
-0.004617720915277796,-200.97808264578438
-0.004813490243274662,-201.94195606775557
-0.0049792659349142615,-202.70453141030248
-0.005117619923447263,-203.30916542815385
-0.005232279439612661,-203.79122112739103
-0.005335921893380067,-204.21380571395346
-0.0054356811986712,-204.60996494458803
-0.005529017366363771,-204.97210804114263
-0.0056065618420139155,-205.26727247084804
-0.00565417476334036,-205.44612305421634
-0.005651357512674414,-204.49387049980143
-0.0055655251532026415,-195.91063455262417
-0.005386708392614835,-178.02895849384353
-0.005140083677383728,-153.36648697073284
-0.004879396663448008,-127.29778557716077
-0.0046572136646539945,-105.07948569775945
-0.004493204068889678,-88.67852612132776
-0.00436359549285365,-75.71766851772499
-0.004216616733739482,-61.01979260630819
-0.0040118288081033605,-40.541000042696055
-0.0037331523772601133,-12.673356958371336
-0.0033950060959026676,20.85817357262297
-0.0030327401525522624,54.76185471061081
-0.0026805440311802407,84.06145504173165
-0.0023536530201434354,107.21957703876168
-0.0020448270266426576,125.38096192951
-0.0017328761084714124,140.283821054247
-0.001391962349885375,153.11678304842613
-0.001007707684262321,164.05370316974572
-0.0005792785279098696,172.90271273613496
-0.00011330821731869703,179.69641157892934
0.00038118015673171344,184.77246709433297
0.0008955262625987493,188.58072552703726
0.001424282032455134,191.54432566330328
0.0019642118551486407,193.98287614189687
0.0025131169118138516,196.1080304892292
0.003069981089774775,198.05481264947537
0.00363318434917602,199.90207484543654
0.004197103053913612,201.68254001764745
0.004743529968626569,203.37053961454853
0.005251004150688305,204.91928081519143
0.005698626102851414,206.27634003080823
0.0060687341605134915,207.39436010551765
0.006351282537767326,208.24619934053243
0.00654793958334106,208.8384496961037
0.006670779274934734,209.20817612515373
0.00673754244048096,209.40906075965833
0.006770918265360181,209.5094708225285
0.006787124913719595,209.55822453799598
0.006791210049477071,209.56513912504644
0.006777867557369864,208.23088991432576
0.006738659745426465,204.31010871998586
0.006665947169016099,197.03885107894928
0.0065518570751807465,185.62984169541406
0.0063936985310247005,169.81398727980945
0.006195634235793548,150.00755775669418
0.005966256709827011,127.0698051600405
0.005714945372119667,101.93867138930607
0.005448840969124335,75.32823108977294
0.005172655499271753,47.70968410451473
0.0048865058623463855,19.09472041197795
0.004584285196829583,-10.986623307586479
0.0042650233837380975,-41.48748232837142
0.0039386029434470725,-69.94746737158515
0.003612835702248772,-94.68752673505814
0.003284573735443516,-115.55524844721467
0.0029430188122835286,-133.07279658349836
0.0025767244273073933,-147.65898609083519
0.0021788246925564373,-159.48720870165081
0.0017520623802374667,-168.65070375356356
0.001303948668508271,-175.4843547650722
0.0008435410151620581,-180.4961675170051
0.00037865165883781333,-184.20931530221466
-8.565652446837894e-05,-187.05484391762303
-0.0005456695681647483,-189.3363771683447
-0.0009977774470785383,-191.2497610484391
-0.0014386921259771442,-192.9168845650425
-0.0018705185320967818,-194.42822523999013
-0.002292543027563524,-195.8305511783593
-0.0026991763441387303,-197.13629845488086
-0.003082099803773393,-198.33897650566476
-0.003432388188888028,-199.42367656079048
-0.0037406038836725907,-200.36954233531654
-0.00399238748141733,-201.13788428528414
-0.004178096691353685,-201.70265942575253
-0.004296039538908231,-202.0606410667299
-0.004350030153308711,-202.22435285445835
-0.0043456814776582356,-201.3103023894418
-0.004292146611973056,-195.95681582092385
-0.004211119771239679,-187.85413174758617
-0.004128181304137036,-179.56028503732185
-0.004059229842869696,-172.66513891058784
-0.003998606080627186,-166.6027626863369
-0.003917944030415288,-158.53655766514706
-0.003785426720773519,-145.28482670097017
-0.0035836073864138895,-125.10289326500721
-0.0033199247671808073,-98.734631341699
-0.0030215473846633006,-68.89689308994834
-0.002722756008866486,-39.017755510266866
-0.0024498571510313204,-11.727869726750315
-0.0022099396148596543,12.202571698669722
-0.0019926380924989093,33.410954772173675
-0.0017793925825262613,53.32363845418743
-0.0015587561010904033,72.59788157097731
-0.0013248524863683372,91.23909804058296
-0.0010749431878493221,108.90782914083724
-0.0008060910819762785,125.26464007630837
-0.0005104522641980593,140.22201649367045
-0.00018324016872092337,153.47084380947265
0.00017431134054843078,164.6259349010961
0.0005536021830288581,173.47997349677618
0.0009392809003499957,180.13719318773516
0.0013140570178649595,184.97168728994095
0.0016618852031398945,188.43023757641737
0.001971368491820994,190.9075024429513
0.0022376509543866187,192.70404343006268
0.002462177936483417,194.0340282639866
0.0026515681839556736,195.05105058351148
0.002814990052301025,195.86507330385587
0.002962056603479241,196.55507643989267
0.003098871103983867,197.16584288084516
0.003226372701809454,197.71151603134544
0.0033396692360302335,198.17963679082737
0.003428598036294897,198.53719523970994
0.0034808319823621254,198.74349866496246
0.00348185766335818,198.10111731270615
0.0034221243799293626,192.12778896982442
0.003305785236150379,180.49387459192607
0.0031498358317484524,164.8989341517334
0.002976294179217658,147.54476889865398
0.0028028658310805792,130.2019340849461
0.0026381631697393426,113.73166795082243
0.0024809005878467026,98.00540976155843
0.0023259197711301338,82.50732808990156
0.0021637278783228357,66.28813880917174
0.0019834237008615877,48.257721063046944
0.001776990588443403,27.614409821228463
0.0015420760731004463,4.122985156944322
0.0012840745697543872,-21.523291940496186
0.0010149418029451838,-47.34545606079124
0.0007462468085584391,-71.36773549005011
0.00048024445714889145,-92.83802458201485
0.00021720844273874973,-111.49735595666174
-3.884019475041058e-05,-127.13391343616294
-0.0002859803975876625,-139.95231126472876
-0.0005278255916713277,-150.51174247078066
-0.0007712222721764795,-159.38197615237752
-0.0010224774905183782,-166.94588107616752
-0.0012848699648656625,-173.39684107438015
-0.001556451083340608,-178.80028297350884
-0.0018304095132806262,-183.2015738669271
-0.002096450964077656,-186.6799969604488
-0.0023432593781610098,-189.3552810362076
-0.0025599793487558645,-191.356152226588
-0.0027395761156409574,-192.8134594211723
-0.0028799811991749406,-193.846268451682
-0.0029826222158036925,-194.54981399934834
-0.003050020285118533,-194.99044269380568
-0.0030839877650951295,-195.20651717459987
-0.0030841057739501567,-194.80738693986527
-0.003049628597102304,-191.35966925508
-0.0029835039208767483,-184.74720163252442
-0.002892324326159767,-175.6292421608263
-0.002783634037942167,-164.76021333906627
-0.0026639115828687473,-152.7879678317243
-0.0025408220664217456,-140.47901618702411
-0.0024148171214715378,-127.87852169200335
-0.002279519400723166,-114.34874961716613
-0.00212535260681676,-98.93207022652558
-0.001945295636045524,-80.92637314940197
-0.0017386047677639645,-60.25728632124601
-0.001510284934545827,-37.42530299943226
-0.0012681740110624502,-13.214210651094575
-0.0010150576655460813,12.067479588871977
-0.0007551446844569068,37.48989887126541
-0.0004957352344574979,61.53271366313722
-0.00024354608960741402,83.02906174593089
-1.9847281643792437e-06,101.52781217982223
0.0002284001551789086,117.1171674806244
0.0004442720665819058,129.89892517335403
0.0006459822312984198,140.31166805404845
0.0008378698772404173,148.93966986202307
0.0010274564147481318,156.3481484934652
0.0012270478883314854,163.07407574265952
0.0014440102521583009,169.29005506502335
0.0016785854109667585,174.91252809429744
0.0019243319089947701,179.78192846479456
0.0021715732937682103,183.81939498817144
0.0024083048641716687,187.03057690993077
0.0026205699124679906,189.46883154313662
0.0027956977490330216,191.22200872635386
0.002923678376998649,192.37772649898614
0.0029988634327976597,193.01293502699852
0.0030172252017731395,193.16348841104963
0.0029831318822157483,189.75415645531052
0.0029149912939491966,182.94009762865534
0.002839252133714239,175.36618160515957
0.00277761721806748,169.20269004048367
0.0027379269312368714,165.23366135742282
0.002714488443189913,162.88981255272697
0.0026872948899071118,160.17045722444686
0.002630066375147873,154.447605748523
0.0025242958730971373,143.8705555434494
0.0023679004205261396,128.2310102863496
0.0021744964960805795,108.89061784179361
0.001966443042891436,88.08527252287928
0.0017627427952289834,67.71524775663401
0.0015716514723453886,48.606115468274524
0.001390233875314152,30.46435576515087
0.0012095143554638678,12.392403780122455
0.0010220015609388945,-6.351316671080274
0.0008256977817631961,-25.776600043614177
0.0006235123590786652,-45.19920262590443
0.00041763376810883515,-64.00596936885363
0.00020960007794312152,-81.71545523547314
1.0307386676403924e-06,-97.9543571440853
-0.00020701876900021545,-112.52679968006558
-0.00041291575555955234,-125.32433538462861
-0.0006128674715069652,-136.24726889322866
-0.0007984275083775279,-145.13199660617266
-0.0009635217066371705,-152.098723333237
-0.001107453215317467,-157.51047925272147
-0.0012353486351499323,-161.84447986077942
-0.0013587681690143956,-165.63776478207998
-0.001486123552214725,-169.18493092751314
-0.0016182435979687282,-172.50588201206907
-0.001748185528204618,-175.44933345917292
-0.0018646178894084365,-177.84093512933867
-0.001955329992811423,-179.55745571525495
-0.002010872206755125,-180.5495461284996
-0.0020266909148518074,-180.8242823519331
-0.0020025513379465353,-178.41032466140592
-0.0019474617510709467,-172.90136597384708
-0.0018768414852263324,-165.83933938938563
-0.0018043355563707743,-158.5887465038298
-0.001735625081086535,-151.7176989754059
-0.0016673765220085025,-144.89284306760263
-0.0015907339593206101,-137.2285867988134
-0.0014964308662127532,-127.79827748802771
-0.001378715559309819,-116.02674679773428
-0.0012372145584405806,-101.87664671081045
-0.0010760643840267209,-85.76162926942447
-0.000900364814034696,-68.191672270222
-0.0007136170682691058,-49.516897693662976
-0.000518756437839107,-30.030834650663095
-0.0003206684727196617,-10.222038138718569
-0.00012430992998044928,9.405298182653361
6.618583890401893e-05,28.25517694621882
0.0002509577135112051,46.044622142787865
0.00043806389304092434,63.28120255240616
0.0006339536879288977,80.23856385097018
0.0008355259309284685,96.3264680899948
0.0010378000513150876,110.95807520372546
0.0012384819547627728,123.93270587299996
0.0014371586570736353,135.28681112630142
0.0016334503286997669,145.11696830706768
0.0018263624276154953,153.5313554124744
0.0020138203689539073,160.63162690814255
0.0021930002355691944,166.5294934631133
0.0023608954916674906,171.35484528779958
0.002514685746783263,175.24680761765063
0.0026516935360246974,178.33568744060176
0.0027689622001981404,180.72554256542904
0.002862620766751481,182.48135709255226
0.002928783257677525,183.64603514073113
0.0029646616268144037,184.25284725609322
0.0029687514045528326,184.15925800829802
0.002942300006267213,181.51411817973607
0.002892117830886426,176.49590064165739
0.0028314980074667143,170.4339182996862
0.0027696642391474287,164.25054146775764
0.0027067906320810574,157.9631807611205
0.0026355323274568766,150.83735029870246
0.002546453599389391,141.9294774919539
0.002431137010707211,130.39781862373587
0.002281709505171119,115.45506807012669
0.0020994582868480343,97.2299462378182
0.0018945133639552128,76.73545394853605
0.0016808576915124814,55.36988670426291
0.0014693592809275396,34.22004564576873
0.0012644368903664274,13.727806589657508
0.0010644234279033622,-6.265444549987643
0.0008651443751174411,-25.980911920658123
0.0006664588910406436,-45.06154930170217
0.0004680529911744765,-63.20695651567774
0.0002680549830884106,-80.30884814953025
6.286809316715617e-05,-96.41390703672765
-0.0001511320076983918,-111.53355996533747
-0.0003762947036262016,-125.55797019003964
-0.0006136118512257673,-138.3109902877099
-0.0008608040562503499,-149.54105245429642
-0.0011130837528327208,-159.07519353059945
-0.0013641526059984944,-166.89466790946935
-0.001608219049432767,-173.14974376385422
-0.0018409864772098126,-178.0863198478716
-0.002059981628984296,-181.97160907619514
-0.0022640872597229494,-185.04342503450022
-0.002452239408896749,-187.48362553677563
-0.002623655855551042,-189.43150883046786
-0.0027776749805915302,-190.99095500691342
-0.0029126384795451717,-192.22916407360344
-0.0030238744637025704,-193.17043606661352
-0.0031067353888476236,-193.8297531700219
-0.0031581162034397827,-194.22201625327648
-0.003176447784540564,-194.35904663111953
-0.0031614287132613592,-192.85713950319905
-0.0031168546713248946,-188.39973530955263
-0.0030518901442169663,-181.90328259875977
-0.002973529377022065,-174.0672058792696
-0.00288272936040016,-164.98720421707912
-0.002776220041635518,-154.33627234061493
-0.002650842769931576,-141.7985451702207
-0.0025061661794334605,-127.33088612040915
-0.0023458322491050577,-111.2974930875689
-0.0021742996926406547,-94.14423744112858
-0.0019941478079089007,-76.1290489679532
-0.0018049922010384275,-57.21348828090588
-0.001604612172777879,-37.175485454851035
-0.0013919703948822456,-15.911307665287685
-0.0011695051967713554,6.325477115710945
-0.000942593875828528,28.727879135262253
-0.0007165064152284217,50.230824324077375
-0.0004942499001766981,70.11478039500166
-0.00027531291376887133,88.15603271462088
-5.791159152447435e-05,104.35288291490933
0.0001560388387721957,118.53896951563907
0.0003649799253559118,130.7237636127894
0.0005685145134926582,141.07809485431858
0.0007661146274041428,149.80308128345922
0.0009556301682702269,157.05456106854857
0.0011338348539641756,162.97917182032867
0.0012973098231817259,167.73532383187435
0.0014425112852348135,171.474646868894
0.0015660741074179187,174.33440382229213
0.0016670662805472354,176.47214734612692
0.001752469800961603,178.15113653565416
0.0018272319509404986,179.5308522382345
0.0018908883313621832,180.64341474222743
0.0019375751606160569,181.42491055986628
0.0019587416346741695,181.76996664609598
0.0019446206338958592,180.35786656826497
0.0018890507414884969,174.80087732752872
0.001796459492469408,165.54175242561982
0.0016798228979009134,153.87809296877035
0.0015543019682602555,141.32600000470455
0.0014270685505827752,128.60265823695653
0.0012996014191865245,115.85594509733147
0.0011712445057149475,103.02025375017375
0.001039846041488816,89.8804073275606
0.0009042572373758453,76.32152691626354
0.0007655956469360981,62.455367872288825
0.0006319584962707211,49.091652805751124
0.0005072123767884283,36.61704085752184
0.00038715680351378924,24.611483530057942
0.00026537546365866256,12.43334954454527
0.00013922957912763036,-0.1812184734075734
9.145775294125182e-06,-13.168141728619341
-0.0001322680521156482,-27.150502061545993
-0.00028414219209318633,-41.857667566704876
-0.0004365913511700697,-56.145597290782234
-0.0005768763626056436,-68.75600033940732
-0.0006975875813098514,-79.12557914079831
-0.0007977316353774126,-87.35701872006645
-0.0008787642788332925,-93.75686305065935
-0.0009461964369475535,-98.89879497007423
-0.0010077562543199738,-103.44426729298219
-0.001069509556614106,-107.85970940100145
-0.0011278633897256038,-111.8983402347737
-0.0011814848087584827,-115.49455927532146
-0.0012355316718625623,-119.0080602267363
-0.0012988640727940519,-122.9836588594371
-0.001381030743326443,-127.91590043227458
-0.0014817895151417214,-133.6218261583675
-0.0015890275096680994,-139.29085525848274
-0.0016808722512048186,-143.8259804493693
-0.0017225260428415433,-145.7884130136836
-0.0016927644676883067,-142.81225549835992
-0.0015974240165232724,-133.2782103818565
-0.0014708131514513277,-120.61712387466201
-0.001366925748744537,-110.22838360398293
-0.0013168814179793968,-105.2239505274689
-0.0013144661071479579,-104.982419444325
-0.001325994838258596,-105.81385896764891
-0.0013157783221385796,-104.79220735564726
-0.0012603135298716612,-99.24572812895543
-0.0011568689504856614,-88.90127019035545
-0.001017904027612024,-75.0047779029917
-0.0008542378011870574,-58.638155260495054
-0.0006726776773681931,-40.48214287860862
-0.00047460579809263995,-20.67495495105331
-0.0002647921370155178,0.3062963421361255
-5.912017635930272e-05,20.78705119521535
0.00012268985233711573,38.5242141174746
0.00026563151885737,52.03769887926531
0.0003682382171485464,61.43057623581128
0.00044220456955840285,68.01782916435245
0.0005086111914498501,73.78916663518355
0.0005876504235165,80.47144401180503
0.0006894717480471067,88.76370129149721
0.0008116414298227076,98.21985812159043
0.0009426580242554584,107.74034798568397
0.001078644112378033,116.92967179441263
0.0012126314768601929,125.29427415964602
0.0013340705421994508,132.2939102256385
0.0014329677976178585,137.59673210343547
0.0015017800713522898,141.0821199395985
0.0015394581540505792,142.92128185625955
0.0015501587570066467,143.43480898463494
0.001538473913956274,142.2663246795977
0.0014962586279831536,138.04479608228567
0.0014258443135734171,131.003364641312
0.001345024990652245,122.9214323491948
0.0012808087769126538,116.49981097523569
0.0012639516115933388,114.81409444330419
0.0013015463249592683,117.29092892331911
0.001374205807296773,121.92508440544415
0.0014477246636448347,126.41038083589645
0.001491003227431092,128.9559181326605
0.0014842198977414553,128.27758516369684
0.0014231175504812912,122.16735043768043
0.001320613944189482,111.91698980849952
0.0011977065275937248,99.62624814892379
0.0010733183271109397,87.18742810064528
0.0009526803646462531,75.12363185417664
0.0008370471186766828,63.56030725721959
0.0007302208764684148,52.8776830363928
0.0006384023880952089,43.6958341990722
0.000564247250123317,36.280320401883
0.0005024577505247813,30.10137044202944
0.0004397889390842452,23.83448929797583
0.0003580341054293461,15.659005932485918
0.00024326624681105915,4.182220070657225
9.51659901731043e-05,-10.616127817140004
-6.585875822095048e-05,-26.55810987900221
-0.00021515787504577564,-41.029981193339545
-0.00033703614768497984,-52.51642643480061
-0.0004301738460636863,-61.04719348287437
-0.0005044944333328251,-67.67991676003456
-0.0005741991607318344,-73.7477938215483
-0.0006497615389813963,-80.14776765495012
-0.0007318245304497615,-86.877774648107
-0.0008116408456477208,-93.19382427604943
-0.0008785240018024164,-98.30661690837861
-0.0009306668548119951,-102.17662860607957
-0.0009710718972961626,-105.1048020012207
-0.0010046840304575664,-107.49338010658013
-0.001036577836831124,-109.71997730365862
-0.0010703813712577082,-112.03742980742982
-0.001106395723244308,-114.45832580257887
-0.0011416360556749969,-116.77915550633577
-0.0011710802087746672,-118.68188711650406
-0.001189850428211373,-119.87760168597207
-0.0011921174652397622,-120.02111063593587
-0.0011695973771238901,-117.76910182434865
-0.0011194755869470161,-112.75692280666127
-0.001049310105845067,-105.74037469646636
-0.0009709372698482599,-97.90309109678566
-0.0008942949970980583,-90.2388638217655
-0.000822942095548283,-83.10357366678798
-0.0007479146950316876,-75.60083361512842
-0.0006617398777291136,-66.98335188487104
-0.0005643594771508744,-57.24531182704712
-0.0004637590858262002,-47.18527269457969
-0.00037573023940166273,-38.38238805212594
-0.00030695684807399086,-31.505048919358753
-0.00024973593840160583,-25.782957952120245
-0.00018887157304569877,-19.696521416529542
-0.00011391838039791734,-12.201202151751401
-2.2221839170570336e-05,-3.031548029016699
8.33634658823026e-05,7.523572147986742
0.00019458339535635062,18.59445163851831
0.0003015605475210546,29.134542319502387
0.00039881903463693814,38.5747345668121
0.0004869254203358283,46.97370764948456
0.0005692046145578638,54.65991473129666
0.0006500389263579666,62.0423019059344
0.0007278491996887893,68.9735749449487
0.0007956741796970826,74.86415061620396
0.0008482877939042937,79.33107169592492
0.0008883651445987409,82.67122016575257
0.0009261756813563643,85.77162343876687
0.0009751911386746908,89.71572068942693
0.0010443023799576836,95.12947049675276
0.001132963548444044,101.81604564156655
0.0012314905245139882,108.89878715528256
0.0013263607753813144,115.36851878829405
0.0014035861308138232,120.38082567883336
0.0014473478389811698,123.12037163895167
0.0014516643010015547,123.38665573290942
0.0014228819818982673,120.5084238225807
0.001378104987561272,116.03072438888117
0.0013348058732506219,111.70081295781617
0.0013038961896602963,108.60984459878361
0.0012875123672836887,106.97146236112285
0.0012794835775525367,106.16858338800765
0.0012707886932976306,105.29909496251703
0.0012548380550000385,103.70403113275783
0.0012340261735048956,101.62284298324354
0.0012096655958266265,99.18678521541665
0.0011767311763818207,95.89334327093607
0.0011246249297768027,90.68271861043426
0.001039103859458277,82.13061157858169
0.0009151628857850343,69.73651421125741
0.0007612023893339699,54.340464566150985
0.0005959360402995301,37.81382966270701
0.0004391345307443862,22.13367870719262
0.0003010657370364519,8.326799336399187
0.0001789835142202144,-3.88034664530514
6.224491490441103e-05,-15.51878621751278
-5.289533050753608e-05,-26.8890314863012
-0.0001696472474253912,-38.23210188923489
-0.00029229245601059407,-49.867617945236596
-0.0004232989808988579,-61.896444788885084
-0.0005618472620157654,-74.0836986465382
-0.0007070878271769567,-86.19088177247473
-0.000865517793717832,-98.54501250804323
-0.001038881532897408,-110.98806251330485
-0.0012211198079752296,-122.83138714256344
-0.0014005269096921383,-133.26736489330688
-0.0015649779153295868,-141.80783341157905
-0.00170464200510484,-148.33243080449222
-0.0018128554620050637,-152.9545746529584
-0.0018874875223881993,-155.93365453430513
-0.0019285445909093132,-157.50281804145845
-0.0019418705076709633,-158.00174882771233
-0.0019384636951115988,-157.66106757177587
-0.0019329285613148026,-157.10755419209627
-0.001938832958427572,-157.33121655787568
-0.001963741215768871,-158.26383456857957
-0.002009489547527844,-159.931444451197
-0.002069216736330254,-162.02263763980088
-0.0021302166662181357,-164.06136334302488
-0.0021769455082372435,-165.55917695183277
-0.002194710813171637,-166.1144627919771
-0.0021745446144894602,-164.0978429237594
-0.002117344976958793,-158.3778791706927
-0.002033635133994615,-150.00689487427488
-0.0019334474559524178,-139.98812707005513
-0.0018286007115531418,-129.50345263012755
-0.0017309577834093398,-119.73915981574734
-0.0016476035608369375,-111.40373755850712
-0.0015776970537184122,-104.41308684665458
-0.0015144491906122451,-98.08830053603788
-0.001452955862186601,-91.93896769347346
-0.001385271572410771,-85.17053871589046
-0.001302033704455372,-76.84675192035058
-0.0011965098712357336,-66.29436859838674
-0.0010682233218910367,-53.46571366391704
-0.0009214047123931577,-38.78385271412915
-0.0007585928221456993,-22.5026636893833
-0.0005860357004105357,-5.246951515866945
-0.0004126708454827649,12.068081232956379
-0.000247585958605559,28.36559625783261
-9.650045225518212e-05,42.930895458598776
3.9693193240692295e-05,55.64465254212529
0.0001635443979990182,66.78008941028787
0.0002781761481873586,76.67080379471957
0.0003801581024084853,85.10209876793688
0.00046893993128401814,92.14290049828357
0.0005492351348298113,98.26180792017351
0.0006296770383575578,104.14933558497408
0.0007187250654512098,110.3796944664451
0.0008204041766892955,117.12293218962519
0.0009324984471518617,124.10049728262969
0.0010481892538001833,130.80763871935525
0.0011634056878514032,137.00134477349675
0.0012711257556103721,142.3688307263753
0.001361410560066334,146.5650117808046
0.0014242508594636723,149.32899700011114
0.0014527024204063954,150.53936041063892
0.0014455975098128162,149.7446667526953
0.0014094318276636282,146.12809853777654
0.0013567470324466634,140.85961901608002
0.0012965759032021866,134.84250609163234
0.0012366486248020466,128.84977825161837
0.0011818823829960546,123.37315407101917
0.001132282739945896,118.41318976600331
0.0010825078981000784,113.43570558142154
0.0010231036937990183,107.49528515131553
0.0009440229529863073,99.58721107004442
0.0008391560720902734,89.10052298044103
0.0007119656570078893,76.38148147220264
0.0005690423120774078,62.08914697915448
0.00041646003290219866,46.830919061633566
0.00025811212085381113,30.996127856794814
9.636449201498172e-05,14.821364972911876
-6.712301381294076e-05,-1.5272557908083098
-0.0002310254077918638,-17.870084693090014
-0.00039278978868681285,-33.765850970408884
-0.0005495246685701419,-48.7561444176446
-0.0007002371621915801,-62.636129165440124
-0.000849999287349156,-75.78827504216532
-0.001003241022398053,-88.4878397979206
-0.001160393740750939,-100.64134123258606
-0.001320066094542273,-112.04085710380139
-0.0014814590360446894,-122.57381804999783
-0.0016435799996773188,-132.16256260786724
-0.00180084740007726,-140.5450220617493
-0.0019495568150900268,-147.67960760438515
-0.002088714390374189,-153.70115005034222
-0.002218528464254645,-158.7861851299925
-0.002337734215496875,-163.03524213350852
-0.002443430511720039,-166.4898977378034
-0.0025315420326428076,-169.16007852341517
-0.0025975479737364027,-171.04274302558542
-0.00263823398886101,-172.15532312680276
-0.0026523336358112463,-172.5326119533686
-0.002641670484654117,-171.46629683765562
-0.0026112408007674956,-168.42332844899352
-0.0025674313376056533,-164.04238213280925
-0.002514777660282376,-158.7770144004815
-0.0024533336605890546,-152.63261443114942
-0.0023788661981116463,-145.1858681834086
-0.002285001194418365,-135.79936781408045
-0.0021666731919716582,-123.96656756940976
-0.0020223754707207908,-109.536795444323
-0.0018540034256720268,-92.69959093944662
-0.0016655311239918665,-73.8523607714306
-0.0014609765154307928,-53.396899915323225
-0.0012450651028663572,-31.805758658879665
-0.0010198273644443738,-9.281984816681332
-0.0007848038430121498,14.179912840845974
-0.0005393466631239094,38.16548788053873
-0.00028347562768713197,61.890422739773456
-1.850850269831161e-05,84.44684358236263
0.00025431014667398394,105.08284462064077
0.0005356112098360719,123.40671865295324
0.0008304814186915676,139.44966825557003
0.0011442962769246576,153.26980245414066
0.0014806060430808722,164.8873573587664
0.0018382995179905032,174.31305928815902
0.002204856525698986,181.5642529398372
0.00256727946155841,186.95963390822226
0.002915637940698654,190.9369811583898
0.003243937070077602,193.9001379456507
0.0035480865177005554,196.14873764724854
0.0038264633982940913,197.89593216534468
0.004078559953396712,199.28371715814552
0.004303844284970885,200.402406053818
0.004501487981767949,201.3085789065836
0.004667988033476165,202.02722440455207
0.004797510211151919,202.56233408970343
0.004883677562368306,202.90813972880972
0.004925205169162061,203.0721348936245
0.004920479109846676,202.2871459472176
0.004868994031466596,197.13863810920955
0.004776801193967902,187.91935435934022
0.004653244502483553,175.56368521090528
0.004504027528574181,160.64198781996805
0.004326381630825352,142.87739804508516
0.00411685671259657,121.92490622220693
0.0038789477836230503,98.134013324855
0.0036208112885094163,72.3203638134916
0.00334836672675388,45.07590763793797
0.003061719664389809,16.411201401530864
0.002759358909123151,-13.72830827305301
0.002437123463674211,-44.68032731351999
0.0020923002076655914,-74.91445511841043
0.0017257986542953256,-102.56457205453344
0.0013415189552489167,-126.10481325444539
0.0009422376158339445,-144.9777180826635
0.0005261035656283654,-159.5381483950498
8.654228613711338e-05,-170.54970421687136
-0.00038651324882715555,-178.82018270337505
-0.0008991194107486276,-184.98797736945372
-0.0014498953783782633,-189.5896932659305
-0.002029957692463528,-193.09488218833573
-0.0026242755722508887,-195.87839544357485
-0.003214043071089668,-198.1909092604998
-0.003776720110192016,-200.16624800270884
-0.004293178141261182,-201.8671309509711
-0.004751265498130144,-203.3227839576263
-0.005147830516171928,-204.5578535970224
-0.005487849676357534,-205.6045366340911
-0.005781993367205055,-206.5035887420824
-0.006043007825108119,-207.29771979237992
-0.006279408647326228,-208.0147002042243
-0.006491573086668955,-208.65673753602402
-0.0066721608612469036,-209.2023571429034
-0.006812196945020516,-209.6250010703704
-0.006898635367177974,-209.88570920400198
-0.0069163321886472,-209.73602990676207
-0.00685537932124309,-203.64074316635106
-0.006721045919216346,-190.20740296367666
-0.006532870614442165,-171.38987248625855
-0.006313709466885792,-149.4737577306212
-0.0060846499747640465,-126.56780851844668
-0.005860364099772989,-104.13922101934094
-0.0056416512399441,-82.26793503645206
-0.005412372590784361,-59.340070120478124
-0.00515171218271501,-33.27402931354302
-0.004850750882495199,-3.1954833904492594
-0.004512042976073111,29.900506357207753
-0.004147559659296475,62.75360199717517
-0.0037692764149199957,92.24461030891527
-0.0033776985304880716,117.1050737662884
-0.0029688869207884347,137.12876398733948
-0.0025420298377850743,152.53682053234786
-0.0020954454638604696,164.01309109008307
-0.0016250698130983454,172.43048768626434
-0.00112669513823089,178.59285180902674
-0.0005973985932406961,183.17337635403345
-4.072103296351586e-05,186.67532292556638
0.0005310072649105375,189.4544896393982
0.0011027933722825528,191.76455909730745
0.0016593658957330091,193.75945382700303
0.0021876201751269532,195.52119534008852
0.002678610268417255,197.09162619019247
0.003128291737395345,198.4957097728688
0.0035376982993725295,199.75614742398898
0.003912348873651336,200.89980281314854
0.0042622422010448165,201.96216621182282
0.004595064737779561,202.96913171978116
0.004912277045199179,203.92657018641623
0.005207429682288275,204.81596952035534
0.005466983389245803,205.5972365644827
0.005673428609301898,206.2182027224537
0.005807419013646542,206.62106175525213
0.005854629781610599,206.76297893122208
0.005809303375348903,202.23033830505244
0.0056820950028590835,189.50950105607052
0.0055026207659593365,171.56207736609582
0.0053101173519826,152.31173596842214
0.0051382612057116256,135.12612134132473
0.0049977400072529245,121.07400149545462
0.004873261835991651,108.62618436932729
0.004728631795987653,94.16318036892748
0.004526657431859203,73.96574395608246
0.004249844711298722,46.284471900034404
0.00391043625183826,12.34362595398819
0.003543848398608631,-23.92278758469365
0.0031902574632235474,-56.73904959620456
0.0028735546845163325,-82.97498841419137
0.002590085688803817,-103.36536335627437
0.0023197514108145227,-119.96499384028334
0.002040237777786176,-134.32283054776116
0.0017371859529807727,-146.98127795864443
0.0014062032613346889,-157.8613510761705
0.0010497890617879838,-166.81157505777196
0.0006729903827455763,-173.89228514649236
0.0002816055931888332,-179.35607237197843
-0.00011506751428244697,-183.50688420055536
-0.0005067495367210086,-186.6592473132563
-0.0008830274632068698,-189.0800135276815
-0.0012342456916584193,-190.96820963532238
-0.0015530635239467596,-192.4634349487586
-0.0018353784098937465,-193.6614254748027
-0.002081230057801937,-194.63233403114458
-0.002292909719685264,-195.42633954592978
-0.002472534741264818,-196.07560741536693
-0.0026200645473248574,-196.5948672870975
-0.0027321092925424307,-196.98197179175142
-0.002802744780070368,-197.22313478699462
-0.0028247788152190477,-197.29400835580913
-0.0027925771293815876,-194.0738397720631
-0.0027098926356241477,-185.80539039631915
-0.002592765707747345,-174.09269760863887
-0.002465869257099587,-161.4030525438631
-0.0023477273383614764,-149.58886067005201
-0.0022415573368721672,-138.9718605211211
-0.002134621425040344,-128.27826933793878
-0.0020066830439249782,-115.48443122640222
-0.0018403940023369023,-98.85552706759464
-0.0016303670617768668,-77.85283301159107
-0.0013847341962571098,-53.28954645961539
-0.0011187274108448691,-26.688867918391306
-0.0008508719072156843,0.09583342381901454
-0.0005971961883999119,25.2765488958597
-0.000365312219329498,47.536302462385486
-0.0001504273309114467,67.0374875631022
5.659816287198253e-05,84.48481803063952
0.0002640902049899322,100.45187494278947
0.0004761339756469464,115.09262310979155
0.0006940199750932861,128.35506033772617
0.0009169256743605398,140.12041600506927
0.0011420815224455027,150.2859792971807
0.0013670792167680761,158.89159542469872
0.0015893063306108126,166.0533061992715
0.0018045798052428654,171.8969804046694
0.00200129140290075,176.43143846121393
0.0021702880018604743,179.8001970647776
0.0023087225927566667,182.24429973228237
0.0024220242688795155,184.05731966046298
0.002528149176036917,185.61779032324583
0.0026418982743805497,187.15646101555924
0.00276823779014984,188.71919292488155
0.002901734189932752,190.22133579819746
0.0030302019581439905,191.53871010566615
0.0031344201814383467,192.52513840550466
0.0031848438681074554,192.9782337138553
0.0031587818309744874,190.3720300005585
0.003054481751426149,179.94202204572468
0.002898788771809043,164.37272408401407
0.002731803902675346,147.67423717064435
0.0025853317182368703,133.02701872679677
0.0024701258862619585,121.50643552930558
0.0023755239481057064,112.04624171368037
0.0022869676524883273,103.19061215194247
0.002185004491123128,92.99429601542256
0.0020511811582255355,79.6119627256633
0.0018750097957948798,61.99482648259772
0.001656762783650509,40.170125268160646
0.0014045604648409322,14.949893387202964
0.0011250433917577162,-12.963971106812838
0.000831577456128078,-41.529854065392094
0.0005425448094812512,-67.85135771480454
0.00027586355518890396,-89.83564963970865
4.3990511812149666e-05,-106.8519609190069
-0.00015238682807608032,-119.66239290663238
-0.00032236335272682777,-129.5753485652768
-0.0004807343072061321,-137.86618746100166
-0.0006411034024836774,-145.38276822206998
-0.0008143227170047932,-152.578003873274
-0.00100695833267864,-159.55395344781064
-0.0012205243468439637,-166.16655535797537
-0.0014529848268060124,-172.20671349270575
-0.0016960312004980944,-177.4369576448987
-0.0019338477650165345,-181.6693091485546
-0.002148537717834587,-184.87354894416072
-0.0023232284553450157,-187.1226780642535
-0.0024451653151783266,-188.5298048328302
-0.0025066267236100804,-189.19369059459598
-0.0025069607454187848,-188.55730201620312
-0.0024556969738896497,-183.43092486328965
-0.0023726044207337555,-175.12166954770018
-0.0022799366647468715,-165.8548939490118
-0.0021944204979886394,-157.3032772731886
-0.002127918136977291,-150.65304117205378
-0.00207778242161928,-145.63946963625264
-0.002027457562985347,-140.60698377285937
-0.001955043520776026,-133.36557955192728
-0.0018440190340498013,-122.2631308793048
-0.0016893131167125318,-106.79253914557783
-0.0014984528694072321,-87.70651441504786
-0.001286486058202985,-66.50983329462315
-0.0010684257832063923,-44.703805794963884
-0.0008556744965334928,-23.428677127673925
-0.0006542414913887433,-3.2853766131989808
-0.00046424931069963114,15.667494309466035
-0.0002769048440375703,34.04514208134319
-8.706281159480579e-05,52.03613376590887
0.00010409956120694621,69.23222948427083
0.0002921693120857601,85.03620541976397
0.000475248448810182,99.22119665394376
0.0006530346985369497,111.79213830922997
0.0008219950283974645,122.62055559756817
0.0009782651319710054,131.67902620943548
0.0011163853829672917,138.9461424328379
0.0012357323786469096,144.69194976524597
0.00134659885150528,149.60845638673288
0.0014569823228855285,154.1223034955185
0.0015566183736212176,157.88839876664247
0.0016391011131764836,160.79717081019078
0.0017167820899253099,163.37268639025015
0.0018017965239215518,166.0186635719827
0.0018934360991046519,168.6801814433976
0.0019799648384475985,171.02274219654961
0.002044840993541509,172.6767969636365
0.002073443057701179,173.37941774714145
0.0020594362937581623,171.97874135283976
0.002008429803415139,166.87809231853745
0.0019373873679143364,159.7738487684572
0.001865931775487697,152.62828952579324
0.0018103356775082235,147.06867972784588
0.0017720745348722797,143.24256546425153
0.0017390399712392012,139.93910910094365
0.0016929065710682794,135.32576908385147
0.0016196622232747396,128.0013343044975
0.0015161525104408283,117.65036302110639
0.0013902316491879896,105.05827689582253
0.001257074968765091,91.74260885353267
0.0011304016306720424,79.07527504422782
0.0010145786089743604,67.49297287445961
0.0008994653720342818,55.98164918045174
0.0007760775026566103,43.64286224268459
0.0006461789600155905,30.65300797858263
0.0005217053855591083,18.2056505329344
0.0004163395744369576,7.66906942071933
0.00033758322648388495,-0.20654119966223639
0.0002819464192573635,-5.767543519926934
0.00023722713499935223,-10.229945486214222
0.00018960678206066193,-14.969130713503818
0.00013082787868143984,-20.792884300950178
6.241641194441145e-05,-27.52253682180502
-7.799550261646128e-06,-34.36024640198795
-7.143961631819988e-05,-40.48371124876849
-0.00012341821222576022,-45.42490547064189
-0.00015959644627539464,-48.82880527039782
-0.0001822713242516476,-50.94648187351296
-0.0001984933382705555,-52.45376608621326
-0.0002150470364223577,-53.98502867893714
-0.00023514397785082505,-55.834530421480615
-0.00025766666905051983,-57.89453094694298
-0.0002792662505611591,-59.85710269023656
-0.0002985816752193568,-61.601076580547215
-0.0003219453255476773,-63.69626925233966
-0.00035389752180151453,-66.53564912132597
-0.00039216345375146875,-69.8953129227002
-0.00042806122569198515,-73.00535137327513
-0.0004514591586436831,-75.0101336259031
-0.0004533624635313356,-75.1362019866122
-0.0004261587759915722,-72.41583323263588
-0.00037126259516057634,-66.92621514953629
-0.00029872264851666725,-59.672220485145374
-0.00022376571428586823,-52.176527062065475
-0.00016007360192805866,-45.807315826284515
-0.00011305521991388418,-41.10547762486707
-7.849990875633716e-05,-37.64994650911237
-4.681421939672322e-05,-34.48137757315097
-1.0242757857127383e-05,-30.824231419191392
3.414769562943394e-05,-26.385186070535262
8.336221014479552e-05,-21.463734618999105
0.00013173861424434674,-16.62609420904398
0.00017405144381420692,-12.394811252057963
0.00020885462293065749,-8.914493340412905
0.00023942234303059125,-5.857721330419531
0.00026830062051861,-2.9698935816176584
0.00029379764063943293,-0.4201915695353628
0.00031283348379235014,1.4833901933519757
0.0003277552103569662,2.975490725568635
0.00034141860007017965,4.341563348847219
0.0003552987748298998,5.728976326804044
0.0003692793692651821,7.125949486476748
0.0003800530549260108,8.202066775000441
0.0003859764567584405,8.793539740143093
0.0003888301534375855,9.078442075827327
0.0003934093637300053,9.535542044284096
0.00040818011667698417,11.009317937561653
0.00043555227294337474,13.737338729327154
0.0004646027279565964,16.627271252923656
0.0004844510718308249,18.597993485299874
0.0004911140561250228,19.25878427286309
0.000488177239619304,18.965102622291212
0.00048153688730628126,18.301067390988937
0.0004753398694287282,17.681365603233633
0.00047046267977800314,17.193646638161123
0.0004631056268799992,16.45794134836073
0.0004489339811686258,15.040776777223389
0.00042789761197558544,12.937139857919355
0.0004116872193294784,11.31610059330865
0.00040920356565141955,11.067735225502766
0.0004184540446432552,11.990128742403789
0.00042688477047354997,12.830363972407937
0.0004114078284841616,11.282669773469104
0.00036036027584398535,6.177914509451478
0.0002821533495478858,-1.6425592764065475
0.00019848573189788768,-9.998372881795458
0.0001307342812349541,-16.737575385973617
9.194509172310216e-05,-20.578457255774456
8.87569044094645e-05,-20.890132884066617
0.00011336375721703154,-18.429447603309914
0.00014837303112928712,-14.928520212084353
0.00017675455918857662,-12.090367406155401
0.0001906510247658135,-10.700720848431715
0.00019040369565929554,-10.725368418212724
0.0001758787860370814,-12.172187125161841
0.00015113937906856853,-14.633156298067561
0.0001237439690266245,-17.352675050230363
0.00010259033084626757,-19.44788940134745
9.501876180497673e-05,-20.196741230698727
0.00010585660185331814,-19.112957225864584
0.0001361817838714844,-16.080439024047962
0.00018197359960997632,-11.501257450198768
0.00023433458221699423,-6.265159189496977
0.0002816668527592233,-1.531932135274072
0.00031366197162078217,1.6675721226623814
0.0003245818423095835,2.759509734710038
0.0003153748962709037,1.8388151308420537
0.0002946784141636647,-0.23082100136939668
0.00027862231056059917,-1.836266583401908
0.0002801524980305999,-1.6832478364018328
0.00030305394685063865,0.6068970456020406
0.0003419244634912282,4.493561668949891
0.00038655699627356823,8.952791772766062
0.0004258424396389451,12.871204522905895
0.0004485447215063278,15.131501944925065
0.00045166772827449447,15.442158985672247
0.0004403585361489665,14.311239773119448
0.00042415960466079703,12.691346624302502
0.0004115644917180452,11.431835330027317
0.0004059099098032039,10.86637713854319
0.0004059182344653366,10.867207504641726
0.0004080549772785867,11.080331060139033
0.00041335394232457935,11.608758964628926
0.00042166647015840056,12.437397660856849
0.00042925865356661274,13.193875831463822
0.0004309385894342743,13.361215315698365
0.00042239772274914837,12.507128647185773
0.0004018456797010538,10.451924342376316
0.00036786166698900497,7.053523071171432
0.0003247165943533917,2.7390158076101065
0.0002818439295286253,-1.5481320734228174
0.0002499938811448655,-4.73173007379185
0.0002394217646978459,-5.787910015470762
0.00025085297986489916,-4.644788498765436
0.0002748135517011375,-2.2487313151415997
0.00029770818962136813,0.04073247688146185
0.0003093189810914518,1.2018112306493696
0.0003062375834770283,0.8936714700796253
0.00028855101801155325,-0.8749359715905235
0.00026267899489981045,-3.461472623796208
0.0002382820288810908,-5.899187912334761
0.00022484363340973044,-7.241100498294109
0.0002307360040061004,-6.651863438657114
0.00025815808297272296,-3.909655541994858
0.00030350299892314774,0.6248360530476196
0.000359812905240872,6.254537395572738
0.0004205330403533093,12.31524051098563
0.0004785017931499997,18.08156806053075
0.0005225137512812178,22.440610727934136
0.0005456144865216768,24.720421516272467
0.0005476594853019586,24.92194371737507
0.0005355586809296397,23.71186328014318
0.0005192775580372766,22.08375099090687
0.0005093407662595729,21.0900718131365
0.0005140140586868007,21.552443409474094
0.0005351128122140657,23.637036025488324
0.000567811881119289,26.857548372685873
0.0006036064050200804,30.366951061665777
0.0006385616920974031,33.77595351438281
0.0006672485677671221,36.55886561586441
0.000681836486905165,37.968562588174876
0.0006767773587245426,37.46264977011265
0.0006527707019187366,35.06198408953203
0.0006152562405758198,31.310537955240363
0.0005684215598800896,26.627069885667343
0.0005183120104517332,21.6161149428317
0.0004714827833905888,16.93319223671726
0.0004321964427252503,13.004558170183415
0.0004000039458321624,9.78530848087462
0.0003710368127291674,6.88859517057512
0.0003404992050327334,3.8348344009317197
0.00030424660111748976,0.20958210429283883
0.00026018602782569523,-4.195330810432728
0.00020884058085837563,-9.321840010083967
0.00015526247688870472,-14.65650865117395
0.0001025227744565616,-19.88560497726318
4.984654588162591e-05,-25.079288761779036
-5.446498452108996e-06,-30.49199436699956
-6.476986376199753e-05,-36.24600314592226
-0.00012623687243332226,-42.14005914789374
-0.00018537160590023774,-47.73616641013379
-0.00023818505478212705,-52.6655899889578
-0.00028657724523652823,-57.1206733828917
-0.00033352779574299794,-61.382753503839965
-0.00038021436701175164,-65.5585836461928
-0.00042580400564166216,-69.57337172808599
-0.0004679302836245673,-73.22555011926516
-0.0005046682332994529,-76.36384493434241
-0.0005361543669192872,-79.01791223800672
-0.0005633723483565971,-81.28516341248273
-0.000584569162928259,-83.03320489314498
-0.0005994268264540092,-84.24915348469702
-0.0006093614986200447,-85.05788502766599
-0.0006168372627439291,-85.66415393623387
-0.0006243240388744004,-86.26933243510003
-0.0006304301712287544,-86.76143489904472
-0.0006279666762395297,-86.51508540012225
-0.000609805350834844,-84.69895285965367
-0.0005736765394554659,-81.08607172171588
-0.0005244991724863231,-76.16833502480159
-0.00047710983496508175,-71.42940127267747
-0.0004419505386579412,-67.9134716419634
-0.00041925766672360664,-65.64418444852994
-0.00040102154514533176,-63.82057229070246
-0.00037754509893406425,-61.47292766957572
-0.0003434132650867109,-58.05974428484038
-0.0002996646023233086,-53.68487800850015
-0.0002504112070301555,-48.75953847918483
-0.00019250418618628937,-42.96883639479822
-0.00012417893557868504,-36.13631133403779
-4.7912190432273735e-05,-28.509636819396654
3.064813255052407e-05,-20.653604521116872
0.00010464718466362798,-13.253699309806485
0.00016949124485344884,-6.769293290824399
0.00022459853650050676,-1.2585641261186058
0.0002712978459284374,3.411215200781966
0.00030626852849000816,6.906446565970751
0.00033179201061405827,9.455150510776468
0.0003603064108745157,12.299061563256753
0.0004038095880015872,16.628296491298386
0.00046619551225651366,22.80904762445762
0.0005421029477107044,30.27000178284563
0.0006209027291863724,37.92538793282143
0.000691356568583493,44.67464679215302
0.0007453205812008563,49.77367016042146
0.0007820991708427442,53.21017213156875
0.0008077735444957263,55.58934968783175
0.0008304734392145283,57.67877793670681
0.0008554427405902394,59.96128510397418
0.0008841873572425598,62.567725047574626
0.000916131096383395,65.43675126677222
0.0009494015276099542,68.39309988225186
0.0009819863819827688,71.25601013411504
0.0010112126571667575,73.79565974436274
0.0010312392984575265,75.52015784467241
0.0010369881223552388,76.01279152229219
0.0010256815507576475,74.88213436253305
0.0009985309645121941,72.16707573798772
0.0009627063425105724,68.58461353782555
0.0009249779438472867,64.81177367149698
0.0008893028133987015,61.24426062663845
0.0008556425156695986,57.87823085372816
0.0008219668057179797,54.51065985856627
0.0007849485454772399,50.8088338344923
0.0007411183821574136,46.425817502509666
0.0006884654472720052,41.16052401396883
0.0006266920141998956,34.98318070675787
0.0005565102285033493,27.96500213710324
0.00047622553736985547,19.936533023753856
0.00038741230547994116,11.055209834762426
0.0002957031683738998,1.8842961241582905
0.00020888491854082833,-6.7937503272644255
0.0001349049516377659,-14.16664385833813
7.523164951539522e-05,-20.08433206532044
2.409456762524001e-05,-25.126007541056698
-2.8205937564351746e-05,-30.247159381635115
-8.932727566271293e-05,-36.17802797213652
-0.0001614883775647823,-43.09191706059566
-0.00024048207361263132,-50.53307630509551
-0.0003192587574733991,-57.802518778152034
-0.00039213863368237853,-64.37807883666883
-0.00045663197875083265,-70.066681165152
-0.0005135271577009549,-74.97712036458802
-0.0005647722336393912,-79.30922882727907
-0.0006118463639692181,-83.2103025608384
-0.0006541259176451231,-86.6482642428743
-0.000688915760913771,-89.42954005168703
-0.0007151837354721103,-91.50059505074347
-0.0007372265374376537,-93.21910281921922
-0.0007579911354963433,-94.82161939680357
-0.000770922758944799,-95.81156603469218
-0.0007692076998671335,-95.61148388782651
-0.0007511027603257769,-93.80098993369086
-0.0007186138848323776,-90.55210238435093
-0.0006740372914246841,-86.09444304358158
-0.0006205356981906948,-80.74428372018264
-0.0005660808697839006,-75.29880087950322
-0.0005140266622333064,-70.0933801244438
-0.0004614415704714255,-64.83487094825571
-0.0004019832703904382,-58.88904094015698
-0.00033120256292322724,-51.810970193435885
-0.0002478060277125152,-43.47131667236469
-0.00015324309867540342,-34.015023768653506
-5.1279179006066014e-05,-23.818631801719768
5.3918469088311646e-05,-13.298866992282006
0.0001587211687149828,-2.8185970296148866
0.00026179889746423107,7.486543509031666
0.000361019918302759,17.371033186365647
0.00045259769097898866,26.421065078106277
0.0005332060238971247,34.298549618193036
0.0006021225372913446,40.94851401886006
0.0006623469452143218,46.68369421612666
0.0007199264323617902,52.09192103101742
0.0007805537784582662,57.69883123444731
0.0008475311068702943,63.779049620060434
0.0009191239954175273,70.13518614895149
0.0009899736675218428,76.26942958281322
0.001051938571821699,81.50003639145541
0.00109449306745255,85.01660589544805
0.0011125707157493565,86.49141844380866
0.001108397846007425,86.06872769001417
0.0010896626868015795,84.19521176942962
0.001064339381298136,81.66288121908526
0.0010378004345260143,79.0089865418731
0.0010113357299434745,76.36251608361911
0.0009828175848678447,73.51070157605614
0.0009497197204240078,70.20091513167245
0.0009108857334915917,66.31751643843083
0.000869448417886912,62.173784877962866
0.0008261840643068269,57.847349519954356
0.0007770280163995049,52.93174472922216
0.0007146995632875054,46.6988994180222
0.0006321270300405327,38.44164609332494
0.0005288116843759415,28.11011152686582
0.0004143331355737042,16.662256646642096
0.00029875471558161467,5.104414647433146
0.0001802548322958739,-6.742226193867634
5.683883839206157e-05,-19.021195193134314
-6.470631482724892e-05,-30.96622594788809
-0.00017793518658550626,-41.88681250556544
-0.0002820680764878053,-51.69773469603282
-0.00038068079708784993,-60.74173440568876
-0.00047843280714444437,-69.43642438692274
-0.0005790949911463685,-78.0792710510851
-0.0006849382565249394,-86.79990306190733
-0.0007952741681398134,-95.46631241794607
-0.0009071222988952161,-103.79124204936303
-0.001016845545261043,-111.49709196918357
-0.0011215905785768225,-118.42381944504969
-0.0012190951210467882,-124.4961325104087
-0.0013071160926961952,-129.67074777561626
-0.0013833013696306251,-133.91859460348522
-0.0014445729095350767,-137.18257611875816
-0.0014894452792516544,-139.4884950493376
-0.0015191439724756921,-140.97602222934728
-0.0015372711653073112,-141.86901662443856
-0.0015484070246021945,-142.41202463896818
-0.0015569906287626431,-142.8276987873437
-0.0015657831543246117,-143.25090059012703
-0.0015749027688187595,-143.68708729743804
-0.0015814958304466908,-144.00068691569777
-0.0015794923065184248,-143.80033452287117
-0.0015603953150853725,-141.89063537956594
-0.0015193009935749319,-137.7812032285219
-0.0014570504306367126,-131.55614693469994
-0.0013787829728604925,-123.72940115707794
-0.001290096524590741,-114.86075633010279
-0.0011944504194109742,-105.29614581212611
-0.0010923779905586102,-95.08890292688973
-0.0009817144247760037,-84.02254634862908
-0.0008596269767714341,-71.8138015481721
-0.0007256181754163457,-58.41292141266326
-0.0005854195135761025,-44.39305522863895
-0.00044355874074886463,-30.206977945915163
-0.0003001927700607236,-15.870380877101057
-0.0001520099483097825,-1.0520987020069497
4.0824923504495465e-06,14.52857925407803
0.00016845784241937292,30.73349255693784
0.00033800631217380223,47.00988751362868
0.0005073089570927493,62.61320233485452
0.0006717455424462053,76.9833713749735
0.0008287488002736619,89.8699708612538
0.0009780696464976237,101.30272658748065
0.001121231302801812,111.4760091521756
0.0012612403137526322,120.6678929634793
0.001398502790409633,128.9574257517703
0.0015296884068861454,136.22769162480895
0.0016496775878151028,142.33920666277885
0.0017541003010273879,147.25718704725517
0.001840742531042056,151.06723057036766
0.0019099096074855226,153.9400201958215
0.0019640427743910093,156.08765513415275
0.0020064643982541782,157.71072144681492
0.0020394536225595036,158.9374034194598
0.0020630213467112265,159.7951062361727
0.0020752926933248375,160.23563178900568
0.002073846915039857,160.09105396050762
0.0020569530941553687,158.40167187205878
0.0020249955083134364,155.20591328786557
0.001980412449681554,150.74760742467734
0.0019259854586079783,145.30490831731976
0.0018628803422211476,138.9943966786367
0.0017888011602849752,131.58647848501943
0.0017015895199223603,122.86531444875794
0.001601513848481882,112.85774730471009
0.0014912944731500994,101.83580977153186
0.0013745975965772145,90.16612211424335
0.0012549359247871331,78.19995493523524
0.0011362831451078024,66.33467696730216
0.0010187632556578894,54.58268802231086
0.0008988424747655533,42.59060993307725
0.0007718403470678854,29.89039716331046
0.0006353684287868479,16.243205335206717
0.0004898515813194323,1.691520588465152
0.000336021909022959,-13.661941466471578
0.00017725006391948009,-29.317228763030634
1.814232432734407e-05,-44.62023206837006
-0.00013668329476882853,-58.97599354021509
-0.00028404124204342297,-72.02350970114001
-0.00042237302467936654,-83.64044605619921
-0.0005509059919044636,-93.83497011720199
-0.0006690124624654244,-102.6657809409458
-0.0007735791923462637,-110.04341757209644
-0.0008638527602755253,-116.07637442000762
-0.0009429004113380855,-121.10359219797955
-0.0010159251276810066,-125.53748027733435
-0.0010879478171407907,-129.7152161800588
-0.0011623637725297607,-133.83147268015642
-0.001242724643413455,-138.05289296533329
-0.0013272557964654384,-142.24950686608972
-0.0014084508209385482,-146.05258553821682
-0.0014764155024859053,-149.07009598504095
-0.0015223967268441572,-151.02850257927153
-0.0015402580401900057,-151.7715621042477
-0.00152497140804907,-150.24289889015412
-0.0014798113402943612,-145.72689211468324
-0.001416954833998322,-139.4412414850793
-0.0013512529288685238,-132.8710509720995
-0.0012930870694110867,-127.05446502635577
-0.0012447881998802251,-122.22457807326961
-0.0012024137990596486,-117.98713799121195
-0.0011573919640851945,-113.48495449376654
-0.0011008536415580718,-107.83112224105426
-0.001026620931933418,-100.4078512785889
-0.0009326524654381036,-91.01100462905745
-0.0008203947759536047,-79.78523568060756
-0.0006932393659010226,-67.06969467534934
-0.0005556585325446736,-53.311611339714446
-0.00041259295026012995,-39.00505311126008
-0.0002691611337980946,-24.661871465056546
-0.0001300172856053977,-10.747486645786857
1.8144974431550743e-06,2.4353400359627098
0.000125961327420377,14.82199649110198
0.0002448170216082282,26.57326910006533
0.0003626506021389143,38.038275554556584
0.00048355881098531605,49.53278478445473
0.0006098487606779691,61.16969408560426
0.0007406446026158581,72.749285304074
0.0008723237590099801,83.8566029850533
0.00100018696719716,94.06570517548471
0.001120149545616596,103.09868273959972
0.0012302673210100787,110.9116649620571
0.0013306147049296833,117.62784292181115
0.0014226797329456803,123.45164497758813
0.001508126279002186,128.5702394719721
0.0015875704139981645,133.08574644720306
0.0016602448943858956,137.01505757287322
0.0017242679557186134,140.3206816298742
0.001777699014533925,142.97010808636443
0.0018191968376589105,144.9606147925275
0.0018485103735242868,146.33188941049855
0.0018660953840840574,147.140864244777
0.0018710629893921935,147.36755334749034
0.0018636466574126034,146.6259201495313
0.0018456915735133692,144.8304117596079
0.0018196656746947923,142.2278218777502
0.0017869062538512423,138.9518797933952
0.0017469118141652073,134.9524358247917
0.001698034678511223,130.06472225939328
0.0016378372063316615,124.04497504143711
0.0015646042926761798,116.72168367588894
0.0014784552644976237,108.10678085803333
0.0013832630848139502,98.58756288966597
0.0012821699455590932,88.47824896418028
0.0011753521301144884,77.79646741971979
0.0010615502878119339,66.41628318946434
0.0009401059690103243,54.27185130930339
0.0008111152148446984,41.37277589274079
0.0006727207396951504,27.533328377786
0.000526036727253747,12.864927133645661
0.0003756185044110729,-2.176153719159402
0.00022645547827078276,-17.040703699183126
8.068677189935932e-05,-31.370461082258014
-6.128698969866259e-05,-44.999515637614365
-0.0001962867840149793,-57.546380532190184
-0.00032338930062576836,-68.9084085859598
-0.0004442145654749795,-79.24522431110928
-0.0005616827619894753,-88.82002893686132
-0.0006773568082637754,-97.76286645347388
-0.0007914606659682414,-106.09426202940402
-0.000903081123798879,-113.76451015581878
-0.0010101915419132594,-120.6770271305998
-0.0011107036063003402,-126.76811300054455
-0.001201574150320557,-131.95080498346186
-0.0012791915664106342,-136.13925673749057
-0.0013407269015745188,-139.30746412529209
-0.0013872572829600836,-141.61558550816505
-0.0014203283976064567,-143.21107396338812
-0.0014402795127469205,-144.1557685483077
-0.001447269007914896,-144.48357795021676
-0.001441872786296177,-143.94395578834485
-0.0014251062407351636,-142.2673012322435
-0.0013988002694599758,-139.63670410472474
-0.0013643758763701966,-136.19426479574682
-0.0013224274120920458,-131.99941836793172
-0.0012719791415815229,-126.95459131687944
-0.001210920318142258,-120.84870897295296
-0.0011379190433001716,-113.54858148874432
-0.0010535601213187602,-105.11268929060316
-0.0009596146168631073,-95.71813884503787
-0.000855074261174198,-85.26410327614695
-0.0007410348776512538,-73.86016492385254
-0.0006217856868378994,-61.93524584251709
-0.0005021732895103993,-49.97400610976708
-0.0003851027882377554,-38.26695598250269
-0.0002714799821592042,-26.904675374647567
-0.00016243454913552387,-16.00013207227953
-5.711237095496784e-05,-5.4679142542239285
4.74873079541349e-05,4.990942680999894
0.0001543847435530506,15.64901191878266
0.000264798744981585,26.562041260585378
0.0003792932301033946,37.70675297917941
0.000500309538514423,49.22184554372015
0.0006269728785934269,60.90557309342622
0.0007508406936775336,71.89834728990449
0.0008637526510714551,81.49786085886063
0.0009618133767768198,89.48187461397465
0.0010457017305652253,96.03817716504722
0.0011182730124599573,101.49996297433235
0.0011832484673962535,106.2217369952176
0.0012439773243550821,110.48964691301954
0.0013020984246176603,114.4422190220889
0.0013577583749238152,118.10625659218994
0.001409882684030096,121.43034097426725
0.0014579957560605942,124.40706465683165
0.001499588069238523,126.91000320106227
0.0015293772356527488,128.66284769357287
0.0015409673095030118,129.33590102293252
0.0015288188079040416,128.1210508630355
0.0014916637485353657,124.40554492616789
0.0014339445224026417,118.63362231289548
0.0013634290550963227,111.58207558226358
0.0012879086438035367,104.03003445298498
0.0012128840326488786,96.52757333751916
0.0011423498804550001,89.47415811813131
0.0010751654759897772,82.75571767160902
0.0010056163828345125,75.80080835608256
0.0009275460690969012,67.99377698232142
0.000837885805511506,59.027750623781905
0.000737021441472323,48.94131421986359
0.0006249775691602715,37.736926988658446
0.0005053093546422762,25.77010553685891
0.00038479241185519216,13.71841125815051
0.0002702423987484099,2.2634099474722853
0.0001655125581416858,-8.203505220710625
7.089484321534613e-05,-17.618343621945353
-1.5993637884219747e-05,-26.191940541403056
-9.883539295108031e-05,-34.27202192034045
-0.00018091391074120505,-42.160888484991865
-0.00026431923978937537,-50.03364068574727
-0.0003495842995933038,-57.908439047873166
-0.0004363261923278508,-65.71689700998985
-0.000523585489713533,-73.34489811235923
-0.0006087466817305738,-80.55271969824533
-0.0006847611187840476,-86.77732106564119
-0.0007463023299765441,-91.66646573018961
-0.0007921958362874356,-95.22267735829952
-0.0008250637394885715,-97.72166570122975
-0.0008494136044723852,-99.54699772742025
-0.000869105204650332,-101.00684089828465
-0.0008856284479347741,-102.22050945594334
-0.0008985615774936866,-103.16326917750973
-0.0009094349337135395,-103.95097432537692
-0.0009167990568700387,-104.48190798561795
-0.0009157242610523459,-104.3488414275888
-0.0009001245182888245,-102.78886715123666
-0.0008660507561031073,-99.38149093266493
-0.0008131289842331731,-94.08931374567152
-0.0007445893451959859,-87.23534984195278
-0.0006663049837505015,-79.40691369740435
-0.0005844297154752139,-71.21938686987559
-0.0005033995715555284,-63.11637247790704
-0.00042470974853832887,-55.247390176187096
-0.00034767155970415165,-47.54357129276937
-0.000270922221217864,-39.86863744414061
-0.0001929014036637662,-32.06655568873083
-0.00011153528111460056,-23.92994343381427
-2.631719003228026e-05,-15.40813432558224
6.135292962243569e-05,-6.6411223601106455
0.00014867386829457374,2.0908648033296227
0.00023259084862404592,10.47389019312515
0.00031049066822873153,18.224192171283782
0.0003805935557466526,25.15271781541008
0.0004420709922064719,31.179123137389908
0.0004946521367381073,36.28800695600867
0.0005390635817536213,40.56531113593704
0.0005771660343971255,44.20431989892428
0.0006111048899277977,47.41983710739481
0.0006426330227852473,50.38369364578062
0.000672844233238849,53.201572695443055
0.0007026945688505304,55.963445566651956
0.0007317859609467473,58.632803661146475
0.0007585414418031798,61.06765380774923
0.0007807616870912607,63.07461615026002
0.0007965743321204601,64.49424552382538
0.0008050648082393872,65.25350695782139
0.0008065204943216464,65.38346955714798
0.0008015210598643555,64.88352611141889
0.0007890777548492927,63.63919560991261
0.0007690541816388963,61.63683828887297
0.0007429265338433827,59.02407350932162
0.0007130144101332006,56.0328611383034
0.0006813194569808101,52.86336582306434
0.0006484877746985204,49.58019759483538
0.0006135365113464416,46.0850712596275
0.0005754170723857821,42.27312736356156
0.0005358261939958606,38.3140395245694
0.000496075261925308,34.33894631751414
0.0004560338006887962,30.334800193862964
0.00041470415766732956,26.2018358917163
0.00037153848612521965,21.88526873750531
0.00032710847757600386,17.44226788258373
0.0002829699380987456,13.028413934857907
0.00024170390799641014,8.901810924624362
0.00020599155561990787,5.330575686974133
0.00017685945040610986,2.417365165594333
0.0001510879384709614,-0.1597816538326695
0.00012614177350397243,-2.654140571388918
0.00010246657069090463,-5.020511637975496
8.263256218473883e-05,-7.001770420164316
6.931592530400873e-05,-8.331180330388989
6.3525425250237e-05,-8.90900953555232
6.407381807080073e-05,-8.854170253495946
6.806967150643888e-05,-8.454584909932132
7.252522736869203e-05,-8.009029323706816
7.56675685269985e-05,-7.69479520787617
7.742379631950913e-05,-7.519172428625105
7.87902543167027e-05,-7.382526628905748
8.049766116100597e-05,-7.211785944475422
8.269752429036837e-05,-6.991799631539181
8.476167694711642e-05,-6.785384365864377
8.618187237628694e-05,-6.6433648229473246
8.696550501614374e-05,-6.5650015589616455
8.784884218033672e-05,-6.476667842542347
8.98854010353409e-05,-6.273011957041928
9.312862544816729e-05,-5.948689515759289
9.618266935950343e-05,-5.643285124625676
9.737887194012389e-05,-5.52366486656363
9.819750420454087e-05,-5.441801640121933
9.957820127284916e-05,-5.303731933291103
0.00010112778455456019,-5.14877360512
0.00010194965021755637,-5.066587038820382
0.00010218825255949038,-5.042726804626981
0.00010292020300134959,-4.96953176044106
0.0001057461344078689,-4.686938619789129
0.00011189452094752096,-4.072099965823923
0.00012124518477480793,-3.1370335830952256
0.00013329437133640108,-1.9321149269359104
0.0001478476520364365,-0.4767868569323681
0.00016438863366915853,1.1773078099959617
0.00017943816627389293,2.6821722958197656
0.00019149953821067067,3.8880624170011058
0.0002021619807668908,4.953880188558462
0.00021428746260411015,6.165624387242302
0.0002291175986345404,7.6470657592085125
0.0002461379107274278,9.34629225657034
0.00026355154131349153,11.083430082087672
0.00027967229538682173,12.690141757337326
0.00029421849367544716,14.138543627215029
0.00030765746893751076,15.475396103046872
0.0003202081249804787,16.722644541841024
0.00033229534726297394,17.922614257061706
0.00034744498768316223,19.424776970813678
0.0003662615262509517,21.28745319735482
0.0003856812831855433,23.20594425736896
0.00040119920339269123,24.735888138432802
0.00041051179091705956,25.652638831117535
0.00041410574154337435,26.00614422279779
0.00041423099957732545,26.018461789236593
0.0004139025972895563,25.985621560459677
0.00041522558770647644,26.11571456599448
0.00041780161699841783,26.36895744508622
0.0004162078204383879,26.209577789083227
0.000407763575172906,25.36515326253504
0.00039527862323831,24.116658069075438
0.00038505556955555287,23.094352700799725
0.0003823043941577519,22.819235161019623
0.00038822714912287425,23.403774036141918
0.0003995414696654031,24.519294080324755
0.00041003925052933573,25.55292784099068
0.0004141146686887697,25.953831781391525
0.00040918414592207997,25.46077950472255
0.00039612936268774334,24.155301181288888
0.0003780484592052757,22.347210833042126
0.0003574460112355424,20.286966036068797
0.0003350148160040113,18.04384651291568
0.0003097341067094011,15.51577558345467
0.0002795131970127967,12.493684613794228
0.00024264232744508103,8.80659765702266
0.00020048535757874336,4.590900670388894
0.00016130372886594084,0.6727377991086433
0.0001302279779023183,-2.4346277080946503
0.00010569406471381462,-4.886916178015782
8.053186153174867e-05,-7.400289868326119
4.73569188500809e-05,-10.710019883277015
2.532443885605934e-06,-15.171698419569543
-5.236399257243448e-05,-20.61375981241142
-0.00011019572412339877,-26.312028255548555
-0.00016213378174647795,-31.39166770060929
-0.0002021254819347945,-35.27420941904338
-0.00023283644075370474,-38.236774823738315
-0.0002578208981264221,-40.63379755939059
-0.0002769610129068926,-42.461690972758106
-0.0002871695105063114,-43.433508223117684
-0.0002847929547008678,-43.19318554403207
-0.00026834435026240703,-41.54832510018599
-0.00023920493480429714,-38.634383554375
-0.00020294329084976566,-35.008219158921854
-0.00016711844793309476,-31.42573486725476
-0.0001371887096257281,-28.432761036518098
-0.00011390700808435543,-26.10459088238083
-9.390794431540295e-05,-24.104684505485586
-7.378726403045165e-05,-22.092616476990457
-5.029612320402239e-05,-19.74350239434753
-2.1677133191354653e-05,-16.881603393080756
1.2897447793559501e-05,-13.42414529458934
5.649890590418474e-05,-9.063999483526814
0.0001091900799470019,-3.7948820792450992
0.00016710016855582224,1.9960683441263263
0.0002242984818034706,7.7126794624441155
0.00027609879070232264,12.879624390144414
0.00032002474875822304,17.248140779983018
0.0003559346999316658,20.807461309123283
0.0003860404295569563,23.78137597190698
0.0004137989664270327,26.514046721164377
0.00044235335337826473,29.31456531114516
0.00047139449152298673,32.150783438708274
0.000501779842686299,35.10406136283997
0.0005366224014240243,38.47104473308977
0.0005792693165571675,42.561215401797355
0.0006304492133235588,47.420371897450615
0.0006871545814052934,52.73497209669078
0.0007435501077313381,57.94172671885769
0.0007929202717939675,62.43027062108162
0.000830589526514373,65.80869513077891
0.0008549548256601749,67.97170155583161
0.0008673494981507678,69.06515684779636
0.0008705966750934564,69.35084649826658
0.0008673791293239548,69.02909192131641
0.0008588564968356181,68.17682867248274
0.000844262529809323,66.71743196985322
0.0008225979391657869,64.55097290549962
0.0007937536824556721,61.666547234488135
0.0007589479462285487,58.185973611775786
0.0007203084097981589,54.32201996873681
0.0006788372244936608,50.17490143828701
0.0006335132691621226,45.64250590513319
0.0005820783584858055,40.49901483750147
0.0005243074874691577,34.7219277358367
0.0004600776444853387,28.298943437454803
0.0003892816019854106,21.219339187461987
0.0003122092589324957,13.512104882170497
0.000228829334837743,5.174112472695229
0.00014110808335126345,-3.5973720540637704
5.302275316358111e-05,-12.388068663773685
-3.1189381596582135e-05,-20.74512106441917
-0.00010885540084736505,-28.385862386742925
-0.00017930164627582762,-35.24172390309818
-0.0002427492075032935,-41.34208450952883
-0.00030062477762872605,-46.835525393264895
-0.0003549031354312624,-51.91854227057869
-0.00040748120054717084,-56.772751958700916
-0.00045970735221288934,-61.52148633589119
-0.0005129637214530417,-66.28406953378818
-0.000570008411644485,-71.2908231617034
-0.0006316764738539131,-76.58749831161484
-0.0006958392739958349,-81.96464304894015
-0.0007577591239200538,-87.01925316039016
-0.0008121024460893324,-91.34305995086193
-0.0008544202802684579,-94.63571506409372
-0.0008825321856108443,-96.78653053713104
-0.000897125186091979,-97.89143960729321
-0.0009013247388683709,-98.20793525491705
-0.0008990077650834838,-97.97623787642831
-0.000892190343619993,-97.29449573007922
-0.0008826432276443587,-96.3397841325158
-0.0008720971699393193,-95.28517836201186
-0.0008617079335315295,-94.24625472123287
-0.0008511042757631659,-93.18588894439652
-0.0008387965238458347,-91.9551137526634
-0.0008231874087230619,-90.39420224038612
-0.0008024202247051302,-88.31748383859295
-0.0007752002387372868,-85.5954852418086
-0.0007412602998295399,-82.20149135103391
-0.0007022620393932148,-78.3016653074014
-0.0006603809475108611,-74.11355611916603
-0.000617417972202522,-69.81725858833212
-0.0005742528709408918,-65.5007484621691
-0.0005300792838851546,-61.08338975659539
-0.00048464489508308133,-56.539950876388055
-0.00043879789548301954,-51.95525091638188
-0.00039243046021408855,-47.31850738948878
-0.00033884305010703107,-41.95976637878303
-0.00027389041458732573,-35.4645028268125
-0.0001989572094910994,-27.971182317189868
-0.00012066251214440968,-20.1417125825209
-5.176091572488377e-05,-13.25155294056831
2.3879510171818067e-06,-7.8366662663617515
4.725540850883293e-05,-3.34992051719664
9.48429314335571e-05,1.4088046098914009
0.00015496306599575255,7.417699069469679
0.00023083893519832742,14.981161096575084
0.0003185043186791213,23.664951679175637
0.0004103592963406676,32.666322021236915
0.000501256293374011,41.44066211751216
0.0005888225853244247,49.737329456413214
0.0006727819100381879,57.52287515885997
0.0007527579855346496,64.76472738492663
0.0008269170684680424,71.31304060257361
0.0008918926603534071,76.9090037078422
0.0009430499347963412,81.21716913044946
0.000979762566050382,84.25401014403744
0.0010062922683460767,86.41934869607677
0.0010301502971260552,88.34540622069142
0.0010576623498906178,90.54120242862922
0.0010907816459644066,93.1482223412086
0.0011263205615957906,95.90106528265785
0.001156054529144013,98.16837155525786
0.0011703051377718236,99.24334741831784
0.0011630882468072522,98.52165832186068
0.0011381874816237636,96.03158180351183
0.0011029237526858728,92.50520890972275
0.0010630065449200076,88.51348813313624
0.0010205726798841225,84.27010162954772
0.000975032160828957,79.71604972403117
0.0009247380893819034,74.68664257932582
0.0008690509656456002,69.1179302056955
0.0008100849998973575,63.22133363087123
0.0007520209362474127,57.41492726587674
0.0006977101965922896,51.98385330036444
0.0006439076909391118,46.60360273504666
0.0005863614074458657,40.848974385722045
0.0005229347579558855,34.50630943672403
0.0004542960673417927,27.64244037531475
0.00038271365381836834,20.484199022972312
0.00031126181856277834,13.339015497413314
0.00024261290982598735,6.474124623734213
0.00017781790063456246,-0.005367799670137972
0.00011653236259862077,-6.131386464374242
5.80496113202115e-05,-11.96549846283319
3.558355469505948e-06,-17.382082379367805
-4.602092204521368e-05,-22.287233088277038
-9.117771792554427e-05,-26.73044182400841
-0.0001331866487811647,-30.839049560109622
-0.00017340943701950283,-34.747241879049554
-0.00021256202428294023,-38.52443897818762
-0.00025044923014589293,-42.1516934763724
-0.00028640000565179324,-45.566097317522065
-0.00032019565851216006,-48.7497078605589
-0.00035147013410920784,-51.67192564552641
-0.0003794016040108972,-54.261391250396684
-0.0004030569914453636,-56.438768066568464
-0.00042169312152116846,-58.14370139795261
-0.00043484406756818584,-59.34114917823515
-0.000442587185044743,-60.043961123781386
-0.0004450987259342394,-60.271565242909794
-0.00044266892803563956,-60.0285854530498
-0.0004353879809461995,-59.3004907441058
-0.0004229198810685538,-58.05368075634122
-0.00040528548337971063,-56.29024098745691
-0.00038287487253379745,-54.04917990286559
-0.00035712837559345593,-51.474530208831446
-0.00033083127921032345,-48.84482057051819
-0.0003060576582944013,-46.36745847892598
-0.0002833322498452572,-44.094917634011566
-0.00026194075863626926,-41.95576851311277
-0.00024139578892206506,-39.90127154169235
-0.00022135385978250732,-37.89707862773658
-0.00020202456419110033,-35.96414906859589
-0.00018341600470714285,-34.103293120200135
-0.00016447241504013944,-32.20893415349979
-0.00014455741368412398,-30.217434017898242
-0.00012377770469570827,-28.139463119056675
-0.00010217411531954196,-25.979104181440043
-7.524537075289587e-05,-23.286229724775435
-4.199198606876765e-05,-19.96089125636261
-7.022388833912742e-06,-16.46393153287712
2.3597087048215134e-05,-13.401983944664332
4.696734067077971e-05,-11.064958582407874
6.346131908982376e-05,-9.41556074050347
7.186521779809765e-05,-8.57517086967608
7.510255087173756e-05,-8.251437562312091
7.979622283697003e-05,-7.782070365788845
9.264384134766398e-05,-6.497308514719449
0.00011664401304368032,-4.097291345117816
0.00015104153729334185,-0.6575389201516625
0.00019352584445114996,3.59064871195977
0.0002403203043151887,8.266344866343642
0.00028747855871744446,12.969608341745593
0.00033154146291795644,17.35153171343255
0.000370116825059466,21.174281460012253
0.00040145910737143917,24.268950832367857
0.0004238021346228303,26.467977045636108
0.00043757172434199913,27.819995000206315
0.00044575468595892576,28.62225020630112
0.00045326737293663745,29.357964466394364
0.00046452180348901287,30.45857973449898
0.00048170969426382105,32.13578290525633
0.0005035899787700075,34.26412813815827
0.0005257745855603667,36.41391062743455
0.0005427961238064845,38.057492457871135
0.0005496285515862045,38.71573398178068
0.0005435170959882843,38.10458842198866
0.0005251113681215987,36.264015635320106
0.0004993440163895779,33.687280462118025
0.00047105079300369275,30.857958123529503
0.00044252733223703656,28.005612046863888
0.00041319125184711427,25.07200400787166
0.0003803219707300393,21.785075896164162
0.0003423384195061505,17.98672077377528
0.00030006986124724304,13.759864947884534
0.0002562555981592857,9.378438639088804
0.00021346048037883462,5.098926861043695
0.00017269711516984076,1.0225903401443088
0.00013319319540655306,-2.927461995245126
9.27420203372781e-05,-6.969374509254893
4.940697226912802e-05,-11.292453191649066
2.9254240570485226e-06,-15.916811622522072
-4.338304816479805e-05,-20.5061052225188
-8.667797089801526e-05,-24.77631498195955
-0.00012675761202473004,-28.70831990533288
-0.00016514809444526866,-32.452728497724415
-0.0002032527957002615,-36.14549122572655
-0.00024138740175552107,-39.8149610661901
-0.0002800437735277276,-43.505436368500554
-0.0003170169587196298,-47.00549665825326
-0.0003482889410686486,-49.94163553463969
-0.00037007668835754344,-51.97350210671041
-0.0003811085012232083,-52.997833121797285
-0.000382997972118914,-53.17296876374625
-0.0003790562697700667,-52.77879852886151
-0.0003727480869759718,-52.14798024945201
-0.00036585889778590415,-51.459061330445245
-0.0003583223988013704,-50.70541143199188
-0.00034878520214541467,-49.751691766396306
-0.0003360690078453267,-48.48007233638751
-0.0003205441465225855,-46.92758620411339
-0.00030290570739187827,-45.16374229104267
-0.00028319728025828745,-43.19289957768358
-0.00026044817325037003,-40.91798887689184
-0.00023318872883223816,-38.19204443507866
-0.0002004906615205679,-34.92223770391163
-0.00016295137454680003,-31.168309006534844
-0.00012305229432573497,-27.178400984428336
-8.426524881655287e-05,-23.29969643351013
-5.0254999232260246e-05,-19.898671475080867
-2.3698345646028874e-05,-17.24300611645773
-4.643943280097152e-06,-15.33756587986456
1.0672521245301359e-05,-13.805919427324707
2.625417817631957e-05,-12.247753734222886
4.387741265635128e-05,-10.485430286219716
6.337274235078779e-05,-8.535897316776065
8.389554075375732e-05,-6.483617476479111
0.00010466160937138287,-4.407010614716556
0.00012558392648205578,-2.3147789036492648
0.00014692273858504532,-0.1808976933503103
0.00016877852619313812,2.004651323234163
0.000190689729695028,4.195359978478192
0.0002120861357076251,6.33372055689474
0.00023154670079613516,8.277436407622266
0.0002460462579121123,9.724689041271999
0.0002542811861033641,10.54621535369098
0.00025741521513981594,10.858780002614054
0.00025856337799007014,10.973276274703927
0.0002606421451357752,11.180555621296271
0.00026530065914914927,11.64498212124198
0.00027267627995594733,12.380033933406871
0.0002812507678175483,13.234148996478526
0.0002888198300319199,13.987717208360257
0.0002947477645352281,14.577622894224374
0.00030319893495067045,15.418185373637625
0.00031683468409536054,16.773256973871714
0.00033416743112351695,18.49348993202227
0.0003493318064750905,19.99628002237348
0.00035182683192220833,20.24332445646959
0.00033678509152146037,18.7391504163948
0.0003083957653879745,15.90021780304621
0.00027696665576252335,12.757306840501094
0.0002524231553380566,10.30295679805442
0.00023960533429350387,9.021174693599148
0.00023688197053847366,8.748838318096126
0.00023920749216987326,8.98097182953817
0.00024510921917802184,9.569975354610941
0.0002536292929490414,10.420007437479075
0.00026355619242144675,11.40993008862869
0.00027248947786487836,12.300300965701776
0.00027724201437083555,12.773787827967457
0.00027508838142879935,12.558424533763835
0.0002648601717670107,11.535603567584973
0.0002490433587603227,9.953922266916173
0.00023300864283112065,8.350450673995965
0.00022240038027747483,7.2896244186313846
0.00021690934864247163,6.740521255131064
0.00021534485087593827,6.584071478477728
0.00021727194621242284,6.776591043251231
0.00022221537298804564,7.270390924260961
0.00022867717866727162,7.915733268611463
0.00023377697844913488,8.424940505611413
0.00023393002210169488,8.440220085445969
0.00022774389253831163,7.821607129107643
0.00022073056988130315,7.120274863406796
0.00021750679045507906,6.797896920784387
0.0002189218401509459,6.93925383310587
0.00022192375082520137,7.239108761110547
0.0002227728718830482,7.323920203271337
0.00021900720080836086,6.947353095802604
0.00021048302575376332,6.09493559034285
0.00020008531587926057,5.055164602892574
0.00019163893498884993,4.21052651385151
0.00018732371912477588,3.779004927444106
0.0001832950900381887,3.3761420187853877
0.00017584090985691558,2.6307240006580765
0.00016449046349025648,1.4956793639921657
0.00015155876913908759,0.20251030022732638
0.00014034493394889932,-0.9188509689805594
0.00013245729619616224,-1.7075502963865221
0.0001267589191227269,-2.2773000580443497
0.00011998506474220304,-2.9545211799605156
0.00010859086477312815,-4.093476385901783
9.099679126698478e-05,-5.85154717501557
6.812293243704103e-05,-8.135665670070372
4.293250717191445e-05,-10.648437655212998
1.883339799248518e-05,-13.049007166130007
-2.514715580865189e-06,-15.172240104158774
-2.1346252372977536e-05,-17.042199799453975
-3.819514571848921e-05,-18.71263311430315
-4.736472821167759e-05,-19.62058411162195
-4.663025765535753e-05,-19.547137055989943
-3.9796422344004384e-05,-18.863753524854626
-3.413273340210864e-05,-18.29738463066505
-3.609160404128485e-05,-18.491496271454714
-4.7204225840810135e-05,-19.5919804379184
-6.346925871197716e-05,-21.200437451694555
-7.923653794355511e-05,-22.756918895803146
-9.701906245199598e-05,-24.50884652972039
-0.00011618428109737954,-26.392555706460204
-0.0001296250688971448,-27.710699368250435
-0.00012805906556457764,-27.554099034993726
-0.00010634659002792664,-25.382851481328622
-6.596203014299046e-05,-21.344395492835
-1.529748544383488e-05,-16.277941022919446
3.4537854827749816e-05,-11.294406995760976
7.424779830590823e-05,-7.323412647945134
9.977271512047632e-05,-4.770920966488325
0.00011421433812240777,-3.3267586662951807
0.00012268338766171442,-2.479853712364516
0.00012886237206145322,-1.861955272390636
0.00013704577566827858,-1.0436149117081006
0.00016155616692309423,1.4074174150590193
0.00020938786592821027,6.188992646824778
0.00027572188650626454,12.807945166815168
0.0003453316467829553,19.72384407441566
0.00039364075293145823,24.49677274284831
0.0004070294982274669,25.8148243490241
0.0003892033235216198,24.032206878439393
0.00035696054492608827,20.80792901888624
0.00032769133383225884,17.8810079095033
0.00031288472314867666,16.40034684114508
0.00031548609334650145,16.658771306891417
0.00033198994160239695,18.29696185950978
0.000358404652937309,20.91371196385572
0.0003926692599706537,24.297252291803463
0.00043733722038977115,28.68670492674452
0.0004917016788014239,33.990701347080105
0.0005484579549993521,39.4756589968937
0.000596757244356149,44.09522414689149
0.0006260192183971604,46.87030239737982
0.0006355255307543602,47.76777685470459
0.0006359531483718366,47.80809955155229
0.0006437435427901798,48.54197378273405
0.0006718707234963567,51.17986472009283
0.0007232460281663239,55.94826700874364
0.0007908839866676533,62.12078463814958
0.0008607531542656634,68.36107048779623
0.0009193560314401868,73.4811614803139
0.0009581820819452745,76.81321433417115
0.0009738352599063166,78.14260830478514
0.0009702680956883109,77.78296079217294
0.0009551142459065252,76.26757581399437
0.000936261110508514,74.38226227419325
0.0009180734251438929,72.56349373773114
0.0009016514800870353,70.92129923204536
0.0008867384923562351,69.43000045896534
0.000873274018593318,68.08355308267363
0.0008620084915844894,66.95700038179079
0.0008534193255735766,66.0980837806995
0.0008471326725479907,65.46941847814091
0.0008386343488045233,64.61958610379418
0.0008200202436351882,62.75817558686065
0.0007841806729035873,59.174218513700566
0.0007291081906670365,53.666970290045484
0.0006590982369370312,46.66597491704495
0.0005831988007611378,39.076031299455614
0.0005097566212493227,31.7318133482741
0.00044194768300411316,24.950919523753146
0.00037702394450568854,18.458545673910685
0.00030847726552384275,11.603877775726106
0.00023001728687124765,3.757879910466597
0.00013813413580526215,-5.428697941765844
3.443893569667884e-05,-15.76272869301739
-7.57256020105929e-05,-26.642860365735153
-0.0001868552459175789,-37.45105649472378
-0.00029591843213739645,-47.83508337722226
-0.0004015357835922829,-57.629461315918334
-0.0004978419758486173,-66.29906065413078
-0.0005817761880126532,-73.62864863148752
-0.0006547502650246274,-79.81670818443988
-0.0007200495735994099,-85.20082469120786
-0.0007799459309368395,-90.00749466254202
-0.0008364355098781212,-94.4219052681233
-0.0008960991458643719,-98.95645392281769
-0.0009609791809685156,-103.73593838673206
-0.0010268157756912603,-108.42264610346761
-0.0010844184731216933,-112.38743827675904
-0.0011232124828906146,-114.9860671156574
-0.0011350704243062461,-115.76888398280879
-0.0011165360782497966,-113.91544937716384
-0.0010715500991671906,-109.41685146890325
-0.0010068252240676544,-102.94436395894962
-0.0009330333653040121,-95.56517808258539
-0.0008614689503281551,-88.40873658499969
-0.0007987367763601101,-82.13551918819518
-0.0007445279929215543,-76.71464084433958
-0.0006930052384248784,-71.562365394672
-0.0006390348958503663,-66.1653311372208
-0.0005757080984583166,-59.83265139801583
-0.0004957708617815065,-51.83892773033481
-0.0003945593939789088,-41.717780950075046
-0.0002726621538847361,-29.52805694065777
-0.000135702392127461,-15.832080764930263
7.4482022157927544e-06,-1.517021330604887
0.0001476683565628057,12.488792509371478
0.00027837228765073855,25.435451060876648
0.0003970647273023699,37.0074847965123
0.0005054135177697748,47.350115517633874
0.000607066839712778,56.81291263407782
0.0007057959485311137,65.74244660678049
0.000804261014462088,74.36054841176392
0.0009043751945783946,82.80170342809099
0.0010062603556353334,91.03692770908557
0.0011080972311015042,98.89263095497543
0.001206288311250087,106.10012023907956
0.0012951477420253975,112.30667266648125
0.001369098565972743,117.24162638000259
0.0014237585522676036,120.7549441251002
0.0014572183901106698,122.84951326356219
0.001471192399088988,123.71172098472844
0.001468518406625432,123.44432173837284
0.0014523076968294775,121.82325075877739
0.0014274575488919673,119.33823596502637
0.0014062828822710555,117.22076930293521
0.0013954357316019082,116.13605423602048
0.0013917877725747607,115.77125833330574
0.0013837655507715396,114.96903615298363
0.0013509382671266727,111.68630778849695
0.0012839658333001693,104.9890644058466
0.001190806155958214,95.67309667165108
0.0010906518429650782,85.65766537233749
0.0010008993538058947,76.68241645641915
0.0009306092830550973,69.65340938133939
0.0008810407111503094,64.69655219086061
0.0008448044178842262,61.0729228642523
0.0008126832232127824,57.860803397107915
0.0007771359872640778,54.30607980223744
0.0007352525697833415,50.11773805416382
0.0006865613796228242,45.24861903811209
0.000629643238100569,39.55680488588658
0.0005635799188309432,32.950472958923996
0.0004891172950871323,25.504210584542907
0.00040996994608192725,17.589475684022396
0.0003294975022505812,9.54223130088779
0.00025532289885862435,2.1247709616921084
0.0001973469151580988,-3.672130165747503
0.00016114848221275105,-7.288320289525044
0.00014379711708102243,-9.019959039950736
0.00013340072869016497,-10.056804216433259
0.00011423719356533841,-11.966414430152607
7.444920235795204e-05,-15.923254015817191
1.1048055012499425e-05,-22.199554964692854
-6.890388729372603e-05,-30.046765469012737
-0.0001531471619119511,-38.20904429774178
-0.00023034728696627363,-45.57093733910266
-0.00029448362502266986,-51.58701318207185
-0.0003469546993729597,-56.433671352795784
-0.00039355900777630464,-60.6771444894783
-0.00043815834864871647,-64.68080238527793
-0.0004724292709052606,-67.71746545905475
-0.0004899566947149567,-69.25672304866593
-0.0004925350065289187,-69.48073993152596
-0.0004895557435690877,-69.18281363554286
-0.0004928595374523149,-69.47197670562672
-0.0005102343032535531,-70.98708098275108
-0.000541104859494208,-73.65542679848879
-0.0005787834729979641,-76.8703608210218
-0.0006206624474983342,-80.38823066517314
-0.0006601623524214352,-83.65137838267626
-0.0006872986008606146,-85.86163527444813
-0.0006923080811483175,-86.25399353332351
-0.000671121342544314,-84.13531967292317
-0.0006259445564619849,-79.61764106469026
-0.0005643079314269801,-73.45397856118979
-0.0004949943470169438,-66.52262012018615
-0.0004238788788561311,-59.41107330410488
-0.0003547574642767142,-52.49893184616319
-0.00028947102170497546,-45.97028758898932
-0.0002273086716184898,-39.754052580340755
-0.00015891891521540246,-32.915076940032016
-7.833191761225447e-05,-24.85637717971722
1.3099103354629884e-05,-15.713275083028789
0.00011095723185686712,-5.927462232805065
0.00021285198068085452,4.261408486784243
0.0003166491987862007,14.617723448862057
0.00041351829625137725,24.214564256446195
0.0004986800117620135,32.56090874524947
0.0005740536498060003,39.852836392008356
0.000645696841419857,46.68296613629715
0.0007187061060441965,53.526075708481876
0.000795756060960564,60.60315731494728
0.0008767079563315463,67.8613454050074
0.00095892670112656,75.03056184455397
0.0010385078156441461,81.76143464928867
0.0011109614963116723,87.70152932472165
0.0011719959494108792,92.56101520082252
0.00121849318678712,96.17216074135435
0.0012495726315224199,98.54137051604394
0.0012674282687436917,99.88623357821902
0.001276519592389052,100.56639199262165
0.0012818446482624247,100.96333956213418
0.0012865058621829477,101.30992703868165
0.0012896487175103276,101.54315449800751
0.0012861196638836306,101.19024913533782
0.0012676195280185655,99.3402355488313
0.0012265179998841335,95.2300827353881
0.0011576783311117733,88.34611585815207
0.0010601988642064322,78.59816916761797
0.000938435960416571,66.42187878863184
0.000803582419573848,52.93652470435954
0.0006653657968297139,39.114862429946136
0.0005276209200999654,25.340374756971293
0.0003889617337202898,11.474456119003735
0.00024576294198892817,-2.844592975657238
9.539256976172166e-05,-17.826418118102882
-6.221910074218984e-05,-33.298816475559974
-0.00022467958376326492,-48.80852040980829
-0.00038964119352380774,-63.919739862587306
-0.0005546972557619565,-78.24319679722656
-0.0007178099564393302,-91.50068453284966
-0.0008774113160532152,-103.53621818371205
-0.0010318946226022835,-114.26748104037902
-0.0011796801982417884,-123.68044690138653
-0.0013189071550718204,-131.79594357595184
-0.0014481394986800658,-138.6953688872671
-0.0015666876294677743,-144.50981111624418
-0.0016741285641598555,-149.37393211638405
-0.0017698589752047523,-153.398959520436
-0.0018530163432855173,-156.67055633032606
-0.0019225021310038024,-159.25133050967506
-0.0019767964399513664,-161.1748838753411
-0.002014599653822641,-162.4676036161565
-0.002035265066742625,-163.15849774632275
-0.0020393786438852135,-163.29471120302102
-0.0020289672045833503,-162.2535672728347
-0.002007055318105708,-160.06237862507044
-0.0019765123300018884,-157.0080798146885
-0.0019390514291963102,-153.26198973413068
-0.0018936178489949722,-148.71863171399687
-0.001836873069877506,-143.0441538022503
-0.001764673359749221,-135.8241827894218
-0.0016741093086799284,-126.76777768249251
-0.0015650180114867669,-115.85864796317635
-0.0014401124440626904,-103.3680912207687
-0.0013040751806139572,-89.7643648758954
-0.0011614539132768877,-75.50223814218843
-0.001014563593484502,-60.81320616294987
-0.0008615757584059106,-45.514422655090726
-0.0007002046153426885,-29.377308348768516
-0.0005299658550471557,-12.353432319215232
-0.00035300317692623946,5.33956021594542
-0.00017307962118611093,23.208765002145693
5.994192122368126e-06,40.601553826604665
0.0001817102208653167,57.03852059808326
0.000354027884369754,72.35136184466
0.0005246126355335056,86.57401968136772
0.0006949776801969354,99.74627949219614
0.0008630912048208241,111.67637761060307
0.001026949805776209,122.26586954498876
0.0011857424927115973,131.56141504657347
0.0013397582196834736,139.69914563589006
0.0014892865689407836,146.81380090336535
0.0016343431688650562,153.02177351151235
0.001774266053930228,158.40865893630897
0.0019074222466252523,163.02909300465427
0.002031662808024086,166.93108079170108
0.0021445882611825303,170.16274827104226
0.0022446704400282463,172.79566923165956
0.0023303728058702957,174.89005701232279
0.002399833037089146,176.48598676500774
0.0024510562104013874,177.60776013162803
0.0024817474942924246,178.25836300014734
0.0024892544625122366,178.3853250803933
0.002471567227091259,176.61660153829555
0.0024296250191182737,172.42238074099703
0.0023678973987840543,166.24961870757505
0.0022925407709112667,158.71395592029629
0.0022099193038487733,150.45180921404693
0.002122111640537457,141.67104288291534
0.0020265768704071183,132.11756586988145
0.0019186308955283045,121.32296838200004
0.001794691041447987,108.9289829739683
0.0016546186923580063,94.92174806497025
0.0015015971809368858,79.61959692285821
0.001340036446817127,63.46352351088233
0.0011717613355625108,46.6360123854207
0.000998164667439515,29.27634557312113
0.0008212849793544568,11.588376764615306
0.0006441710198052292,-6.117828832418485
0.0004703178012401623,-23.36491723824523
0.0003026091075067104,-39.64040690774621
0.00014205957378760607,-54.69023666787482
-1.2658917549940235e-05,-68.55091222028487
-0.00016406775668511344,-81.39295146345054
-0.0003149616185057875,-93.4010736195974
-0.0004669025945329122,-104.64348228565237
-0.0006193176088742855,-115.03897555267531
-0.0007685560792112733,-124.35936498534153
-0.0009110517712305722,-132.48077380019672
-0.0010450036155665217,-139.44634744190287
-0.001170277258685266,-145.4008024216359
-0.0012876672061403103,-150.51525814790435
-0.0013985466110919271,-154.95622576041595
-0.0015054737826328296,-158.90175281736705
-0.0016093870623220374,-162.43877962437946
-0.0017088639967794733,-165.56798783985312
-0.0018006047138715625,-168.24561837892423
-0.0018805311645831806,-170.4257283869634
-0.0019440979082264828,-172.06380290135408
-0.0019857219542290363,-173.09254424418694
-0.0020012136450387025,-173.4668255510211
-0.0019891148168467284,-172.25694273182373
-0.0019526392950682367,-168.60939055397452
-0.0018993872756318789,-163.28418861033876
-0.0018380710826697865,-157.1525693141295
-0.0017756873910993625,-150.91420015708712
-0.001713689508913985,-144.71441193854935
-0.0016483461474843465,-138.1800757955855
-0.0015736736435625097,-130.71282540340184
-0.001485174338362066,-121.86289488335747
-0.0013816760057417843,-111.51306162132931
-0.0012650848047487246,-99.85394152202333
-0.0011395035307640538,-87.29581412355626
-0.0010094785585839502,-74.2933169055459
-0.0008783294813904575,-61.178409186196625
-0.0007466897270029817,-48.01443374744905
-0.0006151418030690956,-34.85964135406043
-0.0004855304250562197,-21.898503552772837
-0.00035999049751932893,-9.344510799083766
-0.0002394949474503355,2.7044064216794883
-0.0001231791333863678,14.306818053023797
-8.74983657946552e-06,25.62045813184883
0.00010619751402186262,36.81113735511368
0.00022257438309123692,47.89265366914593
0.00033920579120090284,58.68274316405502
0.00045334283621061374,68.88103611592987
0.0005614411673278537,78.16903950984096
0.0006594883983543552,86.25473299024287
0.0007460024353718108,93.10661361035878
0.0008225916632014067,98.94334725681023
0.0008923696672193793,104.06957368634117
0.0009578422195619128,108.71139462662167
0.0010195585120905473,112.93694262607724
0.0010760265583728318,116.67546202585656
0.001124305972936381,119.77527039793488
0.0011612003016708281,122.08432384648526
0.0011843270037354941,123.50543866540599
0.0011924056263801126,123.99710545781839
0.0011853546045578905,123.29200327559619
0.0011642411888177196,121.18066170157908
0.0011307626420551966,117.83280702532677
0.0010859677359553231,113.35331641533944
0.0010305077309754023,107.80731591734735
0.0009663068809582503,101.38723091563214
0.0008947153075469603,94.22807357450314
0.0008161245086947124,86.36899368927835
0.0007302209749260382,77.77864031241093
0.0006367629352466018,68.43283634446729
0.000535861721827062,58.3427150025133
0.0004283283397782223,47.58937679762934
0.00031566567829870103,36.323110649677204
0.00020002571365746762,24.759114185553873
8.391097905440458e-05,13.14764072524757
-2.970830897211786e-05,1.7857119225953249
-0.00013868478271017906,-9.10592829483625
-0.000242130481395528,-19.39566955156064
-0.0003400550705825155,-29.041464302034743
-0.0004327231343453955,-38.0431702357944
-0.0005211473764272697,-46.48451182339846
-0.0006090618746318404,-54.70474000584231
-0.0006981676521927825,-62.83439043475216
-0.0007870990840878736,-70.72169809351581
-0.0008720365957429132,-78.02459316254635
-0.000949073415933723,-84.44071527496058
-0.0010152779238628438,-89.78952588152477
-0.0010691303553163737,-94.02421339610264
-0.0011110181293254666,-97.24450602975567
-0.0011423782810023619,-99.61276200314698
-0.0011647822625629116,-101.28210149140021
-0.0011774256057132356,-102.21582661390279
-0.001180371167957103,-102.43249322166291
-0.0011756989703114629,-101.96527345709887
-0.0011664496423894452,-101.04034066489712
-0.0011546372150137822,-99.85909792733081
-0.0011398360408301147,-98.37898050896405
-0.0011190394879256977,-96.29932521852236
-0.0010881131491147504,-93.20669133742763
-0.0010437855350371715,-88.77392992966973
-0.0009851443905736842,-82.90981548332101
-0.0009139617482728539,-75.79155125323797
-0.00083336534512157,-67.73191093810958
-0.0007462013815440836,-59.01551458036094
-0.0006548320927990758,-49.878585705860154
-0.000562938138212387,-40.68919024719128
-0.00047207766160920525,-31.6031425868731
-0.0003814584563446657,-22.541222060419148
-0.00028887959218771225,-13.283335644723804
-0.0001925984523559926,-3.65522166155184
-9.199310315349876e-05,6.402695715153453
1.2520126974466727e-05,16.81263056535754
0.00011934279194817144,27.353603122844316
0.00022625200361988843,37.74458120607507
0.0003315162052013659,47.76709464182298
0.0004362499766348379,57.485769568029895
0.0005400552665981796,66.82743176291525
0.0006399682090596101,75.5122475875067
0.000731964843710102,83.22003269929549
0.0008135038457606312,89.80626916169423
0.000884346572872297,95.333908200015
0.0009462595440832109,100.0128187289376
0.0010020095914131206,104.1027351678393
0.0010537509878646991,107.7930289737196
0.0011016979209989407,111.12147742793788
0.0011422902290233038,113.8706136458811
0.0011724143770607137,115.87002234181196
0.0011913691049922105,117.11030448339935
0.0012009868969217936,117.73438570943772
0.001204039471104233,117.93172358851133
0.001202759763181403,117.80375279622834
0.0011978474082574044,117.31251730382847
0.001188315563923542,116.35933287044224
0.0011728718692740555,114.81496340549359
0.0011498878657532565,112.51656305341369
0.0011181015982224228,109.33793630033033
0.0010770637050262865,105.2341469807167
0.0010270470450408915,100.23248098217721
0.0009687197593614733,94.39975241423538
0.0009027062189260514,87.7983983706932
0.0008296214274911557,80.48991922720364
0.0007502314665925252,72.55092313734059
0.0006656227525256474,64.0900517306528
0.0005772638864299893,55.254165121086984
0.0004866193683296882,46.18971331105688
0.00039552439093204023,37.08021557129209
0.00030399994505512574,27.927770983600634
0.00020987922831398228,18.515699309486287
0.00011076416254943508,8.604192733031564
5.91743210906614e-06,-1.8803096989237669
-0.00010324913040249558,-12.77892944369935
-0.0002150130056382667,-23.855915969625958
-0.0003260211602548825,-34.70987292968039
-0.0004323092146144298,-44.905260164467215
-0.0005308579186121118,-54.14061924341423
-0.0006207768590693938,-62.35242704002328
-0.0007028961869043455,-69.65108959889433
-0.0007784535560747468,-76.18251182653847
-0.0008489456651842542,-82.10701740014235
-0.0009156220609516217,-87.55360830223242
-0.0009787667284327204,-92.5658448426701
-0.0010358495401419832,-96.97165925632842
-0.0010852643312895213,-100.6878555912776
-0.0011273640492469254,-103.78148164161763
-0.0011635943769062566,-106.39002879529586
-0.0011945689479010116,-108.58053165953802
-0.0012195131378780902,-110.31793654695795
-0.0012364979813589037,-111.48734172120204
-0.0012431862637646487,-111.94479996314313
-0.0012380764727172107,-111.43382085839934
-0.0012207550553064268,-109.70167911732095
-0.0011922717672963996,-106.85335031631821
-0.001154645827270535,-103.09075631373175
-0.0011113872452994944,-98.76489811662768
-0.001063690925609751,-93.99526614765334
-0.0010096696658642053,-88.59314017309876
-0.0009460632200886089,-82.23249559553913
-0.0008708421302022613,-74.71038660690438
-0.0007845519178102958,-66.08136536770783
-0.0006900518151543394,-56.63135510211219
-0.0005908624382378126,-46.712417410459516
-0.0004891953486610862,-36.54570845278687
-0.0003853072852823692,-26.15690211491517
-0.0002780504833855748,-15.431221925235725
-0.00016674196457105745,-4.300370043783993
-5.249791746571875e-05,7.120674744821499
6.177023334904184e-05,18.49361615177415
0.00017322184228072863,29.467151479487708
0.000279349688596909,39.74622502921586
0.000378700143504903,49.170263157300695
0.0004712869388260074,57.743905037136145
0.0005580039676451382,65.56497571739327
0.0006397312323325381,72.73175276958507
0.0007165919668250515,79.27711281426257
0.000787424408546364,85.13263225121061
0.0008496196381714961,90.12888235434546
0.0009014099699875188,94.18270531816422
0.0009429063652664408,97.35956239332846
0.0009759633131760152,99.84441014522923
0.0010029314167835507,101.84116823920824
0.0010253112665821558,103.47735179405049
0.0010427548968892889,104.73948428379377
0.0010534606642161098,105.50837392890101
0.0010552113535313586,105.63369384577521
0.0010465207480352128,104.76463329616062
0.0010288847938587562,103.00103787851496
0.001004390130823449,100.55157157498425
0.0009745964372624705,97.5722022188864
0.0009391741314886301,94.02997164150237
0.0008958959382538573,89.70215231802509
0.0008440336123807853,84.51591973071787
0.0007888031151514101,78.99287000778037
0.0007329244643668288,73.40500492932223
0.0006682159403629425,66.9341525289336
0.0005886395878926619,58.97651728190555
0.0004982287942669797,49.93543791933733
0.0004054362128352222,40.65617977616157
0.0003166441341451804,31.77697190715739
0.00023404962765024583,23.517521257663937
0.0001559776885680675,15.710327349446102
7.884617218601212e-05,7.9971757112405655
2.3332738427571703e-07,0.13589123106692366
-7.96419731996768e-05,-7.847533918390703
-0.00015818230431578683,-15.672856194317948
-0.00023257544456280148,-23.040257301070334
-0.0003019169135844944,-29.850117560919944
-0.0003671208988615999,-36.188797151505824
-0.0004296516880002211,-42.19668530260245
-0.0004898477692861338,-47.90470559027863
-0.0005458679625039202,-53.142298459340715
-0.0005945879525075284,-57.63365623611935
-0.000633324918450881,-61.15951761815383
-0.000661534689183534,-63.70077046843199
-0.0006812057657438684,-65.45921276833236
-0.000696222371348457,-66.79388707713181
-0.0007104919073955154,-68.05588777087078
-0.0007259822889333507,-69.41883991234432
-0.000741903930191905,-70.81201406357981
-0.000754921123378744,-71.94515013402123
-0.0007608364319856058,-72.45830356931093
-0.000756467829773668,-72.02144334811716
-0.0007410259017318503,-70.47725054393538
-0.0007161088432659033,-67.98554469734069
-0.0006844306988355335,-64.8177302543037
-0.0006482080439252883,-61.19546476327918
-0.000608125539820031,-57.18721435275344
-0.0005635393561567476,-52.72859598642511
-0.0005135357678419556,-47.72823715494591
-0.0004579073146843748,-42.16539183918783
-0.0003974972385839935,-36.1243842291497
-0.0003338683518553656,-29.761495556286913
-0.0002683954711300338,-23.214207483753732
-0.00020159832785847373,-16.534493156597726
-0.00013299949032663584,-9.674609403413937
-6.187078009152195e-05,-2.5617383799025495
1.1870236236666723e-05,4.811411595249395
8.720684243142531e-05,12.329681264824986
0.0001622121012843855,19.779328166186815
0.0002348609279600695,26.941358827635312
0.0003037820679779193,33.67024962548419
0.00036879530624878056,39.945189893010756
0.00043063197001630524,45.83706365427546
0.000490188601931344,51.43189697907376
0.0005477416853688023,56.75630780732019
0.0006026404904974185,61.7534596182619
0.0006536156261308907,66.31710879757081
0.0006993837115317939,70.34849230430221
0.0007392052148589402,73.80300509820746
0.0007732829208479073,76.71871232125517
0.0008025454095062088,79.19182558317749
0.0008280542670467678,81.32416998216057
0.0008503783964528701,83.17202313654319
0.0008693134440280035,84.72580951078795
0.0008841184961445738,85.9319496595188
0.0008937277771979087,86.71066327378314
0.0008971976058607516,86.99104623606837
0.0008939443059076307,86.66571624075627
0.0008839687384365373,85.66815949364693
0.0008676740335784102,84.03868900783422
0.0008454470092828961,81.81598657828282
0.0008175361091006779,79.024896560061
0.000784067121212207,75.6779977712139
0.000745281473729456,71.7994330229388
0.0007016761829180651,67.4389039417997
0.0006540798460600676,62.67927025599996
0.0006035047326042053,57.62175891041374
0.0005507199444295141,52.34328009294461
0.0004959946961078355,46.87075526077675
0.00043916433180460785,41.18771883045398
0.00037992764535075445,35.26405018506865
0.0003182059874921653,29.091884399209736
0.00025430015507570456,22.701301157563655
0.0001890858022781295,16.17986587780615
0.00012387975443038383,9.659261093031583
