Desplacment,Force
0.0,0.0
7.098894315139197e-06,0.7098874124270943
2.1902726800945563e-05,2.1902133787638745
3.307716699884565e-05,3.3075124621026664
3.4156433157196875e-05,3.4154184276067165
2.609136632417452e-05,2.608911744304481
1.5494257768985577e-05,1.549200888785587
1.0087064075206341e-05,1.0084815194076633
1.317562971066083e-05,1.317330969310344
2.2537224064648415e-05,2.2534387209094175
3.262845783942193e-05,3.2624306866403954
3.7970120222979735e-05,3.796484043482198
3.640037786568351e-05,3.6395098077525754
3.0934461692683066e-05,3.092918190452531
2.876065509854983e-05,2.8755375310392077
3.552873450419061e-05,3.5522266682770547
5.144356904361374e-05,5.143195072530572
7.149283465802667e-05,7.146828384638886
8.874122278936441e-05,8.86978699970901
9.765704388872977e-05,9.760058288441398
9.547434582622459e-05,9.541788482190881
8.49117191864285e-05,8.485525818211272
7.225797369174803e-05,7.220151268743226
6.329093405502606e-05,6.323447305071028
5.932114973321298e-05,5.92646887288972
5.821509066551192e-05,5.815862966119614
5.825300549001303e-05,5.819652275869612
5.7584352378246526e-05,5.7527869646929615
5.5760012573242314e-05,5.5703529841925405
5.263600820808741e-05,5.257952547677051
4.735824901058579e-05,4.7301766279268875
4.0179633354433016e-05,4.01231506231161
3.3299923499520414e-05,3.3243440768203505
2.8053458632325833e-05,2.7996975901008923
2.2580408713107785e-05,2.252392598179088
1.3366035613439556e-05,1.3309552882122648
-4.0657109206912734e-06,-0.4122185285967108
-3.04409399540741e-05,-3.049581716914071
-6.143349247912624e-05,-6.14768512249747
-9.026277737565763e-05,-9.027769303323142
-0.00011036908754610917,-11.034963046924105
-0.00012019230507437739,-12.015074253861002
-0.0001233310562358009,-12.328162010230265
-0.00012500908956941027,-12.49552764586945
-0.00012534964656093247,-12.529493068904776
-0.00012372720749495315,-12.367249162306845
-0.00012099089837881906,-12.093618250693435
-0.0001206734521804356,-12.061873630855088
-0.00013170944069619908,-13.162498343449975
-0.00015740586390896075,-15.723041374736905
-0.0001923569504494812,-19.200046903437723
-0.00022567601230434706,-22.507369797467653
-0.0002468317197429665,-24.60305558745559
-0.0002537843463084423,-25.290992859132807
-0.000255432305285408,-25.453992839880954
-0.00026238012790706617,-26.140947326639598
-0.0002777740041308636,-27.661471883969412
-0.000296335534252054,-29.491957616836594
-0.00030794723822249906,-30.63536132950904
-0.0003031298176141249,-30.153619268671626
-0.00027509490792469645,-27.35012829972878
-0.00022921503322646946,-22.762140829906077
-0.000181074446843274,-17.94808219158653
-0.0001479012645433105,-14.63076396159018
-0.00014025278030350874,-13.865915537610004
-0.00015408818408875114,-15.244492682267937
-0.00017383676887668546,-17.210540526365698
-0.00018214342810599324,-18.036839886864186
-0.00017125381145991937,-16.9478782222568
-0.00014464701142146428,-14.28719821841129
-0.00011142915588373797,-10.965412664638658
-8.206417046273631e-05,-8.028914122538493
-6.186693420404876e-05,-6.009190496669738
-4.799487787324622e-05,-4.621984863589483
-3.0595059789570255e-05,-2.8820030552218863
-9.657852405842104e-07,0.08092433723924017
3.997795969622188e-05,4.174886443816517
8.764176720325309e-05,8.937639416057882
0.00014069212644956565,14.230399441325826
0.00019587867659538974,19.72187168479668
0.00024256027811001777,24.35149011443587
0.00027559512069153983,27.61714948731863
0.0003008433402987574,30.10633428113049
0.0003303133138117411,33.003610078134685
0.0003760196537206518,37.47800535003059
0.0004407824778638606,43.77296339914493
0.0005165080069640038,51.05677234579762
0.0005896480607053002,58.00226363315409
0.000648930723171763,63.55980937302948
0.0006911245814940052,67.47284762383944
0.000720849054132408,70.20712216188144
0.0007475484469806499,72.64679014133993
0.0007812647069986591,75.70484491226429
0.0008241535414268141,79.55687587623383
0.0008694308367713005,83.5756095484502
0.0009061560711872573,86.79797779122957
0.0009263564499759286,88.55580640395526
0.000929844819239698,88.85829847202437
0.0009237247249136021,88.24628903941479
0.0009174718127787431,87.62099782592888
0.0009130973624562313,87.18355279367772
0.0009096004288920648,86.83385943726104
0.0009060127212661661,86.47508867467118
0.0009012478594047667,85.99860248853125
0.0008949038601486325,85.36420256291782
0.0008874104290119694,84.61485944925151
0.0008824339982879416,84.11721637684873
0.0008812153783582635,83.99535438388092
0.0008814077097049464,84.0122964774999
0.0008775994486168829,83.63147036869356
0.0008611516123138281,81.98668673838807
0.0008292101874989921,78.79254425690448
0.000785795503237977,74.45107583080296
0.0007384287708449082,69.71440259149608
0.0006914115204782791,65.01267755483319
0.0006434131220108342,60.21283770808869
0.0005889127724472636,54.762802751731634
0.0005216009127539879,48.031616782404065
0.00043918125455473034,39.7896509624783
0.0003457378565160387,30.445311158609133
0.00025092768523013155,20.964294030018422
0.00016349592317490666,12.221117824495934
8.554508155487388e-05,4.426033662492657
1.6321178173218846e-05,-2.4962221665415854
-3.720357150968617e-05,-7.845936061973919
-7.549085117725372e-05,-11.668250576774001
-0.00010798453155267078,-14.90766845036218
-0.0001470000247853386,-18.790096213606866
-0.00019677814984714586,-23.729185475880048
-0.00025354488229432237,-29.337291670214366
-0.0003084153443143845,-34.728040736626674
-0.00035300267470652057,-39.08315533279296
-0.0003870112089260757,-42.387855521913444
-0.00041376736695862614,-44.97655133351251
-0.0004376625044984524,-47.279544898759745
-0.00046383458454959774,-49.791872868027895
-0.0005066519907978062,-53.87793102807221
-0.0005660086951041353,-59.48928356938101
-0.0006225352460065779,-64.77120074548807
-0.0006481666464650552,-67.14507903505431
-0.0006171357093915018,-64.04198532769895
-0.0005278669048994073,-55.11510487848951
-0.00040509305731293004,-42.83772011984178
-0.00028281732994422037,-30.610147382970812
-0.0001827577827387567,-20.604192662424445
-0.00010343165414452433,-12.671579803001212
-2.464837396230007e-05,-4.793251784778784
7.670763857486083e-05,5.341550302475537
0.00020993033879276548,18.628457728790114
0.00036335538127558716,33.78834326425291
0.0005120161508445596,48.22799108308344
0.0006305344378616776,59.497240875416644
0.0007055486676298143,66.49581702559543
0.0007456009990489662,70.1854228538575
0.0007797737908585774,73.30596096965259
0.0008314394811808288,77.97380824903891
0.0008919104886315619,83.35711046984552
0.0009437641782086896,87.90133329026334
0.0009784875025504098,90.90583860218243
0.000997592727602454,92.54547717254349
0.0010074021423651367,93.38356859995753
0.001014793954714422,94.01340532307816
0.0010218195732195525,94.61067825272549
0.0010258523667125733,94.95291893773927
0.001022011769309673,94.56885919744923
0.0010081642056108734,93.18410282756926
0.000988171664617703,91.18484872825223
0.0009669372137464861,89.06140364113052
0.0009446441033221095,86.83209259869287
0.0009185206799808944,84.21975026457137
0.0008940083046649563,81.76851273297756
0.000865091586111667,78.87684087764862
0.0008131245483436493,73.68013710084686
0.0007173519555147602,64.10287781795795
0.0005682707898309274,49.194761249574675
0.0003729521837737619,29.66290064385813
0.00014909037836363355,7.276720102845289
-8.307870277041975e-05,-15.91759887138306
-0.0003117063592588466,-38.471902580651
-0.0005394244804645767,-60.27769386573154
-0.0007829638038272429,-82.49703063971566
-0.001056082934798591,-105.6740007761819
-0.0013578384285848912,-128.7897547844575
-0.0016712916304005767,-149.83219457760987
-0.001962401008341356,-166.66693079170543
-0.00220590875127293,-178.8441780533094
-0.0023941066985842655,-187.15082628865267
-0.0025329604762720417,-192.7062864506201
-0.002633401896237006,-196.44025884287663
-0.0027063201031170404,-199.00871834824596
-0.0027600041656624863,-200.82605931064052
-0.0027987896564484888,-202.10131206330627
-0.002824669884681784,-202.93500730670186
-0.0028383686038284677,-203.37078727011544
-0.0028424171699336087,-203.498855453497
-0.0028388449595958456,-203.14163441972067
-0.002828010580706836,-202.05819653081974
-0.002807771747469464,-200.03431320708253
-0.002770348455961926,-196.29198405632872
-0.002705564123432999,-189.81355080343604
-0.0026040113981572514,-179.65827827586125
-0.0024632314528020877,-165.58028374034487
-0.002290007678231805,-148.2579062833166
-0.002093575920696505,-128.6147305297866
-0.0018800911485303828,-107.26625331317437
-0.001655595562850279,-84.81669474516399
-0.0014422971702061462,-63.486855480750705
-0.0012440901018514886,-43.66614864528494
-0.0010410617194946666,-23.36331040960274
-0.0008055761955919615,0.1847638134421391
-0.0005252213925437281,28.05779528719704
-0.00020956939111999322,58.457762994619735
0.00011925548884570454,88.0925543879145
0.00044015724914954073,114.30715086117993
0.0007458342624199581,136.4200706083668
0.0010451466652447675,155.26296809233247
0.001352387090470528,171.79307200740075
0.00167839455920675,186.45656102109044
0.002019901962466175,199.0157115754983
0.0023627728307562624,209.18014168239125
0.002688498998195483,216.96500316917053
0.002974476994254341,222.57177202211798
0.003201177417706066,226.34181236617027
0.003359187454991718,228.66865926855098
0.003474242034141522,230.22528875065478
0.0035691994036757702,231.43024018998383
0.0036498973267270027,232.40151756449785
0.003703142410433361,233.01733082847514
0.003703106747859967,233.01376457113574
0.0036229256461248844,224.99565439762748
0.0034535022824647922,208.0533180316183
0.0032217089299499857,184.87398278013762
0.002974615111229108,160.16460090804983
0.002751842059624426,137.88729574758167
0.00256955694284965,119.65878407010406
0.0024110400896270997,103.80709874784903
0.0022465801979639935,87.3611095815384
0.002053723884892768,68.07547827441584
0.0018274586331845913,45.44895310359817
0.0015959508217592631,22.298171961065353
0.0014023041450648209,2.933598471065826
0.0012604637752960063,-11.229480832756881
0.001089381551768185,-28.16448316313058
0.0008224342720313174,-53.90468691785551
0.0004551766125830179,-87.08355372523735
5.282247476465525e-05,-119.37115027744173
-0.00024744601492909536,-140.28053504470168
-0.00037625005066282876,-148.39054776359228
-0.00036183983765073684,-146.7329310968591
-0.0003012566350193904,-140.67461083372444
-0.0002865101503395671,-139.19996236574215
-0.00035913943098760093,-143.87951324871338
-0.000498996667888152,-152.43135368067803
-0.0006481062707186863,-160.89445411355615
-0.0007647937532505371,-167.05924013159313
-0.0008556440811634349,-171.58923336765437
-0.0010026948539009135,-178.4396545606043
-0.0012965535577379634,-190.4613071324741
-0.0017866552302623234,-206.22079898326805
-0.002471684463595658,-221.38624244334065
-0.00331134971683995,-232.8991369373459
-0.004248851290192765,-240.66498582664497
-0.005217293813369568,-245.91892882484294
-0.006138136755077138,-249.70042874242807
-0.0069105840441986265,-252.43742634453466
-0.007441377452668389,-254.19579251748652
-0.007664383534013881,-254.91538908989293
-0.007547186687048123,-242.79079560144936
-0.007130523596990931,-201.12448659573016
-0.0065793866979991285,-146.0107966965499
-0.006114491698639273,-99.52129676056433
-0.005895574767847234,-77.62960368136046
-0.005939921140263524,-81.75792709821685
-0.006129516564870649,-98.9258546530554
-0.0062917636948158304,-112.91849998084666
-0.006296394358416067,-113.30757309279898
-0.006116312538428087,-95.29939109400101
-0.005825269538203387,-66.19509107153101
-0.0055403495073055335,-37.70308798174562
-0.00535251439818085,-18.919577069277306
-0.005290109886802997,-12.679318564803369
-0.00530638733471991,-14.307063356494675
-0.005317971748273784,-15.465504711882131
-0.005258694281949071,-9.539258263220692
-0.00511635782518323,4.646228539816637
-0.0049223830524693386,23.734471474678816
-0.0047201856435967315,43.10729773356168
-0.004531010254533432,60.544357730378835
-0.004340970544405931,77.22630943976345
-0.004116553116680043,95.67866913634565
-0.0038287078651444723,117.16486396776654
-0.0034699964454381173,140.35057597931612
-0.003040669005230399,163.005716984879
-0.0025556609018088806,182.6641072164935
-0.002031378322394064,198.18674782022532
-0.0014788308118246403,209.75794697154114
-0.0009045429186677235,218.16499000944805
-0.0003159434102276246,224.25121024497946
0.00026824966914745134,228.67099697041309
0.0008098110051180371,231.85265320206182
0.0012381646664716217,233.96053433476763
0.0014837484753227343,235.0528934283611
0.0015014862743566464,233.0580664982026
0.0012946825338100943,212.37769244354743
0.0009547803861528722,178.38747767782516
0.0006348078509788412,146.39022416042206
0.00047684156609070885,130.59359567160882
0.0005241994137347128,133.68536430225018
0.0007124347990736618,146.0445248156103
0.0009279911764622732,158.85508901737617
0.001077698074351232,166.93288411449527
0.0011242464832941336,169.31200880165235
0.0010910562951308598,165.99298998532495
0.0010416203336436431,161.04939383660331
0.0010387977554183869,160.76713601407766
0.0011009312923520658,164.1445771201931
0.0011844187976237926,168.50562626181957
0.001225144811095975,170.56055678924906
0.001170667018446778,165.11277752432935
0.0010115274618227722,149.1988218619288
0.0007929998826163337,127.34606394128491
0.0005834922639552066,106.39530207517221
0.00043120196998381417,91.16627267803295
0.00034188776567121716,82.23485224677326
0.0003006717909528451,78.11325477493604
0.00026579107723958694,74.62518340361022
0.0001909309188119466,67.13916756084619
5.949123836594422e-05,53.995199516245954
-0.00010338276946432676,37.70779873321885
-0.0002600593449820045,22.040141181451084
-0.0004137024764391603,6.675828035735503
-0.0005758612238788337,-9.537100277849223
-0.0007516555824192101,-27.024854879450086
-0.0009348609380355258,-44.96712536992538
-0.001113996346574086,-62.05182129767627
-0.0012721604160721616,-76.63095812265384
-0.001388817052373733,-87.02215218508648
-0.0014530347496579262,-92.5977445248515
-0.0014654252860714114,-93.66116184958678
-0.0014317996643508427,-90.29859967752991
-0.0013374036347489407,-80.85899671733972
-0.0011921276260309815,-66.33139584554378
-0.0010378489778302788,-50.90353102547352
-0.0009264884180577313,-39.76747504821877
-0.0008912917073588729,-36.24780397833292
-0.0009322049254708436,-40.24617739365135
-0.00102157985371833,-48.903676050271905
-0.0011305119294623453,-59.28767370815943
-0.0012709286879161266,-72.34686536092457
-0.0014551417178883328,-88.81806133698926
-0.0016801038997254706,-107.74905627351214
-0.0019242643829987848,-126.64732606121548
-0.0021577350465434063,-143.01078560211073
-0.002354429310920569,-155.4806488763857
-0.0024963108267467985,-163.73867159769688
-0.0025676292762437667,-167.66173517397226
-0.0025311898960785786,-164.01779715745346
-0.002376973212756675,-148.5961288252631
-0.002142707583230745,-125.16956587267015
-0.0018928370795032825,-100.18251549992387
-0.0016830120413282787,-79.20001168242348
-0.0015393204839320262,-64.83085594279825
-0.0014678910083179765,-57.68790838139328
-0.001442177616479907,-55.11656919758633
-0.001422295599214741,-53.12836747106972
-0.00137996505105819,-48.895312655414614
-0.0013141515479189996,-42.31396234149558
-0.001247929401844578,-35.69174773405343
-0.0012068836646178607,-31.587174011381695
-0.0012010805786540097,-31.00686541499659
-0.0012070626920892764,-31.596822703868913
-0.0011960793862531944,-30.49849212026072
-0.0011563560711456997,-26.52616060951124
-0.0010949838791375038,-20.388941408691654
-0.0010301345399296611,-13.904007487907386
-0.0009826752711310455,-9.158080608045822
-0.000976450489168462,-8.535602411787478
-0.0010093893513230695,-11.826363397251324
-0.001052255122101541,-16.1037100642406
-0.0010673098537995807,-17.60411242280968
-0.0010289911908519056,-13.77224612804217
-0.0009382700873956323,-4.700135782414843
-0.000816976318136039,7.423368189086351
-0.0006924999130773887,19.811762152848615
-0.0005795593102791302,30.952370111950067
-0.0004704099914452088,41.584080877099666
-0.0003327603006835131,54.74136356030873
-0.00014868388738274656,71.78286912742551
6.72774504838878e-05,90.78646574124195
0.0002745550613738436,107.85664322119518
0.0004286310533411613,119.73335786962444
0.0005017492983890629,125.11705577077433
0.000493138281581228,124.12236126230438
0.0004233894978782217,117.14748289200375
0.00031148032495406327,105.95656559958789
0.00018777163625607586,93.58569672978915
8.373156133675467e-05,83.18168923785703
1.8560542465692854e-05,76.66458735075085
-9.311908662102856e-06,73.87734223797126
-1.5615737593876254e-05,73.24695934479392
-1.5628029852687115e-05,73.24524095221612
-1.6868627150587757e-05,73.12118122242606
-1.4831963435152323e-05,73.30517669546113
5.914588600707031e-06,75.17397442410115
7.169657201146014e-05,81.03173773493835
0.0001910034282398597,91.37857057658557
0.00034464179833871753,104.13703492226739
0.0004968421341377868,116.10495883933534
0.0006071604342457226,124.34338333813972
0.0006566285503660887,127.91602591478598
0.0006551874538298595,127.6488747980334
0.0006280039880194819,124.93052821699565
0.0005977900745460169,121.90913686964913
0.0005736134373272063,119.49147314776806
0.0005558135129065992,117.71148070570736
0.0005278657766609476,114.91670708114218
0.0004671820595944637,108.8483353744938
0.00036358795731142595,98.48892514619001
0.0002298463729811976,85.1147667131672
9.470736437731603e-05,71.60086585277904
-1.3212659997252402e-05,60.80886341532221
-8.073360813930477e-05,54.05676860111697
-0.00011613797170787295,50.51633224426015
-0.00014045450496435365,48.084678918612084
-0.00017466268465052284,44.66386094999516
-0.00022195845523641488,39.934283891405954
-0.00026519659322268976,35.61047009277847
-0.00028146404865689133,33.983724549358314
-0.0002688254830979788,35.21903352320962
-0.00023160483758952167,38.84540447699215
-0.00017265820259799322,44.549921858496496
-9.548477301032815e-05,51.93791842840293
-5.902269366948857e-06,60.38383249065715
8.729359321158961e-05,69.00286264176347
0.00017416126339359487,76.86592562499513
0.0002456792589509008,83.20561764519235
0.00029572732012308524,87.56601029105316
0.00032219687461457685,89.84591286293336
0.00032486682267117585,90.05250673586134
0.0003061478982565812,88.18061429440188
0.0002705238830385008,84.61821277259384
0.000220098189985601,79.57564346730385
0.0001533309974222673,72.89892421097048
7.172047193996954e-05,64.7378716627407
-3.58759046657052e-06,57.20706542208669
-6.169406186631753e-05,51.396418282111995
-0.00011226004446842574,46.33982002190117
-0.00017154094930285524,40.411729538458225
-0.0002448057908293476,33.08524538580898
-0.00033100826730923615,24.46499773782013
-0.00044101150356225705,13.464674112518043
-0.0005729085148287454,0.27497298586921065
-0.0007115251479106408,-13.57752598100201
-0.0008385456639730837,-26.20611606296068
-0.0009478494787522908,-36.970218412435905
-0.0010445975932388306,-46.383094583661936
-0.0011362481134478033,-55.17473419085047
-0.001231207640069801,-64.13150581932739
-0.0013335203064030205,-73.5829197248548
-0.0014312913077659142,-82.39907404913431
-0.001478138458724194,-86.54263340952076
-0.001450659561377775,-83.79474367487886
-0.0013692104472778231,-75.64983226488366
-0.0012873751326014692,-67.46630079724828
-0.0012578921206917498,-64.51799960627635
-0.0013062044391900526,-69.00491352704015
-0.0014269213237812577,-79.9970353924595
-0.0015842009376228327,-93.79757704706826
-0.0017359864502088033,-106.49617378981517
-0.0018669199253684718,-116.92275235195059
-0.0020257933373954975,-128.88465628472687
-0.002252172804909191,-144.5825256514438
-0.0025389550710717434,-162.18635901042137
-0.0028309668466367215,-177.5814632798688
-0.0030281243721875712,-186.62705308357687
-0.003055126304679296,-187.07639254345438
-0.0028951859529164716,-171.08235736717194
-0.0026054969001214562,-142.1134520876704
-0.002280233663784155,-109.58712845394025
-0.0019986472277583045,-81.42848485135522
-0.001785209630852265,-60.084725160751276
-0.0016089752608355685,-42.461288159081626
-0.0014200536150639161,-23.569123581916386
-0.0011884534739505389,-0.4098014492425579
-0.0009280259478008636,25.49205054648291
-0.0006821925337578436,49.3511828708857
-0.0004898696420298219,67.3223432062079
-0.0003703702012786557,78.09196088580467
-0.00033921681348751535,80.84366321076511
-0.00036750937486747855,78.01440707276879
-0.00039280580322385074,75.48476423713156
-0.0003583345356199493,78.55300630172081
-0.0002508223862248689,87.93187402325303
-0.00010364090988723041,100.27243751820008
2.6463347495010272e-05,110.66869892623284
0.00010461025555114981,116.67173866159654
0.00016445689816565784,121.1435985036348
0.0002578556832592401,127.90223628130444
0.00042319357089527044,139.20157991141812
0.000664949168805433,154.19550338028304
0.0009580445433814241,170.01312776938096
0.0012628610514995862,183.9108996708689
0.0015404758651824798,194.5387063922049
0.001758237759216005,201.67989854532848
0.001870883686278255,205.0038234742394
0.0018487873134570162,202.3193004170085
0.0016944442196350714,186.88499103481402
0.0014507241171768585,162.51298078899273
0.0011767444373361523,135.1150128049221
0.0009209107408146794,109.5316431527748
0.0007190653979973423,89.34710887104109
0.0005633429936291709,73.77486843422396
0.00041385598125833454,58.826167197140315
0.00023132456404420428,40.57302547572729
6.113940635458366e-06,18.0519631348527
-0.00024091749964673528,-6.6485768859352365
-0.000479828031313103,-30.389439992512365
-0.0006891491696459725,-50.740508721762644
-0.000870472359516832,-67.80581883050704
-0.0010488731069859152,-83.92632355751644
-0.0012670016099479262,-102.55798688827768
-0.0015471935966697033,-124.5118809362754
-0.0018768889706480272,-147.2702820613624
-0.002223311404975065,-167.57046105173828
-0.002554565649026236,-183.7132893196972
-0.0028470912332909056,-195.57765512990267
-0.003077595627711065,-203.53135923946803
-0.003236874325092253,-208.3881073005559
-0.0033287795555644296,-210.97331570197525
-0.0033691426420719922,-212.06126792255827
-0.003378522785247198,-212.3100735174448
-0.0033814755212313898,-212.38808296833176
-0.003404088851976343,-212.98061046780785
-0.003466623633487299,-214.57483664695437
-0.0035838771537426376,-217.3956851557702
-0.0037672218635333536,-221.39906904710648
-0.004038192903243663,-226.5130117841742
-0.004397433984156978,-232.06706422232992
-0.0048172515899285485,-237.18005692714698
-0.005249409477849007,-241.29724882136165
-0.005636822415053788,-244.27135748188567
-0.0059168352294878,-246.1062948446493
-0.006005147830500513,-246.64044399883926
-0.0058448351249284535,-230.60917344163332
-0.005460805980861119,-192.20625903489983
-0.004977469999601772,-143.87266090896517
-0.004546888051554854,-100.81446610427334
-0.004262853391731163,-72.41100012190422
-0.0041199414763714755,-58.119808585935495
-0.004034817632968459,-49.60742424563388
-0.0039255721857642594,-38.68287952521389
-0.0037429032994519772,-20.41599089398567
-0.0034898098566776294,4.872555006166193
-0.0032111032968553752,32.3004213160142
-0.002958818563066079,56.20420911500081
-0.002759698393053824,74.1538591540544
-0.0026011668997539938,87.74093459903408
-0.0024401583073191038,100.82886468462546
-0.0022203951557303874,117.45200208784692
-0.0019120723207200414,138.25851728079832
-0.0015199422571112893,160.50955598276576
-0.0010683074198714253,180.76602241836332
-0.0005813359326015946,197.18368793448025
-7.298021698478953e-05,209.65851058169827
0.00045340912039902896,218.91878538191887
0.000999232805892839,225.79746541053933
0.0015639313513963365,230.96976352106745
0.0021432545858488935,234.94955941147262
0.0027285237881861497,238.10938714069007
0.0033057507158055304,240.69773070295014
0.0038462469173445434,242.82297182477748
0.004331466836982373,244.57327163219355
0.0047588558058122635,246.0325993696753
0.005137260905231018,247.27977616217865
0.005477204450116775,248.3740805557739
0.00578218696959182,249.3400415131187
0.006045942403975684,250.16607736443024
0.0062558323547566765,250.81843432687387
0.006408929059556576,251.29193674626075
0.006501657652096124,251.57788751643938
0.006528349386500948,251.66008863153291
0.006489669567808307,247.79210676226887
0.006404445561363698,239.2697061178079
0.0063000917351424685,228.83432349568497
0.00618978966030718,217.80411601215613
0.006070335228210365,205.85867280247464
0.005927425863349025,191.56773631634064
0.005745711080943678,173.3962580758059
0.005519898027091011,150.81495269053926
0.005258521063663129,124.67725634775103
0.004980795729221448,96.9047229035829
0.004700723375288699,68.89748751030803
0.004412482177241635,40.07336770560165
0.004110617431258203,9.887434318059206
0.0038088730927090847,-20.091241614881863
0.003522672113056882,-47.63933721237629
0.0032542972402658825,-72.07717246589503
0.0029967277822909202,-93.8518903016286
0.0027414731111679923,-113.55283578664819
0.0024835642796944054,-131.42818933975394
0.0022283339589598337,-147.0862413413489
0.001980019200399642,-160.4400117001235
0.0017367687901001013,-171.83402143413502
0.00148958374229187,-181.84671001132517
0.0012247434961272171,-191.00941290784564
0.000930887085498025,-199.5278019897667
0.0006028143329363001,-207.31369005781144
0.0002394535420036363,-214.2148899805494
-0.00016857408222464577,-220.28563576758665
-0.0006231530184192853,-225.4927276884308
-0.0011149336509818151,-229.812407506497
-0.0016281008445423928,-233.3241549766265
-0.002144394611590763,-236.17301833543914
-0.0026417606602067755,-238.48840291186812
-0.003083679531366717,-240.30889897728204
-0.003438118312344261,-241.6566161937775
-0.0036839381006827073,-242.54742366847154
-0.003808504081579607,-242.98763272411165
-0.0038043683922342453,-241.22127954077288
-0.0036801420832380393,-228.79864864115228
-0.0034914107276790484,-209.9255130852532
-0.0033142174409562315,-192.2061844129715
-0.003202314712287928,-181.0159115461411
-0.0031568804837067885,-176.4724886880272
-0.003125528306913204,-173.33727100866875
-0.0030453400436802063,-165.31844468536897
-0.002880079947200447,-148.79243503739306
-0.002639188728247489,-124.70331314209726
-0.0023638234307230117,-97.16678338964952
-0.0021009173792699938,-70.87617824434771
-0.0018778065480804604,-48.56509512539439
-0.0016886918042088514,-29.653620738233492
-0.0015070480908092301,-11.489249398271367
-0.0013082037741279648,8.384427063190921
-0.0010958698946864258,29.410554335284495
-0.0008875614281711209,49.552129094540454
-0.0006975754608468882,67.27636356811456
-0.0005249197464680739,82.69971023599146
-0.00034646939053357853,97.84167468328484
-0.00014084903225397615,114.172250486253
9.844533983656584e-05,131.56824771618318
0.00035983955717496294,148.53789159454178
0.0006208484707857647,163.39516900799592
0.0008648986580701457,175.49497818894048
0.001089023873059994,185.1944865909746
0.0013035697334096007,193.32471653398133
0.001523996505548047,200.61880089424406
0.0017601575310632748,207.3773140588659
0.0020101020415575327,213.493780106791
0.002258718531227471,218.67170990280144
0.002483747730281132,222.69531595731823
0.0026604050755852393,225.4746312863485
0.0027687504715733892,227.03317914837348
0.0027976821732558555,227.43197137201125
0.0027479059001632045,222.45434406274612
0.002642876045818359,211.95135862826157
0.0025171535269170567,199.37910673813138
0.0024018668912967893,187.85044317610462
0.002309650076905893,178.628761737015
0.0022310707499064697,170.77082903707267
0.0021441316681930244,162.0769208657281
0.002027894069560362,150.45316100246188
0.0018757354618755067,135.23730023397636
0.0016975604413147925,117.41979817790494
0.0015180934977510382,99.4731038215295
0.00135439140959061,83.1028950054867
0.0012053813584055482,68.20188988698052
0.0010562936730278895,53.29312134921465
0.0008902729678427904,36.69105083070474
0.0007016742481696115,17.831178863386853
0.0005000646313448795,-2.3288958380341427
0.00029844527296937306,-22.412392309024863
9.377631373545183e-05,-42.4649679755697
-0.00011980472900645836,-62.74599140889833
-0.00033927266537561723,-82.62813575996722
-0.000562256283600125,-101.60159460191835
-0.0007908590335852519,-119.59124461932406
-0.0010260267283728785,-136.4404848910109
-0.0012627287710830662,-151.66315583009526
-0.0014912422228332903,-164.7317513466356
-0.0016995731474577765,-175.31309731943864
-0.0018784487098347262,-183.44419204178786
-0.0020238884457005617,-189.44754894022165
-0.002137762447098577,-193.7907378770935
-0.0022241706868649964,-196.8881470166682
-0.0022899992827640075,-199.1380739750266
-0.002343062752558879,-200.88503122655462
-0.002388017569361405,-202.31981630732506
-0.0024236832818211596,-203.42933671134867
-0.0024438123555018767,-204.04449317885164
-0.0024386240047053315,-203.52565809919713
-0.002400364252818016,-199.69968291046558
-0.002329114711813877,-192.57472881005168
-0.0022322749853451247,-182.89075616317646
-0.0021202048774953512,-171.68374537819912
-0.0020031801324027036,-159.98127086893436
-0.0018960770502427155,-149.27096265293554
-0.001800359175306604,-139.6991751593244
-0.0017040950553085861,-130.07276315952262
-0.0015893128097005022,-118.59453859871422
-0.0014437987338490348,-104.04313101356747
-0.0012678316706867946,-86.44642469734345
-0.0010709678898956198,-66.76004661822597
-0.0008638492092110542,-46.04817854976942
-0.0006418473471747294,-23.847992346136934
-0.0004011196916018905,0.22462595491187426
-0.00014707448196311573,25.5201134778136
0.00010953599429090745,50.48716527689964
0.00035848922991223723,73.67031266659914
0.0005915077997897442,94.09938311366002
0.0007936736914253189,110.64177257587839
0.000959260834254922,123.29643174496324
0.001092901642817896,132.8972328535664
0.0012070492877241444,140.6577208074466
0.001323919805780614,148.18281737123246
0.001454916015225158,156.11607324623927
0.001597898355432545,164.1817527310499
0.0017422672817055044,171.7159369809822
0.0018802409923283916,178.36635372832436
0.0020100817616710764,184.15631689303373
0.002133617139869352,189.2644864157996
0.0022550853547896625,193.92647609882812
0.0023741178837192586,198.16739846362822
0.0024815470681264773,201.7324173975288
0.0025521669010888206,203.94725398954003
0.0025617917626358957,203.97486083829722
0.0025016981138307774,197.9654959577854
0.0023877562346019984,186.5713080349075
0.002254734275062958,173.26911208100347
0.0021399699108925925,161.79267566396692
0.0020709762892287286,154.89331349758052
0.0020445840064966998,152.25408522437763
0.00202838093686179,150.6337782608867
0.0019846642261116968,146.26210718587734
0.0018927898392728426,137.07466850199194
0.0017571212204967788,123.50780662438555
0.001601017622596899,107.8974468343976
0.0014461373027551587,92.40941485022356
0.0012977024310531287,77.56592768002056
0.0011428634978134975,62.08203435605744
0.0009615458991958101,43.9502744942887
0.0007432040267753778,22.116087252245475
0.0004957657058323135,-2.6264881573619463
0.00024271821964448316,-27.786947375697544
6.621120205713569e-06,-50.71003297068738
-0.0001977896542207123,-69.81444358019435
-0.0003671385920271199,-84.9559940339162
-0.0005108192783174559,-97.23487243358544
-0.0006439090182841679,-108.09961088121275
-0.0007768703873165497,-118.4361281282185
-0.000904557704897794,-127.85762415634437
-0.0010184528649001261,-135.8356425066249
-0.0011140551389726666,-142.22015886135588
-0.0011946785374944788,-147.38320727098375
-0.0012754408296433665,-152.35356007798507
-0.001365750575850055,-157.67506389990953
-0.0014625792378523243,-163.10769708273864
-0.0015528167886472181,-167.92137013645763
-0.0016219045876925743,-171.44795931788948
-0.0016601720591091719,-173.34318088905934
-0.0016665213948880017,-173.62771477452196
-0.001647569199409803,-171.7324952267021
-0.0016113171283072276,-168.10728811644455
-0.0015676067393717227,-163.73624922289406
-0.0015228426263304304,-159.25983791876484
-0.001475960565912103,-154.5716318769321
-0.001419408822828392,-148.916457568561
-0.0013445480773916945,-141.43038302489123
-0.0012474825683052497,-131.72383211624677
-0.0011310639181166082,-120.08196709738262
-0.0010022948036322058,-107.20505564894238
-0.0008686603798340464,-93.84161326912643
-0.0007346939893735972,-80.44497422308152
-0.0005983440022200114,-66.80997550772295
-0.00045192468402566064,-52.16804368828787
-0.0002896487536549049,-35.940450651212295
-0.00011495627231401757,-18.47120251712356
6.438244966380834e-05,-0.5373303193409729
0.00024030224079996421,17.027775523924902
0.00041246572854743006,34.049891405301956
0.0005947233857212229,51.70535177074416
0.0007940660557178964,70.38012318683306
0.0009952720692080464,88.3578903946075
0.001180781028310648,104.01508911357294
0.001344472183496468,117.02070067589422
0.0014913941125150397,128.00928920208707
0.0016311346088050602,137.8425472342491
0.0017717269487193311,147.12173678515356
0.0019149694728500372,155.94559153820842
0.0020558930244084913,164.0165556962529
0.002185798873664642,170.93511066505803
0.0022967492804825775,176.4611740046079
0.0023848643754601846,180.60708274164017
0.0024505993022271052,183.56432150199416
0.002496175114424761,185.54832769741782
0.00252462590730138,186.75982703090432
0.002538611476634434,187.3478430497766
0.0025379382097771514,187.28051636404837
0.002520118056185948,185.49850100492802
0.0024842708259000296,181.9137779763362
0.0024385922199925397,177.34591738558717
0.002387919719300004,172.27866731633364
0.002329363178520867,166.4230132384199
0.002255990128284839,159.08570821481715
0.0021631385800114,149.80055338747317
0.0020472581737040253,138.21251275673572
0.00189873730792523,123.36042617885622
0.0017175380594068636,105.24050132701956
0.0015146950435450783,84.95619974084103
0.0013061944850513124,64.10614389146444
0.0011029045551371882,43.777150900052014
0.0009068424577266607,24.17094115899926
0.0007132791116661705,4.814606552950242
0.0005177032794821433,-14.716560112853761
0.0003274184778507682,-33.51446285551397
0.00015019116395767986,-50.64471590169091
-1.1018457454465162e-05,-65.76914054673385
-0.00015954963598565627,-79.22200433728446
-0.0003018263546874414,-91.60696858396872
-0.00044500340358416286,-103.52289339361893
-0.0005963596060517519,-115.47884638885112
-0.0007587643078635207,-127.53952576852141
-0.0009319732230542599,-139.5028418129356
-0.0011137248821963036,-151.052299554344
-0.0013024695023408303,-161.97494831027998
-0.0014976939547532051,-172.1650364585885
-0.0016989570158133808,-181.55476684706449
-0.001903890059876283,-190.03405409315354
-0.002105698683254909,-197.4074664077721
-0.0022951452703685272,-203.5299304714756
-0.0024624264331810073,-208.35458885095323
-0.00259706380475877,-211.87775619549944
-0.0026857816042166276,-214.03728361998998
-0.002720244095592812,-214.84328020947214
-0.0027008782303490145,-212.90669368509242
-0.002640647544688289,-206.88362511901988
-0.002563063464734306,-199.12521712362158
-0.0024915589751962806,-191.97476816981907
-0.002439610858967662,-186.77995654695718
-0.002400120964450362,-182.8309670952272
-0.0023499028504408875,-177.80915569427972
-0.0022657557283346074,-169.39444348365174
-0.0021392826820501505,-156.74713885520603
-0.001979605506363069,-140.77942128649786
-0.0018076832692457353,-123.58719757476452
-0.0016410052644082293,-106.91939709101393
-0.0014840829490358953,-91.22716555378052
-0.0013282973842169913,-75.64860907189012
-0.0011599290802534058,-58.81177867553156
-0.0009714536003912375,-39.96423068931474
-0.0007674397062157051,-19.5628412717615
-0.0005607256528878303,1.1080812024979265
-0.0003629324599232641,20.82212682479475
-0.00017861424902137967,38.932410007214244
-3.1209996494389182e-06,55.75743512600101
0.0001708152655456557,71.87790493211301
0.0003408482209685908,86.97965868426809
0.0005033205144655886,100.7133899182273
0.0006566426485094911,112.990674172294
0.0008001196726437137,123.84471848409156
0.0009316909678007625,133.24189409179397
0.0010491818280837942,141.1779635769846
0.0011516327840796932,147.74728888317065
0.001238622162563176,153.07042422102015
0.0013101707887095745,157.27526135024593
0.0013708204005236338,160.7185211762748
0.001439334392653416,164.47651959114248
0.0015259604598169417,169.0313936571585
0.0016250093462114356,173.97681063058744
0.001717348798764505,178.3421830197968
0.0017797677441219318,181.1630622220763
0.001791728048467883,181.69185902141172
0.0017422350181849852,176.74255599312195
0.001639279236257351,166.44697780035852
0.0015041908557205431,152.93813974667776
0.0013587459117156372,138.39364534618716
0.0012074668094782153,123.26573512244495
0.0010474062787159102,107.25968204621445
0.0008791263856190526,90.43169273652869
0.0007077764877843934,73.29670295306278
0.0005441340922374656,56.93246339837
0.00040142250060130213,42.661304234753636
0.00029963061806245696,32.48211598086912
0.0002401601844819997,26.535072622823392
0.00020040351213489608,22.559405388113035
0.00015199130948585898,17.718185123209324
7.914974522856074e-05,10.434028697479501
-2.0581289803132587e-05,0.46092519431016915
-0.00015974754987522273,-13.442214317513976
-0.0003308337170517751,-30.40543372776682
-0.0005088779808724512,-47.74333313220407
-0.0006682978082870974,-62.856854263938715
-0.0008007475301567699,-75.03631633675816
-0.0009141084258881653,-85.1441395073384
-0.0010180919578883236,-94.13267290874377
-0.0011210294380582765,-102.74459701201141
-0.001222815868591775,-110.9652785804221
-0.0013096856515239915,-117.74040793830221
-0.001347262627807569,-120.60083225665944
-0.0013179217015705667,-117.6667396329592
-0.0012398503035292825,-109.85959982883078
-0.001160787530726557,-101.95332254855823
-0.001137887543186219,-99.66332379452446
-0.0011981889672836486,-104.63711040321083
-0.0013257383633741649,-114.8122548636697
-0.0014686621040026486,-125.63642344846774
-0.0015455500617863552,-131.2004262912096
-0.0015124236930189215,-127.88778941446621
-0.0013875060213198302,-115.39602224455709
-0.001244438162849286,-101.08923639750267
-0.0011839845351153812,-95.04387362411218
-0.0012419947490847761,-99.92517391374628
-0.0013679196216455766,-110.19578816194044
-0.0014645583687696478,-117.76402592240227
-0.0014569920129268092,-117.0073903381184
-0.0013299367318888818,-104.30186223432565
-0.0011371873692183814,-85.02692596727562
-0.00096096808275791,-67.40499732122848
-0.000846769600789936,-55.985149124431075
-0.0007837592096872111,-49.68411001415859
-0.000710921447520228,-42.40033379746028
-0.0005632200471062589,-27.63019375606336
-0.00032002608451827823,-3.3107974972652943
-1.1657398553620608e-05,27.39768662978933
0.00029729594396518097,57.272431656827365
0.0005453833569557553,80.02918570536963
0.0007002631857500998,93.50197964269925
0.0007697357958397991,99.33891349925301
0.0007873382649444475,100.79659141516714
0.0007901575320770076,101.02924812155396
0.0008031257118004172,102.0965383999475
0.0008344565136392821,104.65533549939897
0.0009002108832882738,109.93332827086451
0.0009972331842207516,117.48793918386977
0.0011044714867175026,125.50670164765874
0.0011989742701612885,132.2795313387997
0.0012657286815942166,136.89633991199474
0.0013067518483783796,139.66460492006524
0.0013343760878558272,141.49912999818045
0.001353369247398927,142.7466669093726
0.0013277048194402434,140.18022411350424
0.0012326714607121716,130.67688824069705
0.0010790124486113799,115.31098703061788
0.0009124202354125468,98.65176571073457
0.0008065192915007531,88.06167131955522
0.0008001983552442316,87.42957769390306
0.0008785886693287128,94.16837232655224
0.0009924376935290336,103.65831961012542
0.0010965573494133138,112.01419156554827
0.0011696978089403892,117.69254442536993
0.0012169265743564982,121.2735083063849
0.001255899845517727,124.1772872358771
0.001293026663904677,126.90009015876366
0.0013096990078561817,128.10896426728735
0.0012558959182833028,122.72865530999944
0.0010939054671068476,106.52961019235393
0.0008298094622984093,80.12000971151011
0.0005146205013271766,48.601113614386826
0.00021783306010147427,18.92236949181659
-4.757387273212657e-06,-3.335938322847566
-0.00013351159794239832,-16.187187618651908
-0.00019193595584493926,-21.99295777062207
-0.0002269526863906804,-25.46094812881686
-0.00027758043686222,-30.456122106802294
-0.00034418130279831864,-36.98692255711007
-0.0004088505069976293,-43.27641514509077
-0.0004559429562717709,-47.819560874470746
-0.0004840058683999634,-50.510649372312194
-0.0005051023282781776,-52.525240836819165
-0.0005374631148108558,-55.60076319674491
-0.0005942172206430574,-60.9489656985612
-0.0006729054567272,-68.26026107265206
-0.0007559915624501317,-75.83728083085401
-0.0008245491866130547,-81.96988130638164
-0.0008776159977468014,-86.63809187393858
-0.0009206955510891927,-90.37508855444365
-0.0009586555483917977,-93.62768526911586
-0.0009941836070601106,-96.63688214734599
-0.001029146801731481,-99.56450780509272
-0.0010647622322392154,-102.51172596620617
-0.00110284321856344,-105.62321181937826
-0.001145561160596485,-109.0638742005643
-0.0011943203397796786,-112.9258689690898
-0.0012423573285630198,-116.66161658471435
-0.0012691888948152374,-118.7180842308399
-0.001256147831169001,-117.41397786621627
-0.0012006717423410345,-111.86636898341962
-0.0011109327466027263,-102.8924694095888
-0.0009980584876714143,-91.6050435164576
-0.0008690951094189133,-78.70870569120748
-0.0007147433714437751,-63.27353189369367
-0.0005364285903352687,-45.442053782843026
-0.00035398202707795525,-27.19739745711168
-0.00020008395806407164,-11.807590555723323
-0.00011270465764404019,-3.069660513720177
-9.704893521654696e-05,-1.5040882709708538
-0.00011845027887810628,-3.64401369451349
-0.00012656656565399963,-4.455443585498945
-9.089079682155253e-05,-0.8878667022542357
-1.1494722082825918e-05,7.049548616917687
8.946421239146091e-05,17.11796504969647
0.00017827591824074202,25.926837118180767
0.0002289954079102105,30.92797450947049
0.00024236347045543055,32.241840879872505
0.00024673265405170754,32.67084681918454
0.0002803617887404509,35.965677157135524
0.00037306259411298067,44.97442492056372
0.0005207292825862238,59.053801055446506
0.0006858684684686203,74.30986559985503
0.0008225481479150826,86.47219542202205
0.0009041844662709651,93.51263362098285
0.0009350690869295054,96.12999170573687
0.0009456896661160187,97.0240482728291
0.0009725661421146736,99.27267056843472
0.0010381143000794096,104.67191150033297
0.001140336441585124,112.84510070020885
0.0012573610519714556,121.82041863693846
0.0013553442661348324,129.01410858396662
0.0013926497103251203,131.67498801812576
0.001352522321634861,127.66224914909981
0.0012522339497932178,117.63341196493549
0.0011344247797624991,105.85249496186363
0.0010385151459553644,96.26153158115015
0.0009822615536483846,90.63617235045217
0.0009584620161253155,88.25621859814525
0.0009425299561998105,86.66301260559476
0.0009125147429870159,83.66149128431529
0.0008649441313926354,78.90443012487724
0.000825121461480494,74.9221631336631
0.0008171061155333229,74.12062853894598
0.000842782721047795,76.44342855561332
0.0008783329058532404,79.63411850719423
0.0008798167444329898,79.76664458169189
0.0008164069283304631,73.42566297143921
0.0006874957527961066,60.53454541800356
0.0005208505346829004,43.870023606682935
0.0003535394529855531,27.13891543694821
0.0002077063919886481,12.555609337257712
8.096771444720791e-05,-0.11825345869769542
-4.3620508466109826e-05,-12.565166117252593
-0.00016699926934090405,-24.825359146255245
-0.00028763538913447156,-36.69004406977816
-0.0004059587810059418,-48.15526685627921
-0.0005200079894631676,-58.99891659148813
-0.0006247181217113859,-68.74020935472562
-0.0007211557687600698,-77.50511024510133
-0.0008318020187318386,-87.29094391896027
-0.000972972713326166,-99.31796338636198
-0.0011448985364802158,-113.21342523818417
-0.001333795101670735,-127.46732249552764
-0.001522134970538577,-140.5836674110642
-0.0016943834752443524,-151.61254078971336
-0.0018378738222498195,-160.1028267716577
-0.0019431458026829625,-165.93760367962477
-0.0019964237928657017,-168.76624887365577
-0.001989261772591521,-168.05004684623773
-0.0019248522019636098,-161.60908978344662
-0.0018241921662395784,-151.54308621104343
-0.0017191274364654805,-141.03661323363363
-0.0016396374081916016,-133.08761040624577
-0.0016072413970467994,-129.84800929176558
-0.00162320710349107,-130.9915179559947
-0.0016732853266320038,-134.5268902518106
-0.0017358421022508257,-138.83348777194553
-0.0017908253406519895,-142.51791361930745
-0.0018266496189946863,-144.86779074105087
-0.0018391053442014097,-145.67545693587405
-0.0018267499276994575,-144.43991528567884
-0.0017783386311777704,-139.59878563351012
-0.0016909786698785481,-130.86278950358786
-0.0015766622784947541,-119.43115036520848
-0.0014547083798207372,-107.2357604978068
-0.0013410611422492171,-95.87103674065477
-0.0012445899233018008,-86.22391484591316
-0.0011749326737897177,-79.25818989470481
-0.0011268384605405283,-74.44876856978588
-0.0010824634910768021,-70.01127162341328
-0.001022637732435612,-64.02869575929427
-0.000938558014452605,-55.62072396099356
-0.0008308352063697982,-44.84844315271289
-0.0006963555575292377,-31.400478268656833
-0.0005386776528040093,-15.632687796133993
-0.00036595774301443576,1.6389150692678802
-0.00018715495269523355,19.469391850372325
-7.849398633146382e-06,37.127806235918854
0.00016963005639069532,54.20826034611857
0.0003417571994486901,70.24290261652891
0.0004987834891859449,84.30633455049633
0.0006142359979305879,94.25422260742522
0.0006702560283710591,98.95228706007578
0.0006681989994830576,98.74658417127563
0.000629159815553003,94.84266577827017
0.000584884170781164,90.41510130108627
0.0005630700916545159,88.23369338842146
0.0005771895421856117,89.45272861010451
0.0006270569792628628,93.71595633680552
0.0007141307530715461,100.99772217795349
0.0008303089824363435,110.37868749478558
0.0009587774095469447,120.28790838355638
0.0010800517820159913,129.18097652277183
0.0011774714460104393,135.99473454899635
0.0012409373264987969,140.27454663687945
0.0012665035150159134,141.96310580434002
0.001252278574483995,140.54061175114816
0.0011903436985756717,134.34712416031584
0.0010852048418962148,123.83323849237016
0.0009558054949855647,110.89330380130514
0.0008267180956465143,97.9845638674001
0.0007163912952617709,86.95188382892577
0.0006285042815064204,78.1631824533907
0.0005527847570384442,70.5912300065931
0.00047441642445272944,62.75439674802162
0.00038991068521817955,54.30382282456663
0.0002990499167028035,45.217745973029025
0.00020120115378846368,35.432869681595044
9.3755600566473e-05,24.688314359395978
-2.626196486856085e-05,12.68655781589259
-0.0001608482618575028,-0.7720684993151844
-0.00031030143461623815,-15.697424128944588
-0.0004696142198651054,-31.478808266620568
-0.0006301410239298657,-47.115919392954645
-0.0007850286276400749,-61.83500722333236
-0.0009388285643921087,-75.99152913112523
-0.0010944175274494137,-89.7599384636684
-0.001246849097095789,-102.64028277533222
-0.0013889781709491447,-114.06047550676341
-0.0015174120253528074,-123.86442984556257
-0.001631234640143662,-132.131215905186
-0.001723339907086769,-138.52633367475795
-0.001794098173698266,-143.2596047447348
-0.0018523024607327789,-147.03616232049157
-0.0019093677957752616,-150.63671015100647
-0.001970882020991672,-154.4053697008372
-0.002034981389571779,-158.2091168485148
-0.002094008634980208,-161.60171814354544
-0.0021381388702328952,-164.06986115817008
-0.0021609948175868718,-165.3254207694826
-0.002161817665073283,-165.27546728013647
-0.002147162544314511,-163.8099552042593
-0.002127061440893199,-161.79984486212808
-0.0021078107802928524,-159.87477880209343
-0.002087322892987293,-157.82599007153752
-0.002055212889557119,-154.61498972852013
-0.0019990352322996354,-148.99722400277176
-0.0019105321112157455,-140.14691189438278
-0.0017895476489103398,-128.0484656638422
-0.0016430113236069342,-113.39483313350163
-0.0014797902534914372,-97.07272612195193
-0.0013062906948564806,-79.72277025845626
-0.0011241310911862972,-61.506809891437925
-0.0009350727227929961,-42.60097305210782
-0.0007371044602193037,-22.80414679473857
-0.0005262141799275766,-1.715118765565869
-0.00030105233844260055,20.738045673475913
-6.432057199804217e-05,43.931141426509434
0.00017721141830100788,66.73963621910634
0.00041735318840622186,88.19662977681845
0.0006554335611361179,107.99224743453618
0.000901266221352641,126.69650766464895
0.001164899157978194,144.6847723623601
0.0014508119963353564,161.76379440068226
0.0017525563040007364,177.1673268022939
0.0020425926116661506,189.64761265605816
0.0022999928516708604,199.0227363620087
0.002518658875827881,205.8788714022618
0.002703759392940415,210.97834487469683
0.002861740671548605,214.87402660595427
0.0029983674761987645,217.9364574138882
0.0031166676517185503,220.37809305053884
0.003218285205309205,222.33172717556945
0.0033075181018756145,223.94523883852784
0.003389685095804791,225.3518020662897
0.0034712345065268245,226.67707023061323
0.0035589582043393147,228.02859150484574
0.0036654117708006034,229.57217029524264
0.003791116976254899,231.26886167443172
0.003917221443881126,232.8454082500044
0.004010267971622937,233.93472614376392
0.004031195658328573,234.1715935220405
0.003944960517886366,225.5480794778198
0.0037371460478719796,204.76663247638118
0.0034359413814996015,174.64616583914338
0.003100223420651006,141.07436975428385
0.0027848498933882534,109.53701702800859
0.002511143168644981,82.16634455368137
0.002263100372261629,57.36206491534616
0.0020115908417991037,32.211111869093614
0.0017288783245843948,3.939991952632763
0.0014076386165577772,-27.975067100921
0.001065464750816803,-60.70957803199192
0.0007324603638647893,-90.28401390455687
0.0004309540305529224,-114.50100552006622
0.00016241739016027826,-133.76488219489883
-9.162480868110132e-05,-149.9264944418273
-0.00036310255276843066,-165.02750048835713
-0.0006779866008346441,-179.91159601528858
-0.0010468237712061978,-194.14121580899004
-0.0014666334426845012,-206.80021616154403
-0.0019268609359066441,-217.2612255642089
-0.002413114060101379,-225.4196946994866
-0.0029038272545833174,-231.5022791708752
-0.003381198282170911,-235.9771915174889
-0.0038327356032460086,-239.30433950235297
-0.0042507366613405645,-241.83607378642876
-0.004629737164384404,-243.80653940485573
-0.004966250504517283,-245.3660504887838
-0.005260589928370771,-246.61910846275856
-0.005514406972112337,-247.63451914392436
-0.005730273627498016,-248.4596958965815
-0.0059139239992984415,-249.13853357675038
-0.00608051467604761,-249.73855270460336
-0.00623735418967805,-250.29154623967523
-0.006373493939783979,-250.7633161731051
-0.006462605170287323,-251.06838869319526
-0.00646883808358399,-251.08962364173877
-0.006360671820942927,-240.27299737763252
-0.006137709840157139,-217.97679929905368
-0.005840456647819534,-188.25148006529318
-0.005528006463991635,-157.00646168250333
-0.005241733063066248,-128.37912158996454
-0.004981345237795807,-102.34033906292048
-0.004721379004504486,-76.34371573378833
-0.004444478159227823,-48.65363120612203
-0.00414416791458716,-18.622606742055773
-0.003828469436827287,12.859506595235004
-0.003511175362165321,43.660838778211264
-0.00319339874326325,72.72273691968445
-0.0028772178250442695,99.14555676929027
-0.002574969616607031,121.6701377438266
-0.002291728453987842,140.21093488082863
-0.0020166368346039827,155.86526064785474
-0.0017286223102280234,169.90921818404072
-0.001402774496494373,183.17877594840866
-0.0010246536446146016,195.56905538327266
-0.0006004922717366685,206.32861103961162
-0.00014542321102328806,215.02404369836864
0.0003238518787646071,221.7185581321448
0.0007940700043273667,226.77829797442632
0.0012573759860167687,230.63489682100754
0.0017097632528093672,233.649303527504
0.0021495892195950743,236.08498751901996
0.00257758303077029,238.1276752993147
0.0030010909374086005,239.92561841467307
0.003425970460116415,241.57220490680302
0.003853647731262413,243.11781828084727
0.0042796288967876985,244.579012232401
0.004692436893131778,245.9425655536559
0.005072688969737714,247.16605026832062
0.005388255535862408,248.16403344440238
0.005602208113309237,248.83372153485323
0.005679092581279542,249.07322199922174
0.005593837795202561,240.54774339152368
0.005361481374253556,217.31210129662313
0.005054153872210126,186.57935109228012
0.0047617546490667725,157.33942877794482
0.004542969689020237,135.46093277329123
0.004404716940990712,121.63565797033876
0.004300556616751511,111.21962554641863
0.004164807551193081,97.64471899057568
0.003954059600616207,76.56992393288829
0.0036710344864920954,48.2674125204771
0.003356939775406709,16.857941411938466
0.003062634467258521,-12.511154880605385
0.002816796273761016,-36.580679996568314
0.0026069246617792573,-56.425960375518365
0.0023990573789075477,-75.18720630580184
0.0021627773272079077,-95.19080297087707
0.001888295223998934,-116.41818690497382
0.0015862359887196319,-137.10504708711164
0.0012760900922173378,-155.4141134847123
0.0009748494629927478,-170.49318660133156
0.0006921260769807834,-182.43453257574927
0.0004345356811105241,-191.6572071710592
0.0002023453436270496,-198.780280429146
-8.16238728844969e-06,-204.38276951404092
-0.00020143156755710826,-208.896751190106
-0.0003814876309973363,-212.62349821945404
-0.0005517456773937001,-215.7713448473687
-0.0007174822480850083,-218.52389042282155
-0.0008846232111193428,-221.0233402652339
-0.0010579054460055097,-223.3553761483494
-0.0012383841705981857,-225.53753168561104
-0.0014199861896128534,-227.51114114076205
-0.001588474882048934,-229.16821077456845
-0.0017211758912444055,-230.3692482603031
-0.0017897225399721248,-230.9570426346478
-0.001767069244943336,-228.6917131317689
-0.0016454070464475472,-216.52549328219
-0.001461895392701733,-198.1743279076086
-0.0012704412094838697,-179.02890958582228
-0.0011106039281240513,-163.04518144984044
-0.0009893722464257933,-150.92201328001465
-0.0008851506668724375,-140.4998553246791
-0.0007642141189191484,-128.40620052935017
-0.0006024100633979521,-112.22579497723055
-0.0003956583437667528,-91.55062301411063
-0.00015433088715480334,-67.41787735291568
9.993518522700975e-05,-41.99127011473437
0.0003452241550051978,-17.46237313691556
0.0005718475162322703,5.1991377527418345
0.0007895123418667078,26.874261419123254
0.001009757458590935,48.39925625797259
0.0012359923996563566,69.74154253142137
0.0014595152609535407,89.76949460008002
0.001667165489443254,107.23032509458882
0.0018474382235243146,121.38989854575514
0.0019939622751021196,132.17466653336498
0.0021098508472707275,140.23354084706176
0.0022034661737675197,146.43781224046225
0.0022816972019525103,151.4134124712302
0.002335286172645924,154.7125272678638
0.0023589855246900658,156.14339008631293
0.002359592330375151,156.1104886267222
0.0023586213826858027,155.93946482345405
0.002396890861549701,158.21791645514773
0.002497629187688486,164.00346256731947
0.0026536307448983424,172.36877731117468
0.002835332679898709,181.23727340480053
0.0030097773281773867,188.91497421508194
0.0031465053244859975,194.39599821760652
0.003209674785374262,196.77761091953147
0.0031830836912274266,194.11850150484793
0.003078654875713263,183.67561995343158
0.002935136023948908,169.3237347769961
0.0027917152071024213,154.98165309234744
0.0026646213164161245,142.27226402371775
0.002545164013028763,130.3265336849816
0.0024134216572596,117.15229810806528
0.002272379437392572,103.0480761213625
0.0021297359087576327,88.78372325786859
0.0019888716240683787,74.69729478894318
0.0018474567066766208,60.555803049767384
0.0016982382502267353,45.633957404778826
0.0015286363724612486,28.673769628230154
0.001314180901421891,7.228222524294398
0.001049143025297731,-19.206706265166765
0.000752539513800028,-48.12262718852853
0.0004572155864360226,-75.4636734400612
0.00019267616165572946,-98.2146912194059
-3.411875605399024e-05,-116.16296987926955
-0.000235141733317403,-130.7715437110438
-0.00042867832136944575,-143.64945827420084
-0.000620955113248512,-155.29535056019728
-0.0008038698046626766,-165.33977404472162
-0.0009595614746888873,-173.12708640994217
-0.001070077923690218,-178.24872753942364
-0.001130676413140039,-180.919425014921
-0.0011499980133260867,-181.7509814201359
-0.0011448283935536197,-181.2340194428892
-0.0011405469959862012,-180.80587968614736
-0.0011610011140342279,-181.68774276870735
-0.0012201000563331812,-184.17598687489576
-0.001315848090023413,-188.02351550893462
-0.0014327350427686273,-192.4248937108988
-0.0015473733410500882,-196.4421789959916
-0.0016314273854565913,-199.20919240866536
-0.001658464616278244,-200.06841008273207
-0.0016147736772448593,-195.6993161793936
-0.0015211376293906903,-186.33571139397674
-0.0014107337307946123,-175.2953215343689
-0.0013075506559220872,-164.9770140471164
-0.0012167356853177626,-155.89551698668393
-0.0011280546952140774,-147.02741797631543
-0.001024954672705408,-136.71741572544852
-0.0008960215885177151,-123.82410730667924
-0.0007386331277812108,-108.08526123302879
-0.0005552689051165811,-89.74883896656583
-0.0003516067480799446,-69.38262326290219
-0.0001325044179217367,-47.47239024708139
0.00010171235231420317,-24.050713223487406
0.0003625884392162797,2.0368249817305037
0.0006466490916129548,30.300552170788773
0.0009302357508874032,57.73963059681615
0.0011812076943941634,80.83681990490241
0.0013788250315537234,97.98143665755333
0.001518549565948578,109.465821055827
0.0016039220440704329,116.20494044556281
0.0016489743367190078,119.67367462666165
0.0016680986638409742,121.12758508250259
0.0016792509194384624,121.97029661898407
0.0017075986839334054,124.09529716123772
0.0017551703636432753,127.60599494299866
0.0017768893410041932,129.18562840755598
0.0017446711730123043,125.96381160836705
0.0016927559827305421,120.77229258019084
0.0016750527803789967,119.0019723450363
0.00172134344050111,122.51641560813378
0.0018269541026566798,130.28905541083074
0.0019598351252717314,139.57782770975564
0.0020780057700651756,147.3759867265734
0.0021513972819548447,152.00065789517245
0.002172153665836083,153.27840178220438
0.0021541484967859286,151.47788487718896
0.002124757864938322,148.5388216924283
0.002115871622005573,147.65019739915337
0.002134512757908804,148.83913370132385
0.002159432213940335,150.41167557681436
0.0021533279623313106,149.80125041591194
0.0020848313453279022,142.9515887155711
0.0019472516101592396,129.19361519870483
0.0017602925036879098,110.49770455157187
0.0015607467255830064,90.54312674108152
0.0013808652844080392,72.55498262358479
0.0012284583997902107,57.31429416180193
0.0010759811480605644,42.06656898883731
0.0008964280778223147,24.11126196501234
0.0006881538484076904,3.28383902354992
0.00047690947828213717,-17.796532442220844
0.00029870933244319616,-35.361534923946564
0.00018080616428621502,-46.778868765293005
0.00012802664411783903,-51.8213902038162
0.0001240559810507711,-52.198845728757995
0.00014318469772853646,-50.28597406098145
0.0001637033998498084,-48.234103848854254
0.00017874962986513538,-46.729480847321554
0.0001928504791749705,-45.31939591633804
0.00021319394755107791,-43.2850490787273
0.0002426647562675093,-40.33796820708417
0.00028328674912040703,-36.275768921794395
0.00032336047798410756,-32.26839603542433
0.00034158815125056165,-30.445628708778923
0.00032099246568931234,-32.46615780700585
0.0002595689306922807,-38.462237681449466
0.00017256785032236392,-46.867640334993176
8.35439588272103e-05,-55.3442103925164
8.135418525769674e-06,-62.411765769124074
-6.252020514435524e-05,-68.92977806985208
-0.00014295753219183282,-76.21673426749251
-0.00023975327225475806,-84.7820561269218
-0.0003466428073280052,-93.96259187016223
-0.0004484496368684065,-102.41770857127891
-0.0005227079291560256,-108.39879315152716
-0.0005405918178080675,-109.81517565634107
-0.0004869899616369134,-104.45499003922566
-0.00036892285179438805,-92.64827905497313
-0.00021370923915435007,-77.12691779096933
-5.404718481166499e-05,-61.16071235670083
8.995326800486367e-05,-46.76066707504796
0.00021723852750460637,-34.0321411250737
0.00033818200062012214,-21.937793813522116
0.00045892584159746154,-9.863409715788178
0.0005747596637272374,1.7199724971894117
0.0006695788169370662,11.197085984894004
0.000726204272451831,16.84487765296427
0.0007363475821111793,17.85501420276244
0.0007084527748494817,15.065533476592684
0.0006666571076620703,10.885966757851543
0.0006335402647841842,7.574282470062933
0.0006167276136635894,5.893017358003454
0.0006115191845312319,5.372174444767705
0.0006154966669970381,5.769822993508723
0.0006223823572663585,6.458166988901739
0.000624040876170797,6.623953742860315
0.0006154849835618418,5.7683644819647935
0.0005940830666662317,3.628172792403783
0.0005675679475107707,0.9766650689328309
0.0005517689934900863,-0.6031614578992401
0.0005627293458301735,0.49287377610947886
0.0006133964891284994,5.55928108820647
0.0006945325946439996,13.663592635829382
0.0007672853219302087,20.908492443576165
0.0008009388523739752,24.249014932654205
0.0007931559561833231,23.470725313588993
0.0007688032485124979,21.03545454650647
0.0007592663159766361,20.081761292920294
0.0007826389079317543,22.40393027941731
0.0008341370785572476,27.506509850937086
0.0008855227929003471,32.575150052172134
0.0009035601394105183,34.348128205842
0.0008721678659575266,31.208900860542833
0.0008149273065263592,25.484844917426095
0.0007637566836213676,20.367782626926935
0.0007341463266891338,17.406746933703555
0.0007166796869302651,15.66008295781668
0.0006722577634673703,11.2178906115272
0.0005775103705371617,1.743151318506339
0.00044491380872283286,-11.50339475576125
0.0003104580007111076,-24.855255802947863
0.0002068393734358677,-35.039485982890774
0.00014917047413815697,-40.6532212143981
0.00014204138254935174,-41.344103557498826
0.00016679587274491257,-38.86865453794274
0.00019442601165617243,-36.10564064681676
0.00020669838522861147,-34.87840328957285
0.0002101555166183982,-34.53269015059418
0.0002254601487290674,-33.002226939527255
0.0002602337705278807,-29.524864759645926
0.00031308343052186205,-24.23989876024779
0.0003730370789334326,-18.24453391909074
0.0004225379443198925,-13.294447380444748
0.0004435730501758885,-11.190936794845145
0.00042818750627411086,-12.724613907188882
0.00038358135027004905,-17.16413547886244
0.0003284748572727392,-22.6309554750258
0.00028428142096195404,-26.99751047300266
0.0002656375345859713,-28.83417603391474
0.00027558246235556027,-27.83968325695584
0.0003052044116800183,-24.87748832451004
0.00033924348435908,-21.47358105660387
0.000366669691284175,-18.730960364094372
0.0003914820521454073,-16.24972427797114
0.00042003419130209245,-13.39451036230263
0.0004534122532111228,-10.056704171399595
0.00048701532603506433,-6.696396889005443
0.0005151303236824325,-3.884897124268629
0.0005326318682237804,-2.1347426701338343
0.0005313136668498678,-2.2665286124104993
0.0005142303524399755,-3.97417718944665
0.0004947232929904405,-5.923406699448087
0.0004890821917292687,-6.486917682008935
0.0005066548224378017,-4.729654611155634
0.0005437079916008142,-1.0243376948543845
0.000587664108892644,3.3712399343269652
0.0006251065545992786,7.11462057182653
0.0006572852658176317,10.329768078446522
0.0006875566250254154,13.351607938497668
0.0007143167639474851,16.019970028052068
0.0007330383084368523,17.884754246469825
0.0007390161011958074,18.47978822913582
0.0007292176900141613,17.49994711097121
0.0006977472101191689,14.352899121471973
0.0006479814136290796,9.376319472463043
0.0005931862591105173,3.896804020606814
0.0005500552925900156,-0.41623739147749406
0.0005357551475030757,-1.8460517635375515
0.0005500050775303313,-0.42105876081198607
0.0005749266456863315,2.071097158316247
0.0005889783197948833,3.476233941746741
0.000582280789202852,2.8064808825436103
0.0005608077332444934,0.659182029913681
0.0005347690479056823,-1.9444167235634142
0.0005195188825967937,-3.4689236238947987
0.0005263896643195673,-2.7818454516174382
0.0005565978946682083,0.23897758324665985
0.0006043292002830417,5.011916875920007
0.0006542729176392203,10.00327426311328
0.0006905414918612586,13.623800615644871
0.0007066085911142114,15.226109528283613
0.0007116591077587115,15.729541110562186
0.0007207163427525086,16.632054246060527
0.0007368502202931505,18.238684765896245
0.0007589011895393579,20.43217420896464
0.0007821123729660424,22.73775872536926
0.0008001254326135333,24.524408142253634
0.0008041950612382562,24.927722620201074
0.0007889857913106971,23.40679562744516
0.0007569418680985397,20.202403306229424
0.0007150847107833208,16.016687574707536
0.0006733620119095229,11.844417687327743
0.0006435625074534451,8.864467241719966
0.0006453602916766064,9.04408618387604
0.0006836941446914155,12.871848246443667
0.0007421953801561928,18.702077541853168
0.000795455902193568,23.993163828542738
0.0008245824925788613,26.87804666121222
0.0008219013987041986,26.609937273745945
0.0007841526253217086,22.835059935496943
0.0007204378616052834,16.463583563854428
0.000647097500534972,9.129547456823287
0.0005777173663626875,2.19153403959484
0.0005151245839008344,-4.0666541273498895
0.0004539611427127957,-10.174582702072305
0.00038807917107565017,-16.736688881453883
0.00031616582672721406,-23.868451896418797
0.0002447786392698155,-30.904281154680135
0.00018654927969397197,-36.602922619863065
0.00015882382359763139,-39.30159645986445
0.00016550734083346484,-38.63324473628111
0.00019202964842329802,-35.98101397729779
0.00021324971723051808,-33.85900709657579
0.00020746380465948305,-34.42500822835669
0.0001676458397269691,-38.308989423043506
0.00010297474724585759,-44.57190103218889
3.0403978398338618e-05,-51.52438619698805
-4.162195664311266e-05,-58.33555429012972
-0.0001086196614694409,-64.58277879647959
-0.0001675397963024182,-70.00023843066977
-0.00021700501482186947,-74.4893551708378
-0.0002563992302192099,-78.02407637160378
-0.0002866172267279285,-80.71028568791061
-0.00031027283870773965,-82.79750203628831
-0.00032777222520540916,-84.3325354377578
-0.0003313348889624492,-84.64410186114
-0.0003170642044307476,-83.21703340796984
-0.00028886358122412736,-80.3969710873078
-0.0002575383773984517,-77.26445070474024
-0.00023609494278129396,-75.12010724302446
-0.0002280609544700955,-74.31670841190463
-0.00022141263652628964,-73.65187661752405
-0.0002012342824777509,-71.63404121267017
-0.00016125505362381132,-67.63611832727621
-0.00010994319360917572,-62.50493232581265
-7.530300081904316e-05,-59.040913046799396
-7.344129646557613e-05,-58.8547426114527
-9.61353321925918e-05,-60.97875764692096
-0.00011771467450797374,-62.98901988053109
-0.00011282146961980394,-62.4996993917141
-7.210140329866388e-05,-58.427692759600106
-6.7393826409736355e-06,-51.89149069383108
6.30416647118311e-05,-44.913385958550606
0.00013484969681387067,-37.73258274834665
0.00021004241309067855,-30.213311120665868
0.00028859760485584144,-22.35779194414958
0.0003694268641177154,-14.274866017962182
0.000450358308537493,-6.181721575984423
0.0005301938534311984,1.8018318448083743
0.0006080452464244788,9.584079546254442
0.0006776077345357301,16.524356113369123
0.0007170203215170758,20.446466876482116
0.0007166378698066665,20.40822170544118
0.0006942603128601074,18.17046601078527
0.0006754316319952038,16.287597924294907
0.0006762369365960039,16.36783203206984
0.0006979210819881617,18.52699431814324
0.0007319691250851506,21.9117257718149
0.0007672208235322932,25.40775144516659
0.0007959118288603789,28.245871845655326
0.0008213694660556183,30.7580263013352
0.0008550895327309395,34.07572004850694
0.0009058175588977538,39.043310266930206
0.0009701797545340128,45.29972221555485
0.0010345057869074845,51.49343805357525
0.0010837315155321446,56.188450932344516
0.0011082361738563135,58.510014565237256
0.0011088461654333867,58.56766736743766
0.0010944818954835788,57.13124037245686
0.0010725022166485933,54.933272488958316
0.0010504773071746264,52.730781541561626
0.00103331266550344,51.014317374442996
0.0010226161397052915,49.94466479462813
0.0010206610127123147,49.74915209533045
0.0010220027173112164,49.87804570032416
0.0010158092293423534,49.25869690343785
0.0009907030175313578,46.748075722338285
0.0009429802812556487,41.975802094767374
0.0008770939598440801,35.38716995361052
0.0008025281749385155,27.930591463054064
0.000729656692979053,20.64344326710781
0.0006642289719838123,14.100671167583739
0.0006038795903587474,8.06573300507725
0.0005341739086975051,1.0951702204875386
0.00044654930964287023,-7.6627745173470485
0.0003457226073675361,-17.709061177080404
0.00024793501126654804,-27.389790172060362
0.0001747532780622598,-34.575746670364204
0.00013515584295529422,-38.43799609406679
0.00012049430766839384,-39.86290846160389
0.00011060781695278074,-40.82210091203445
8.783847210204155e-05,-43.02597375449027
4.6391222559449735e-05,-47.01805117640923
-4.773857610125371e-06,-51.90851609997228
-5.070826685555138e-05,-56.260754831258794
-8.178242970091971e-05,-59.183091820505396
-9.925095112160473e-05,-60.81778868429488
-0.00011471190569047919,-62.259609763230344
-0.0001423286308391463,-64.82302287109492
-0.0001909474593747879,-69.2971100026087
-0.0002576101575827314,-75.34705311073579
-0.0003279253067655902,-81.61595935718238
-0.0003873993291416444,-86.82309519249031
-0.0004335728501715519,-90.8029238448452
-0.0004657695416598888,-93.54458567662527
-0.0004706560940380463,-93.93176601817045
-0.00044222893561646654,-91.08905017601245
-0.0003906300170191859,-85.92915831628439
-0.0003328558524250876,-80.15174185687457
-0.0002795823063151096,-74.82438724587676
-0.0002343017666007469,-70.29633327444049
-0.00020315874406112786,-67.18203102047859
-0.0001801512499479935,-64.88128160916516
-0.00014958951695427978,-61.825108309793784
-9.6878863713318e-05,-56.55404298569761
-2.0384964465106042e-05,-48.90465306087641
6.991627898493197e-05,-39.874528715872614
0.0001603286679828506,-30.833289816080754
0.0002408282652010079,-22.783330094265022
0.0003115832007968215,-15.707836534683658
0.0003820840135824995,-8.657755256115859
0.00046757901818388824,-0.1082547959769841
0.0005746574212217863,10.59531581708793
0.0006947170644549682,22.552324040338032
0.0008092477415600601,33.86440394287918
0.0009000586079331028,42.73568969942218
0.0009589455172708535,48.430006095494065
0.0009915679626137219,51.56212926029152
0.0010116540353847442,53.482096190652165
0.0010341916985809605,55.62833292199505
0.0010656338634806156,58.60770329666052
0.001103193918331754,62.1430806942876
0.0011353752377862225,65.15066463294653
0.0011443550603495807,65.98622971933179
0.001124561305103051,64.00685419467882
0.001086785329078207,60.229256592194425
0.0010508210102139319,56.63282470576691
0.0010302885582246482,54.57957950683854
0.0010256873245446775,54.11945613884147
0.0010249796113402038,54.0486848183941
0.0010115699596748781,52.707719651861524
0.0009763060749958156,49.18133118395527
0.0009232921340200866,43.879937086382384
0.0008729127742437194,38.842001108745656
0.0008415789572801786,35.708619412391585
0.0008299668217866216,34.547405863035884
0.0008229656887707295,33.84729256144667
0.0007977466220027284,31.32538588464656
0.000740894537856088,25.640177469982522
0.0006597189985257634,17.52262353695006
0.000564962573797281,8.046981064101821
0.0004472384867294734,-3.7245210702609026
0.0003025578377039797,-18.150408639005303
0.00014990540706405798,-33.21957362750021
8.95747295486322e-06,-46.898307888117834
-0.00011440559560955377,-58.617508000857555
-0.00022612559356256833,-68.98199659533645
-0.00033509487771507795,-78.82996423053052
-0.00044623516229801965,-88.57931965234384
-0.0005580236727512959,-98.05994557870513
-0.0006611911372700482,-106.50136794999587
-0.0007441564768158535,-113.06587589288176
-0.0008007279111352133,-117.42442729619495
-0.0008350881353549215,-120.02446592831858
-0.0008595625186080016,-121.85448797417872
-0.0008881027029831262,-123.96533028340949
-0.0009291434091611401,-126.95673354640775
-0.0009796764803505146,-130.56839827179206
-0.0010296633170251918,-134.06292327675234
-0.001067853969043068,-136.68031512698033
-0.0010863916977783335,-137.93439457816288
-0.0010832774611290565,-137.6229709132352
-0.001063870784804156,-135.68230328074515
-0.0010389785507862025,-133.1930798789498
-0.0010199841147871748,-131.29363627904704
-0.0010136923005753154,-130.66445485786107
-0.0010176633564150227,-130.94492182093683
-0.0010190710744765157,-131.0442281242131
-0.0010056104602901954,-129.6981667055811
-0.0009721838815157994,-126.35550882814147
-0.0009216213375710585,-121.29925443366739
-0.0008595580765956685,-115.0929283361284
-0.00078972213113525,-108.10933379008654
-0.0007114346019284484,-100.28058086940639
-0.0006191480156696183,-91.05192224352338
-0.0005065734196930639,-79.79446264586792
-0.00037363715301222086,-66.50083597778362
-0.00023466643242413818,-52.60376391897535
-0.00010205218826238144,-39.342339502799675
2.193185238408113e-05,-26.94393543815342
0.00014437658427486407,-14.699462249075124
0.00027430117296257787,-1.7070033803037445
0.0004166157877240343,12.515774830033553
0.0005689720857283166,27.651445256875572
0.0007231158104125133,42.753509331271125
0.0008712361625154151,56.9600777126119
0.001009216771193825,69.84270605549915
0.0011379869704241118,81.49985902554452
0.0012625339639815982,92.39433960627169
0.0013903908240018963,103.1522347762814
0.0015219750509770985,113.74154563398496
0.0016478501083141584,123.39127021984494
0.0017539787667790053,131.1514495757034
0.0018290807107419163,136.43210758804892
0.0018692536602966793,139.18466466820843
0.0018791649527385356,139.8560213535606
0.0018704006662504716,138.9795927047542
0.0018572798583811755,137.66751191782458
0.0018502349155629962,136.96301763600664
0.0018513268924027129,137.029859198908
0.0018555474133867878,137.32034701115896
0.001855406178613908,137.30622353387096
0.0018444479436793032,136.2104000404105
0.0018202633285429985,133.79193852678003
0.0017851088616908446,130.27649184156465
0.0017429687797979622,126.06248365227638
0.0016954271916378885,121.30832483626904
0.0016374613545141108,115.51174112389126
0.0015644363668841105,108.20924236089124
0.001476474812620727,99.41308693455288
0.0013782446171044366,89.59006738292385
0.0012758791711858569,79.35352279106588
0.0011750474790893492,69.2703535814151
0.0010823889920153862,60.0045048740188
0.0009966429310894075,51.429898781420924
0.0009091718543518368,42.68279110766387
0.0008095684161539273,32.72244728787291
0.0006929624045215847,21.061846124638652
0.0005606776662672763,7.833372299207806
0.00041438495364428985,-6.792907205196836
0.0002602565699090845,-22.134108567982654
0.00010565147290055405,-37.33408841679263
-4.362690227024023e-05,-51.72204476972455
-0.00018582099072974402,-65.07453462517863
-0.0003222106060252343,-77.48877495254197
-0.0004534126717220886,-89.0141745504563
-0.0005764389096613828,-99.4123499811293
-0.0006793134626407437,-107.78257834600902
-0.0007529991521191852,-113.58834572360433
-0.0007971249851920027,-116.98750025367264
-0.0008188380802091179,-118.63853948792469
-0.000829292562081311,-119.42837835645531
-0.0008406363249816846,-120.28163549336391
-0.0008681829769842001,-122.33727252223979
-0.0009166758082439023,-125.89936664076882
-0.0009780511703194167,-130.30355728529585
-0.0010384757743498367,-134.5251711527725
-0.001086182400056039,-137.77783732851998
-0.0011137314213889677,-139.62380935337978
-0.0011124502901967836,-139.49569623416136
-0.0010822273095507538,-136.47339816955838
-0.001032768354655974,-131.5275026800804
-0.0009763676458368263,-125.88743179816564
-0.0009199502546653037,-120.24569268101338
-0.0008630574594269811,-114.55641315718114
-0.0008033092955783365,-108.58159677231666
-0.0007375928192218091,-102.00994913666392
-0.0006659031955685246,-94.84098677133547
-0.0005914847301186147,-87.39914022634449
-0.0005187195574557579,-80.1226229600588
-0.0004491521510218266,-73.16588231666566
-0.00037874980276700055,-66.12564749118306
-0.00029935508800855905,-58.186176015338916
-0.00020241932444877878,-48.492599659360884
-8.363745669922657e-05,-36.61441288440566
5.4488182487945014e-05,-22.8018489656885
0.00020369810375639571,-7.880856838843429
0.00035359154422885295,7.106842928514238
0.000495571036765794,21.258153805788158
0.0006256143149386394,34.101131677061396
0.0007440229895537595,45.634859778932835
0.0008538456765317664,56.150311260567136
0.0009572423578200097,65.85611234096913
0.001053983999840414,74.74073560578881
0.0011422414196062627,82.66223007197051
0.0012202491177669824,89.50581065495766
0.001288758056866011,95.38656017360313
0.0013508889458055328,100.61047786194808
0.0014111787344162736,105.57677832741594
0.0014732178749841376,110.57851472848859
0.0015372808588222052,115.62502754309507
0.001599961111625846,120.44392068229992
0.001655356200261556,124.60352760067236
0.0016979637268690728,127.73892878755454
0.0017245080204043484,129.66396063716613
0.0017349664423216228,130.41643305967165
0.0017315087707843852,130.07041837076125
0.0017145691242591308,128.37645371823578
0.0016880304419901488,125.7225854913376
0.0016583330766897313,122.75284896129583
0.0016310298965086692,120.02253094318961
0.0016071493464373306,117.63447593605575
0.001582804670752348,115.20000836755749
0.0015520849416912309,112.12803546144578
0.0015087692008134014,107.79646137366282
0.0014496041025717909,101.87995154950178
0.0013759948915703967,94.51903044936236
0.001296636793836026,86.5832206759253
0.0012169914674993213,78.61868804225483
0.0011343872062005642,70.3582619123791
0.00104218913649789,61.13845494211169
0.0009355557086917443,50.47511216149713
0.0008128721261318525,38.20675390550795
0.000670711449432648,23.990686235587507
0.0005136486368479285,8.284404977115544
0.00035386459244810556,-7.690131910865873
0.00020300625009582994,-22.70130825639264
6.437288545584673e-05,-36.33742374468832
-6.405343872841821e-05,-48.75848462550721
-0.00017885235810880827,-59.637335173534424
-0.0002801923765911713,-69.03095312412343
-0.00037154365383793334,-77.30807789007686
-0.00045676652354446223,-84.85178777943622
-0.0005354641480999964,-91.65457800948516
-0.0006049508752884368,-97.52397434464154
-0.0006631409782737119,-102.3363703427828
-0.0007104752787909971,-106.17995667622083
-0.0007521895803142659,-109.51332506534791
-0.0007945406900112086,-112.84515388405785
-0.0008421879453239837,-116.5296505899628
-0.0008973801076986267,-120.71183457192237
-0.0009634962955687146,-125.5992032412956
-0.0010368919612521665,-130.8666221539428
-0.0011053591342554928,-135.62938490059886
-0.001154764228975518,-138.97535298506463
-0.001175338104431926,-140.34626712062908
-0.0011644906533518572,-139.2615220126222
-0.0011282546605084045,-135.63792272827695
-0.0010779077329525451,-130.60322997269103
-0.001024058318454113,-125.21828852284781
-0.0009700776646312964,-119.82022314056614
-0.0009110747268727097,-113.91992936470747
-0.0008395467341686085,-106.76713009429736
-0.0007513560948911858,-97.9480661665551
-0.000647403615043175,-87.552818181754
-0.0005268412571691701,-75.49658239435352
-0.0003960146767064997,-62.413924348086475
-0.00026759694803471377,-49.57215148090789
-0.00015177360947743525,-37.98981762518004
-4.983454170346668e-05,-27.795910847783176
4.397859444982681e-05,-18.414597232453833
0.00013393676326159986,-9.418780351276524
0.0002236603853100139,-0.44641814643511896
0.00031496343459027455,8.681047125146046
0.0004050965841974935,17.66959455782677
0.0004872849683713206,25.82603119877434
0.0005579469108082335,32.79384899343804
0.0006245611709615355,39.313971571647556
0.0006942649072344768,46.075887310381255
0.0007623756785530799,52.61388518305145
0.0008254234723433177,58.59687968326556
0.0008863499982427109,64.30900241751377
0.0009522335542278715,70.4021634774138
0.0010274065355547523,77.2396852279953
0.0011108924276015766,84.6790666537456
0.0011965081265979099,92.12792070602309
0.0012746100140281658,98.75453585128551
0.0013373188128521247,103.9536282057939
0.0013821986584432115,107.60611583704168
0.001416011244665944,110.31945773282388
0.0014460769055675167,112.70399914921161
0.00147414666664068,114.90610711295676
0.0014957829292089352,116.5874657293222
0.0015015097097511932,117.03014694013612
0.0014826196022467387,115.14113618969066
0.0014367813893142042,110.55731489643722
0.0013680564881182857,103.68482477684536
0.001284027398829479,95.2819158479647
0.0011928902182052298,86.16819778553976
0.001104518424129413,77.3310183779581
0.0010210334301442808,68.98251897944486
0.0009361112546684888,60.49030143186567
0.0008425861041949935,51.13778638451614
0.0007392214493863493,40.801320903651714
0.0006306134881752907,29.940524782545854
0.000518369106252599,18.71608659027669
0.0004082355684070467,7.702732805721456
0.00030890030166739216,-2.2304968387506663
0.00022566664129917223,-10.545305061680132
0.0001561140951939553,-17.473467042591867
9.227848141448999e-05,-23.805936295706555
2.6105920346176038e-05,-30.334362694293066
-4.59396394215345e-05,-37.38996883623746
-0.0001206896924810357,-44.64080874270761
-0.0001906795054180916,-51.3547267780967
-0.0002485032362376925,-56.839650728290856
-0.000292028462295667,-60.92789340267726
-0.00032606309449066846,-64.09899279318887
-0.0003577763430291766,-67.03254913622492
-0.00038693501178071576,-69.71103347808383
-0.0004145788101564333,-72.23322272324565
-0.0004448975681417205,-74.97971616206928
-0.0004827010079998522,-78.3743874350805
-0.0005297560938572246,-82.55199010597391
-0.0005822880914359412,-87.1508209889755
-0.0006320364009999035,-91.44042495520345
-0.0006716194361948205,-94.80657323582777
-0.0007044219333698751,-97.56383107200755
-0.0007328647525588056,-99.930531596495
-0.000753787928234126,-101.65704887826212
-0.0007598693179841028,-102.1565448392518
-0.0007442227899757574,-100.59189203841726
-0.0007039856231574192,-96.56817535658342
-0.0006414974523279521,-90.31935827363672
-0.0005628903669235352,-82.45864973319502
-0.00047412335154005955,-73.58194819484746
-0.00037835371376693873,-64.00498441753537
-0.00027532270892773357,-53.70188393361486
-0.00016453693517649203,-42.62330655849071
-4.876104761647413e-05,-31.045717802488923
6.638994020979826e-05,-19.530619019861682
0.0001758223018724403,-8.587382853597479
0.00027379518312023584,1.2099008356793541
0.0003556312678710614,9.389941365634757
0.0004195527559169482,15.766729811153517
0.0004677528470582656,20.562000851541846
0.0005049021214324924,24.247525228255725
0.000535656593500585,27.29049697052722
0.0005626626251933734,29.955707251161286
0.0005853848375691941,32.19268311303353
0.0006023635130605831,33.86071517314722
0.0006136582940399199,34.96860251924176
0.0006209861654079497,35.68661168941611
0.0006272950786774264,36.30428324848578
0.0006361858373344284,37.17393338948303
0.000652129510512829,38.731069392518464
0.0006768127768805538,41.13543621661125
0.0007086482094991306,44.224489811379776
0.0007437240949101842,47.61125571582735
0.0007780791541940264,50.91025968856844
0.0008093098911345067,53.89266953498575
0.0008369113570814067,56.51465583021572
0.0008599562577325467,58.69341120166389
0.0008731411250390491,59.93557557375399
0.0008723373189884113,59.855194968690206
0.0008570931369124065,58.33077676108973
0.0008298758469578166,55.609047765630734
0.0007939948736477847,52.02095043462755
0.0007513650581730605,47.75796888715512
0.0007017233258394019,42.793795653789275
0.0006455994456089108,37.18140763074017
0.0005894408893321947,31.56555200306855
0.0005381838030945849,26.439843379307572
0.0004923053385166266,21.851996921511738
0.00044894561969509924,17.516025039359004
0.0004051247438104086,13.133937450889942
0.0003597760996753993,8.599073037389013
0.0003139566292058939,4.017125990438471
0.0002711230469332445,-0.26621726336915896
0.00023518913775797542,-3.859027690745479
0.00020690280385671355,-6.685835761297473
0.00017906727350547292,-9.465606277149897
0.0001474598278773774,-12.618741951800235
0.00011564319697344833,-15.788157852812626
9.207960470002055e-05,-18.13184906986103
8.427317430451656e-05,-18.907534634521898
9.396752801423947e-05,-17.938099263549606
0.00011619225407779213,-15.71562665719434
0.00014168777117279285,-13.16607494769427
0.00016210476895366124,-11.124375169607433
0.00017393285998588978,-9.941566066384578
0.00017930086296600467,-9.404765768373089
0.0001831377272280152,-9.021079342172035
0.00018847789623986348,-8.48706244098721
0.00019462140049492682,-7.872712015480876
0.00019705243379492638,-7.629608685480919
0.00019102674727845739,-8.231391258430223
0.00017465027657539796,-9.8663176291651
0.0001509037063776906,-12.23526571046008
0.00012683403945684283,-14.633902484824587
0.00010930004244951314,-16.37935680536614
0.00010168918375702373,-17.136449168513195
0.00010423291750390071,-16.882075793825496
0.00011968681739395223,-15.336685804820346
0.0001457278845190189,-12.732579092313678
0.00017494855118710032,-9.810512425505538
0.00019931585775525727,-7.373781768689842
0.0002157257487565751,-5.732792668558058
0.00022650475979197945,-4.654891565017623
0.00023734912134182188,-3.570455410033381
0.0002531485477420767,-1.9905127700078975
0.0002739818977156211,0.09282222734654179
0.00029655117900511465,2.3497323087217588
0.0003166950747266298,4.363895068437882
0.0003301557470682627,5.709558306343943
0.00032944877376548607,5.638860976066277
0.000315213489619038,4.215332561421468
0.00029743334646331685,2.437318245849356
0.0002886161097889769,1.5555945784153606
0.00029461043198636796,2.1550161245186525
0.0003129335387685094,3.987164313549121
0.00033502958933959463,6.196079295657849
0.0003523162207796749,7.923604466691395
0.0003620782970233819,8.89886442072232
0.0003676242328767861,9.452805990266754
0.00037527768236467977,10.217102905633778
0.0003924173318232194,11.928024895781803
0.0004296455805594495,15.640223119605151
0.0004858356345729801,21.229540510474
0.0005470915471597318,27.29792776465624
0.000594997854994532,32.02106951210184
0.0006186671395066155,34.34608143055262
0.0006186874658255312,34.34807544813964
0.0006044626026047691,32.92558912606343
0.0005887082698688742,31.350155852473943
0.000579555942584966,30.43492312408312
0.0005745528051956238,29.934609385148907
0.0005566311823836241,28.142447103948932
0.000514361635717787,23.915492437365224
0.0004519615954149274,17.675488407079268
0.0003867620951309912,11.155538378685652
0.000337965211641583,6.2758500297448325
0.0003168193776010695,4.161266625693479
0.00032208118415494904,4.68733332807358
0.00034185238938542323,6.663663802953577
0.00036204588141421816,8.681410423691569
0.0003739972038711154,9.875103218489816
0.00037761612366967346,10.23647599023487
0.00037935569595764395,10.410168950170602
0.0003851805868607301,10.99170093633
0.0003959946138296423,12.071013339116478
0.0004064363242461013,13.112745817785086
0.00040657236748725125,13.126315473459686
0.000387111101291138,11.18018885384836
0.0003478256949854023,7.25164822327479
0.00030662499043617,3.13157776835156
0.00027777809427276983,0.2468911275541498
0.0002622361399291763,-1.30724877424082
0.0002481500223469064,-2.7156611016090637
0.00022135626274116612,-5.393917864638358
0.00017372174076167506,-10.151218765815187
0.00010658861043049146,-16.840705143698234
3.1595211480995366e-05,-24.281232250121146
-3.745073883647842e-05,-31.09017208296798
-9.362330527260298e-05,-36.592742794700904
-0.00014746098262503305,-41.830052287304596
-0.00020818566297453744,-47.688446372237024
-0.00027243089812262964,-53.8231301276212
-0.00032612372679476494,-58.89496607936244
-0.0003519742681398247,-61.317570265958416
-0.00033849155328738006,-59.96929878071396
-0.000284078239765906,-54.527967428566555
-0.00020068103483471993,-46.18824693544794
-0.00010801208333014436,-36.92135178499039
-2.2827004116020316e-05,-28.402843863577985
4.818093657587214e-05,-21.302049794388736
0.00010751998024087692,-15.36814542788826
0.00015799740039407786,-10.320403412568165
0.00020188763943457843,-5.93137950851811
0.00023855176003908878,-2.2649674480670745
0.0002667399431807642,0.5538508661004699
0.0002921950066358949,3.0992896715691765
0.0003174797535576984,5.627200367413065
0.0003403155195085905,7.9093864964511
0.00035723401534752853,9.599420325677825
0.00036906188845837383,10.78044251505549
0.0003802617404499669,11.898322503493283
0.0003959739437134202,13.465786470619637
0.0004196401511373291,15.824716286077887
0.00045038454738041613,18.884862881302247
0.00048211995135859074,22.03760534817141
0.0005018360471227409,23.992743398629433
0.0005043385549696088,24.240692502115426
0.0004975827150598205,23.565108511136593
0.0004978007677898338,23.586722431917806
0.0005196754756214234,25.753093347388468
0.0005690605624015453,30.62874575309575
0.0006411702352833236,37.70335672926875
0.000723458292427658,45.698484409226324
0.0008030104952794722,53.333650633911404
0.0008712648378787401,59.799695799277515
0.0009257475604240559,64.89881655599395
0.0009678582120642827,68.79928385664257
0.0009990391399401124,71.663326567622
0.0010170382047156538,73.30694680248817
0.0010150439023525202,73.10751656617481
0.0009866631890208324,70.26944523300604
0.00093086778205115,64.6899045360378
0.0008540905763309651,57.01218396401931
0.0007685025574213877,48.45338207306157
0.0006854724496894095,40.15037129986375
0.0006109528549011939,32.69841182104219
0.0005450639978515498,26.10952611607778
0.00048789169168526707,20.392295499449506
0.00043585825395371706,15.188951726294508
0.00038304676227034434,9.907802557957236
0.0003241328637828731,4.0164127092101145
0.0002548564587742748,-2.910938763583151
0.000177597364714352,-10.628544861057508
0.0001006449376780954,-18.292486803562173
3.2832381247632585e-05,-25.01501298002467
-2.1708983874220986e-05,-30.3934911557615
-6.468073347521631e-05,-34.60951318434997
-0.0001001818278717026,-38.07632022411485
-0.0001334340731520003,-41.30887110107761
-0.00016788403602088447,-44.641706182560704
-0.00020371112341986114,-48.08905828377966
-0.00023841874141067486,-51.40926825647459
-0.00027076441156178416,-54.485277461417056
-0.00030588167472982164,-57.8038230116785
-0.00034929830025417266,-61.874707353183986
-0.00040380437593249137,-66.9323607627758
-0.00046800441667472836,-72.80884013138922
-0.0005378686329912516,-79.09793717610758
-0.0006076037220158618,-85.25846674390736
-0.0006713435950867254,-90.7816619123042
-0.0007244645461504106,-95.30278212993157
-0.0007638911098836219,-98.60873434677268
-0.0007869417948970159,-100.52156447874628
-0.0007886816676377224,-100.66534054128174
-0.0007679432015404215,-98.59149393155164
-0.0007299679309029788,-94.79396686780737
-0.0006844424610495805,-90.24141988246754
-0.0006402843237392744,-85.82560615143692
-0.0006028232105598525,-82.07949483349472
-0.0005734392586654299,-79.14109964405247
-0.0005488140215563224,-76.6785759331417
-0.0005239827539868552,-74.195449176195
-0.0004953834783491308,-71.33552161242255
-0.00046412018947352546,-68.209192724862
-0.00043314627227011973,-65.11180100452145
-0.00040460059526763306,-62.25723330427279
-0.00037787836450033915,-59.5850102275434
-0.00034815477547921517,-56.612651325431
-0.0003120020546621922,-52.9973792437287
-0.0002697264744426242,-48.769821221771906
-0.00022180125899774587,-43.97729967728407
-0.0001577865056731957,-37.57582434482906
-7.507021365616776e-05,-29.30419514312626
1.6484531470848955e-05,-20.148720630424588
9.814365635870167e-05,-11.982808141639318
0.00014396644446641044,-7.400529330868442
0.00015008698193450236,-6.788475584059249
0.00013908267555351263,-7.887708222068463
0.00014482237820675873,-7.313737956743852
0.00018863892859317727,-2.932082918101998
0.00026884470924359535,5.08803930314265
0.000363927742056151,14.58161642335729
0.00044797906443861063,22.939353898945413
0.0005103512864243388,29.10837738025385
0.0005583332674066557,33.8293969190717
0.000611242458729873,39.00569698547519
0.0006870028908778853,46.35488897907643
0.0007904503433451496,56.249406550982776
0.000908811371170728,67.3353245041938
0.0010147999828343838,77.01651351587266
0.0010853278858552918,83.31590815570759
0.0011121560108343033,85.68035264031825
0.0011043661387155914,84.90136542844706
0.0010806307587204545,82.52782742893338
0.0010594208659410222,80.40683815099014
0.0010510469680112705,79.56944835801498
0.0010521383384242973,79.66710273526363
0.001050556340450572,79.50890293789111
0.0010367142098347978,78.12468987631368
0.0010167691562111118,76.13018451394508
0.0009998710170205692,74.44037059489082
0.0009891319951420166,73.36646840703557
0.0009799658466669772,72.4498535595316
0.0009638736947654273,70.84063836937663
0.0009329308304406482,67.74635193689872
0.0008839834445884902,62.85161335168292
0.0008214051991675693,56.593788809590826
0.0007547264293987387,49.925911832707776
0.0006911550843208667,43.568777324920575
0.0006262754146666975,37.08081035950365
0.0005553349215845146,29.986761051285367
0.0004794836724197277,22.401636134806672
0.00040534056391585663,14.987325284419565
0.0003399824334725476,8.451512240088663
0.00028767388601993343,3.2206574948272486
0.0002477122290264514,-0.7754805626912853
0.00021419442841199383,-4.126611294303338
0.00017961904319158697,-7.581507091849281
0.0001394564782083232,-11.590350818895331
9.717601125835423e-05,-15.803266866594445
5.8117100997559883e-05,-19.686355713110277
2.4694313026447524e-05,-23.000861727894588
-4.003496446769685e-06,-25.839732962341056
-3.1045730971773337e-05,-28.508132338926703
-5.930934202879477e-05,-31.28940483665403
-8.980109951813331e-05,-34.280362793379474
-0.00012190452790516964,-37.41772113306208
-0.00015531194129970205,-40.66870641204613
-0.00018923002556764024,-43.95383831471027
-0.00022220388705919384,-47.13140880855464
-0.000252957550907743,-50.07979031298475
-0.0002806826045178613,-52.72451188337927
-0.00030459436097536325,-54.99487759331005
-0.00032397708572693643,-56.82774762880354
-0.000337273897593277,-58.0811415967241
-0.0003426609563767937,-58.58800192738467
-0.0003382886633369562,-58.15077262340092
-0.00032270948304277843,-56.59285459398314
-0.0002967741951514666,-53.99932580485195
-0.000263042128216221,-50.62611911132739
-0.00022603421513760455,-46.92532780346575
-0.00019171202062396626,-43.49310835210193
-0.00016282020414665213,-40.603926704370515
-0.00013784416952076337,-38.10632324178164
-0.00011319203090596412,-35.64110938030171
-8.763376062352527e-05,-33.08528235205783
-6.252429971876337e-05,-30.574336261581635
-4.1673205784501126e-05,-28.48922686815541
-2.796179859079581e-05,-27.11808614878488
-1.9935718721473976e-05,-26.315478161852695
-1.4240738054280343e-05,-25.745980095133334
-6.9136156009599204e-06,-25.01326784980129
6.754963805856535e-06,-23.646409909119647
3.9043975790600765e-05,-20.417508710645222
9.130289661572584e-05,-15.191616628132717
0.0001497328280729486,-9.348623482410442
0.00019643257676407662,-4.678648613297641
0.00022193342848806304,-2.128563440898999
0.00022686326116818232,-1.635580172887071
0.00021155698587893272,-3.1659449973665557
0.00018584869088790368,-5.735572136645783
0.00016537744300866805,-7.7807297168735055
0.00016188511294542465,-8.129514350127732
0.00017563745609848152,-6.754280034822045
0.00019843008367367257,-4.475017277302939
0.00022260577085125123,-2.0574485595450733
0.00024454803807681853,0.13677816301165677
0.0002673929385987069,2.421243094398976
0.0002987253059524099,5.553881061374023
0.00034576438526423195,10.253568415334051
0.000408870896894494,16.546770753343385
0.00047780158538877465,23.39626565851494
0.0005383980386050417,29.388154552568242
0.0005789814422790092,33.381938240010655
0.0005955719520754338,35.00957593521539
0.0005916711349644,34.619494224112
0.0005760869342726917,33.061074154941174
0.000558156349928361,31.268015720508103
0.00054364921394392,29.817302122064003
0.0005340472921213532,28.857109939807323
0.0005263618161163554,28.088562339307543
0.0005161396624411824,27.066346971790242
0.0005010977844003754,25.562159167709545
0.0004850896379719492,23.96134452486692
0.0004711698087326318,22.56936160093518
0.0004580538741160707,21.25776813927907
0.0004403850459940122,19.49088532707322
0.00041082463960365813,16.53484468803781
0.00036686442071629416,12.13882279930141
0.0003128645977298233,6.738840500654326
0.0002578465038104022,1.2370311087122137
0.0002099095021261063,-3.556217861889377
0.00017255506414156182,-7.289170975593076
0.0001441403783640187,-10.126295337707086
0.00011925127975009497,-12.60898624924515
9.309789960557045e-05,-15.214768147560033
6.492554284817305e-05,-18.017572348415396
4.147300997153597e-05,-20.34701836065792
2.7460201538311686e-05,-21.737020172041273
2.026328580577459e-05,-22.450348318173475
1.1994348808938263e-05,-23.26943218352804
-5.4891418737713415e-06,-24.999432867018832
-3.705226031440055e-05,-28.11583059669791
-8.545739987119008e-05,-32.87614251854044
-0.0001448573610399427,-38.68162292807961
-0.00020330724589479683,-44.34955761423435
-0.000248746113360241,-48.72134997966734
-0.00027543306825109537,-51.27371361539946
-0.0002854278676952523,-52.22657733442931
-0.0002855410438031402,-52.237357382429856
-0.0002827631529349146,-51.959568295607305
-0.00027947192182403,-51.63044518451885
-0.00027309871378346077,-50.99312438046192
-0.00025839185520535934,-49.52243852265178
-0.000232023710885381,-46.88562409065395
-0.00019652792283549243,-43.33604528566509
-0.0001576962239534343,-39.45287539745927
-0.00012126713931091343,-35.809966933207185
-9.024004090691082e-05,-32.70725709280693
-6.411317426305112e-05,-30.09457042842096
-4.000918215691649e-05,-27.684171217807492
-1.4852232649083449e-05,-25.168476267024193
1.2654930722005967e-05,-22.41775992991525
4.196410313776105e-05,-19.48684268833974
7.043640430633102e-05,-16.639612571482743
9.456737787154398e-05,-14.226515214961447
0.00011314451002538752,-12.368801999577093
0.00013017952720380547,-10.665300281735298
0.00014857988949586713,-8.825264052529134
0.00016661752419251256,-7.021500582864589
0.00018030467670870467,-5.652785331245378
0.00018731377511866648,-4.951875490249198
0.00018866515039297308,-4.816737962818537
0.00018896819026792267,-4.786433975323578
0.00019388122871544187,-4.295130130571659
0.00020728947781074774,-2.954305221041071
0.00022946930235540777,-0.7363227665750679
0.000258035502674781,2.120281738756789
0.00028732840209564074,5.049132711421592
0.0003083978984842261,7.155040552482338
0.00031721594019214005,8.036140498128553
0.0003165802106057406,7.972567539488608
0.00031412937991886906,7.727484470801454
0.000316428052866443,7.957155007478503
0.00032574488671073304,8.887904374159625
0.00033969646690566724,10.281207548560701
0.0003522809584576863,11.537447138087632
0.0003577178570617045,12.080007434135231
0.000356328450126095,11.941066740574279
0.0003605205933767222,12.359355665020688
0.0003795532220164543,14.257512375412349
0.0004118448349536906,17.474105106885787
0.0004439338073556076,20.664688435130408
0.0004516774568115684,21.433641515788583
0.0004238826615285626,18.654161987488006
0.00037024429361471424,13.290325196103169
0.00031363456849464104,7.629352684095847
0.0002740030576614461,3.666201600776352
0.000257327084873051,1.9986043219368421
0.000254254908033168,1.6913866379485447
0.0002502203404219709,1.2879298768288325
0.00024327373841155438,0.5932697146358787
0.00023863390386261716,0.12928749232406272
0.0002447215353811034,0.7380506441451169
0.00026683332051218993,2.9491678092851323
0.00030342348666072245,6.60710203338593
0.0003459577312411323,10.85581159149912
0.0003815261197149177,14.404064645774321
0.0004004106457072367,16.285682265585788
0.00039930450673097224,16.175068367959337
0.00038042389838994226,14.287007533856338
0.0003418812665429908,10.43274434916119
0.00028876121036914334,5.120738731776447
0.0002339375367953574,-0.36161003018361937
0.0001913948704793822,-4.615019721417733
0.0001690779224185993,-6.845119611763884
0.0001653659086865726,-7.215941933823932
0.00017108594129943759,-6.643938672537434
0.00017857001066480733,-5.895531736000459
0.0001942460911862064,-4.327923683860552
0.00022377005898471857,-1.3755269040093354
0.0002657765532225365,2.8250707144419827
0.0003109901887506452,7.344854933158909
0.00034854626262578265,11.09580860528039
0.00037023943973141086,13.260302106300168
0.000373208402489541,13.556390933458182
0.0003618900185288101,12.424552537385091
0.00034387153861456103,10.622704545960183
0.0003243734413966234,8.672894824166418
0.00029740418931097876,5.975969615601955
0.00025881170888864257,2.116721573368337
0.00021250348210292164,-2.513917590698088
0.00016825854484421514,-6.936055698609778
0.00013630469746255263,-10.126748733761227
0.00012072888278855774,-11.680752552135512
0.00011757952249072616,-11.994845655795192
0.0001176523035464463,-11.98756755022318
0.0001121577137998031,-12.535454958916862
9.840924159006565e-05,-13.90576505990531
8.052829614716979e-05,-15.686549069346173
6.684390686422046e-05,-17.048207954691353
6.463066038210386e-05,-17.268332907936713
7.455188635199744e-05,-16.276210310947356
9.097751419479814e-05,-14.633647526667287
0.00010732910099218083,-12.99848884692902
0.00013113238129627296,-10.618160816519806
0.00016464898986458015,-7.266499959689088
0.0001997926341219095,-3.752135533956152
0.00022371418349170885,-1.3599805969762175
0.0002272615650140309,-1.005242444744013
0.00021169428191564955,-2.5617983790011705
0.00018706463779384519,-5.023887133168039
0.0001614613071513552,-7.582049829712951
0.00012124011595897696,-11.596819288187449
5.808475848840066e-05,-17.886389108917196
-1.9506039830611315e-05,-25.578500553367853
-9.243140126495449e-05,-32.76009585179788
-0.00014374942769875956,-37.779118629081495
-0.00016505688167334212,-39.85344772909021
-0.00015927755232544546,-39.275514794300555
-0.00013446351320240912,-36.79411088199692
-9.714928679883689e-05,-33.06268824163969
-4.80569734684762e-05,-28.15345690860363
1.9229048164851703e-05,-21.42485474527084
0.00010629273500340916,-12.718486061415092
0.00020416107541340082,-2.931652020415924
0.0003018421320660611,6.835256308034781
0.0004101742242858151,17.64233652404786
0.0005295508257997154,29.472178200467578
0.0006434135217944913,40.62918897731046
0.0007234094475043779,48.36862050371216
0.0007328039917643644,49.27130535569552
0.0006665044641921962,42.641352598478704
0.0005569869304094016,31.689599220199238
0.00045350526984821874,21.341433164080946
0.00038724192803323167,14.71509898258224
0.00035819652775235806,11.810558954494882
0.0003405676274003545,10.047668919294525
0.00030355534697193627,6.346440876452701
0.00023731173305005862,-0.27790104875256416
0.0001614910944472109,-7.856379666165006
0.00012143397873100888,-11.854382762705413
0.00015393776655018256,-8.604003980788045
0.0002629737462587667,2.299519358693661
0.0004180735826191523,17.78151950518726
0.0005675558935067561,32.57385597122835
0.0006731431480589712,42.886380572182176
0.0007286500880253458,48.248113763397114
0.0007567265045588385,50.94236205018914
0.0007889815702729415,54.02175570672609
0.0008450165032533331,59.32848860842816
0.0009238332100004188,66.69268249499744
0.0010042223090740373,74.07181978970286
0.0010604918932570694,79.15123962178323
0.0010757829888806678,80.5187567556467
0.0010468945176981498,77.62990963739492
0.0009905444532890785,71.99490319648778
0.0009318296709740235,66.12342496498229
0.0008899995445511138,61.94041232269131
0.000866520463233046,59.59250419088453
0.0008474017692976407,57.680634797344
0.000814460689866481,54.38652685422803
0.0007577818818020176,48.71864604778169
0.0006832716930191471,41.26762716949464
0.0006103495828965628,33.975416157236204
0.0005640768287151527,29.348140739095193
0.0005579562914738725,28.736087014967175
0.0005863627699235925,31.53541532386531
0.0006298686270036374,35.80647776982266
0.0006673703743650652,39.47059974905563
0.0006859421567594634,41.27862961118408
0.0006852155337907585,41.20596731431358
0.0006708389282163334,39.76830675687108
0.0006460935762802911,37.293771563266844
0.0006081712194739972,33.50153588263745
0.000549396663746932,27.62408030993093
0.00046295858206589437,18.980272141827168
0.00034722927829814923,7.407341765052655
0.00021063503686753168,-6.250129943562311
6.880165814691806e-05,-20.3812647414719
-6.360467857601817e-05,-33.445847742100305
-0.00017969422998295072,-44.73915234045635
-0.00027963206963565145,-54.30256807789764
-0.00035817366376431005,-61.696071741472416
-0.00041830091217601845,-67.27461501316336
-0.00047136007416963803,-72.13396379313183
-0.000527689346704674,-77.22374058686933
-0.0005884517536462446,-82.63003591775067
-0.0006485992022250658,-87.8914613861883
-0.0007109704305676687,-93.2484666836146
-0.0007723059987168209,-98.41448301559693
-0.0008236122934235377,-102.65559901893694
-0.0008548289248624811,-105.19949910080274
-0.0008607331408637424,-105.67749585105604
-0.0008437599082628927,-103.98017259097107
-0.0008106007062638904,-100.66425239107085
-0.0007685855529254489,-96.46273705722669
-0.0007143812980693288,-91.04231157161468
-0.0006443217223061272,-84.03635399529452
-0.0005598330008132225,-75.58748184600405
-0.00046676779671801343,-66.28096143648314
-0.000373808730445356,-56.985054809217395
-0.0002907627265355384,-48.680454418235634
-0.0002317027904055084,-42.774460805232636
-0.00019985531829030858,-39.58971359371265
-0.00018475743998460468,-38.07992576314226
-0.00016868145215973831,-36.47232698065563
-0.00013693125665513271,-33.29730743019507
-8.326867529659358e-05,-27.931049294341154
-1.0330260242003448e-05,-20.637207788882144
7.512228176444774e-05,-12.091953588237022
0.00016810633640768026,-2.79354812391377
0.00026858015878238083,7.252282349088706
0.0003806836466772967,18.43221699010784
0.0005070916246698909,30.946003446120063
0.0006450481559283665,44.41687264486977
0.0007858124863550326,57.88077888738404
0.0009193384147649777,70.3195154488424
0.0010366436567742152,80.93193164196275
0.0011326318615402552,89.37068714945015
0.0012069943459526806,95.7450921214846
0.0012614135695231989,100.31538144137247
0.0012999642326951618,103.5031680408485
0.00132678725822694,105.69635529419034
0.0013451319157224018,107.184434269055
0.0013580876036102174,108.22951561519942
0.0013644105089379952,108.73778933356859
0.0013596746115364274,108.2641995934118
0.0013423785036737656,106.53458880714564
0.0013289610263985114,105.19284107962021
0.0013282840747753353,105.12514591730259
0.0013329067219836493,105.5020103261041
0.0013218641729774183,104.397755425481
0.0012608225999346176,98.29359812120093
0.001143118636542084,86.52320178194756
0.0009977123532136306,71.98257344910223
0.0008699555644441025,59.206894572149416
0.0007898898089076032,51.200319018499485
0.0007593164144615598,48.14297957389515
0.000759477051274596,48.15843496291481
0.0007592801063450018,48.13874046995539
0.0007378592891495646,45.99665875041166
0.000694543315924768,41.665061427931995
0.0006493756648115344,37.14829631660864
0.0006267337755235906,34.88410738781427
0.0006357779613294287,35.770332314744955
0.0006662009922514115,38.74435663223796
0.0006922293903539099,41.27962576357756
0.0006851069057764629,40.56737730583286
0.0006206189231376272,34.11857904194929
0.0005012431288660723,22.1809996147938
0.0003568234836062024,7.73903508880681
0.00022587396770364473,-5.354486755444296
0.00013516186641630612,-14.40690772812967
8.638011168821732e-05,-19.259052068179177
5.9363221840862785e-05,-21.939642333522283
2.7873664810568906e-05,-25.056913972481464
-2.451131810191529e-05,-30.223158674427697
-9.485886297996825e-05,-37.1154155436924
-0.000166142743044163,-44.03612246953826
-0.00021927440929741886,-49.14662880080867
-0.0002448328359388561,-51.58896751344277
-0.00025038993304016353,-52.11855308638698
-0.00025461725372985343,-52.52105988827395
-0.0002713455859738238,-54.11082817982619
-0.00028554605509284323,-55.45649672487428
-0.00028143789260813584,-55.04568047640354
-0.000256575107831119,-52.55940199870185
-0.00022211587887709892,-49.113479103299845
-0.00019385632679092967,-46.28752389468292
-0.0001819175948808511,-45.09365070367507
-0.00018557985565806378,-45.4466973535504
-0.00020073031424551718,-46.905055424596206
-0.0002392949757401713,-50.60091959101454
-0.00030673464646636744,-57.003725657977775
-0.0003961757566175448,-65.36476312943928
-0.0004913827243789376,-74.08266437587214
-0.0005767990913650065,-81.7283328648103
-0.0006397620976524266,-87.24995480590744
-0.0006724917602972104,-90.08016171021038
-0.0006695763666281653,-89.78862234330586
-0.0006247240337912635,-85.30338905961568
-0.0005368438785672864,-76.51537353721797
-0.0004114401431104037,-63.97499999152971
-0.00025811736946140134,-48.64272262662947
-7.623340525984932e-05,-30.454326206474267
0.00012304409907570272,-10.526575772919069
0.00031347290231448357,8.513026540662114
0.0004692905893251067,24.025519505048216
0.0005813948210048984,35.07602220817004
0.0006549394382934114,42.25058063090882
0.0006910832144374187,45.750254625504546
0.0007012838533935835,46.73452982577448
0.0007042527848403269,47.02071456523979
0.0007150488204089116,48.060251815873706
0.0007348450565084071,49.96171760379093
0.0007544434178686832,51.83801427111969
0.0007632251591586882,52.67670981548005
0.0007578170253634854,52.135896435959786
0.0007466346556944895,51.01765946906019
0.0007459027312522755,50.93585888721977
0.0007706565008048717,53.30054561233399
0.0008260934609682993,58.55807131870322
0.0009040956971439639,65.85871554039792
0.0009874479395584601,73.52261674123743
0.0010581056789935998,79.89824454727561
0.001105915254099331,84.14511721892424
0.0011319511206572986,86.43415261041258
0.001145237859396909,87.5957194908404
0.0011561452565931188,88.54591168952135
0.0011687499959915312,89.64015532345341
0.0011785766635149877,90.49037255914011
0.001171849535577208,89.81765976536214
0.001132180603852708,85.85076659291215
0.0010507510861356049,77.70781482120184
0.0009365529251984927,66.28799872749062
0.0008025188431685043,52.88459052449178
0.0006560483231676569,38.23753852440704
0.0004981995370227608,22.452659909917433
0.00032737764217173826,5.370470424815173
0.00014416543283320737,-12.936475594452748
-4.6478196473670556e-05,-31.81684195107764
-0.00023621680701636379,-50.217866077523574
-0.0004190266989072107,-67.38942214264793
-0.0005908015910844558,-82.88309262616055
-0.0007493175322462735,-96.5339047769887
-0.0008932881137858795,-108.33630737965194
-0.0010205253592107544,-118.26405928808829
-0.001127984399394376,-126.26726752824624
-0.0012117620781267498,-132.25978439265248
-0.0012697925250481083,-136.2826893212417
-0.0013037360564959772,-138.58711835804928
-0.0013187147201984667,-139.59259097398402
-0.0013220203276534416,-139.8135438104965
-0.0013214576869534456,-139.7572797404969
-0.001323766974879761,-139.91149616328136
-0.0013326390790677812,-140.50243675515904
-0.0013489054607432236,-141.5795102004531
-0.0013709487599210196,-143.02594257997188
-0.001396197457167677,-144.6641192535307
-0.0014218450157858276,-146.30788512286955
-0.0014449912868306593,-147.7738203868154
-0.0014628834881865473,-148.89562791357898
-0.0014737104566670883,-149.56965261654267
-0.0014743217521607625,-149.60760039743712
-0.0014600719708706858,-148.18262226842944
-0.0014261704487198606,-144.79247005334693
-0.0013694957688520232,-139.12500206656318
-0.001289486103386954,-131.12403552005625
-0.001187940760889948,-120.96950127035565
-0.0010686498721017776,-109.04041239153861
-0.0009355614576791383,-95.73157094927468
-0.0007905773554033778,-81.23316072169862
-0.0006305357066782583,-65.22899584918667
-0.0004541604581454409,-47.59147099590494
-0.0002648466157869011,-28.660086760050962
-7.012704185435854e-05,-9.188129366796712
0.00012170224938277105,9.989440145891106
0.00030434999082195864,28.133956949381915
0.0004746517636320044,44.77527070488488
0.0006332788498946337,59.89880525840754
0.0007822032791436818,73.66551669957349
0.0009211472196893751,86.06107081691538
0.001042429541732374,96.48348506201715
0.001140880052745679,104.64984659639241
0.0012179295543935959,110.84820386769292
0.0012811599050440762,115.80451991189145
0.0013397654266751786,120.2912986117257
0.0014014120558959215,124.89818648296814
0.001470019372459616,129.8878522124053
0.0015451197744997252,135.18242911927078
0.001624035840165178,140.55666981433194
0.0017039416780719725,145.8004721864562
0.001784821978798197,150.90620512856106
0.0018670098634251363,155.88787954163953
0.0019491992727971173,160.6637974744821
0.002027864265505612,165.04501618334479
0.0020971847367389305,168.7544989084612
0.002149908221092691,171.4825850102148
0.0021788858785081076,172.9481642995858
0.002177618840238132,172.82146047258829
0.0021426017032901055,169.3197467777856
0.002078181139796657,162.87769042844076
0.0019971841284539002,154.77798929416505
0.001909543799778209,146.01395642659594
0.0018167304094678376,136.7326173955588
0.0017128335507967467,126.34293152844968
0.0015901463360641897,114.07421005519399
0.0014456740653132545,99.62698298010046
0.0012835290121709188,83.4124776658669
0.0011121767120756576,66.27724765634078
0.0009363852840652852,48.698104855303534
0.0007600997727874486,31.069553727519875
0.0005868679182647827,13.746368275253287
0.00041966944276230827,-2.9725809478260143
0.00026062426471316365,-18.83071174213211
0.00011143986819766688,-33.552248025170826
-2.6418034549783265e-05,-46.92984927344897
-0.00015195567127740858,-58.85492655312139
-0.00026417286091391916,-69.26180344282557
-0.00036355273494380444,-78.24998658650898
-0.00045197814329334487,-86.04923559090962
-0.0005321491896496673,-92.9476479146091
-0.0006046994094521635,-99.04128487693362
-0.0006723963487200983,-104.5945685620614
-0.0007409646624500364,-110.0847271200708
-0.0008164000125111522,-115.9642857617956
-0.0009021534604489137,-122.43956903059834
-0.0009988388284004413,-129.46971331312278
-0.001107066952463089,-136.99495898443072
-0.0012236149560205598,-144.6903583730582
-0.0013417796411500178,-152.06199271606357
-0.0014537660957907015,-158.653088372593
-0.0015532342213764976,-164.19098442595833
-0.0016350787178239909,-168.52929721314766
-0.0016928618920015366,-171.47596339732235
-0.001722349899458785,-172.94325341370345
-0.0017220412940696294,-172.73470584217608
-0.001693231202645279,-169.85369669974105
-0.0016406112011516218,-164.59169655037533
-0.001571701656835409,-157.70074211875402
-0.0014956431410881725,-150.0948905440304
-0.00141656004667298,-142.18658110251116
-0.0013326969181744691,-133.8002682526601
-0.0012394787957126603,-124.4784560064792
-0.0011343600740009562,-113.9665838353088
-0.0010188523028240484,-102.41580671761801
-0.0008975403812141117,-90.28461455662433
-0.0007766506384232117,-78.19564027753432
-0.0006611392662206163,-66.64450305727479
-0.0005520416052293147,-55.73473695814462
-0.00044462167805836436,-44.99274424104959
-0.0003352638121735163,-34.05695765256478
-0.0002254067917642356,-23.071255611636712
-0.00011989568690441092,-12.520145125654244
-2.329787824300835e-05,-2.860364259513986
6.297859643179008e-05,5.766276979456557
0.0001414895045713407,13.604255779759399
0.0002171166906922806,21.127817715057315
0.00029397677019375946,28.73241405966051
0.00037360471105589156,36.55101691226887
0.00045489991149620245,44.454248626409985
0.0005346547508644023,52.11461268230245
0.0006077815510060982,59.04485686992747
0.0006735420404313042,65.19164473829967
0.0007366571826186402,71.00823665276825
0.0008035379783891065,77.07654005569245
0.0008773889884421056,83.65563146958593
0.0009555520928570758,90.47120983339066
0.0010304353502841213,96.85067903311533
0.0010925092319270565,102.02275594268167
0.0011343226445935791,105.445576465612
0.0011533260067947688,106.98462324745799
0.0011517884919090805,106.80457062073582
0.0011352872749695953,105.15444892678728
0.0011096035552118225,102.58607695101001
0.0010772214547465164,99.3478669044794
0.0010360150771495224,95.22722914478
0.000982201924693041,89.84591389913186
0.0009158690932958045,83.21263075940821
0.0008382207534905948,75.44779677888724
0.0007507595806789835,66.7016794977261
0.0006551513116565262,57.14085259548039
0.000553869795222315,47.01270095205926
0.0004497684644317347,36.602567873001234
0.00034587716740119926,26.213438169947697
0.0002447215454367072,16.09787597349849
0.00014798959823812132,6.424681253639904
5.625796058521074e-05,-2.74824836972918
-2.98884226837799e-05,-11.354188491223642
-0.00011126733449922189,-19.457504363844773
-0.00018969221149774926,-27.22535371648108
-0.0002662819651304658,-34.757076362518625
-0.00034020420967457,-41.962133975177636
-0.0004108345720919009,-48.77584969381527
-0.0004831818907242987,-55.672917208475404
-0.0005591826275886713,-62.817257858736596
-0.0006362589413048199,-69.94553947081322
-0.0007089755412018413,-76.5526174648675
-0.0007736702454085058,-82.32749636738305
-0.0008295485497569421,-87.2326932590694
-0.0008778250647559032,-91.40623623776051
-0.0009208980290514484,-95.07793636941446
-0.0009594628508419094,-98.32267551052018
-0.0009909090416591617,-100.93803175624403
-0.0010062516394175856,-102.2039997364137
-0.000999925621616352,-101.57139795629035
-0.0009747297591715026,-99.05181171180541
-0.0009401015455712397,-95.58899035177912
-0.0009062385027708729,-92.20268607174243
-0.0008785609045957324,-89.43492625422839
-0.0008552580891613575,-87.10464471079091
-0.0008295371810039428,-84.53255389504943
-0.0007943215273951784,-81.010988534173
-0.0007464259619149224,-76.2214319861474
-0.0006879231069401606,-70.37114648867123
-0.000623350885741075,-63.91392436876267
-0.0005558690159113204,-57.1657373857872
-0.0004865960929623256,-50.23844509088772
-0.0004184963659719625,-43.42847239185141
-0.0003501389733345564,-36.5927331281108
-0.0002766807205126955,-29.24690784592471
-0.00019334369305725382,-20.913205100380548
-9.976927684257393e-05,-11.55576347891256
-1.6529350699578282e-07,-1.5953651453547462
9.946559547234912e-05,8.364526707674068
0.0001937999529747349,17.769703535780664
0.000281024101788043,26.419402102715704
0.00036477811732742226,34.66214364447836
0.0004562068792412515,43.5677598980409
0.0005610664199605774,53.63379593489168
0.0006747470440733115,64.33188428316231
0.0007853230323721571,74.48817287715046
0.0008811601904559653,83.0669783324761
0.0009557711179052163,89.58959473217573
0.0010094249396266173,94.19090673035902
0.0010474724076988033,97.40701845047127
0.0010758800961268643,99.7823934529025
0.0010969276301255448,101.52784064352761
0.001104825392450787,102.17958109037227
0.0010951988557281224,101.21692741810581
0.0010703470966048746,98.73175150578103
0.001039279084886429,95.62495033393647
0.0010126041016262986,92.95745200792342
0.0009974006360640583,91.4371054516994
0.0009940594064357094,91.1029824888645
0.0009968340539511522,91.34157305303852
0.0009990108152401912,91.52860954524765
0.0009946807096132134,91.09559898254987
0.000980949048330383,89.72243285426681
0.0009583560471823961,87.46313273946812
0.0009291801655970598,84.5455445809345
0.0008951221028410673,81.13973830533526
0.0008554199584925664,77.16952387048516
0.0008071404396409379,72.3415719853223
0.0007468861618352924,66.31614420475776
0.000672969373706059,58.924465391834424
0.0005869453736664807,50.3220653878766
0.0004931789915019514,40.94542717142367
0.0003986868638041722,31.496214401645748
0.00030696327267147643,22.32385528837617
0.00021573595685449632,13.201123706678159
0.0001203835392869013,3.665881949918656
1.804024869200843e-05,-6.566763231703487
-9.079198941890132e-05,-17.42049681350442
-0.00020520861208086545,-28.754436812825684
-0.00032043848848633405,-40.04094704824785
-0.0004296153675141099,-50.57315736197507
-0.0005271804749441626,-59.82076616776265
-0.000611611773681717,-67.67811247164342
-0.0006845577058932107,-74.34587308244441
-0.000747796726061806,-80.02856251204331
-0.0008026024759565146,-84.87566008806022
-0.0008487963859574589,-88.9025639771144
-0.0008840570458455742,-91.93916425094433
-0.0009017884884038071,-93.4537385269853
-0.0009006280237191787,-93.33769205852246
-0.0008873446167809525,-92.00935136469982
-0.0008738550653396536,-90.66039622056995
-0.0008700177506810533,-90.27666475470991
-0.0008793811524815109,-91.08235398889043
-0.000898622506844587,-92.73072908961143
-0.0009200710509302304,-94.55653253892554
-0.0009365758862227656,-95.95304353543925
-0.0009436725268049086,-96.55122516677639
-0.0009406887129417029,-96.25284378045582
-0.0009300992154406056,-95.19389403034609
-0.0009181274855677305,-93.99672104305859
-0.0009056815742405096,-92.75212991033649
-0.0008861463932350852,-90.79861180979405
-0.0008495703795289004,-87.14101043917557
-0.0007893607815944541,-81.12005064573094
-0.0007059896091293708,-72.78293339922261
-0.0006064879869744161,-62.832771183727154
-0.0005001650795792216,-52.2004804442077
-0.0003932067332843675,-41.504645814722295
-0.0002862684094246485,-30.810813428750397
-0.0001754128628678597,-19.72525877307152
-5.6727542724780143e-05,-7.856726758763565
6.965439485937794e-05,4.780674491033821
0.00019852159310631878,17.637278963904766
0.00032304214956274294,29.967810890333837
0.00043575767970683796,40.9980002759502
0.0005312025053470864,50.20635307091729
0.0006081209851034985,57.52098647743495
0.0006691644539841699,63.249435030145555
0.000718993516470053,67.87082535525145
0.0007617315889339749,71.79293835045804
0.0007984603745731227,75.13140587443391
0.0008259687817388087,77.61161322064166
0.0008414646807430496,79.00095502602171
0.0008454803118766719,79.36006181933998
0.0008424670622609155,79.05873685776434
0.0008386885219490654,78.68088282657935
0.0008392558637612963,78.73169054364911
0.0008455182056781474,79.29199967909632
0.0008554658438919984,80.18011619809039
0.0008656981233994133,81.09116024296756
0.0008737283034086228,81.8043589583283
0.0008814115954189985,82.4852744121817
0.0008896954942202915,83.21779171253696
0.000897085849121219,83.86986359920684
0.0008982042409462471,83.96842429724691
0.0008851911097155932,82.66711117418151
0.00085560150936054,79.7081511386762
0.0008203856448272675,76.18656468534896
0.0007842839004929309,72.57639025191529
0.0007281775276663374,66.96575296925593
0.0006380722390591303,57.955224108535226
0.0005232115520495172,46.46915540757392
0.00040376410832747116,34.52441103536932
0.000295129480652564,23.660948267878595
0.000201731803523008,14.321180554922996
0.00011769811485260557,5.917811687882753
3.2842774335065e-05,-2.567541441624375
-5.843943275321198e-05,-11.686432875471647
-0.0001526861940551468,-21.06617455998556
-0.00023875968985057834,-29.577838908233343
-0.0003051455735386188,-36.093516268802254
-0.00034766487438820883,-40.23951989909891
-0.00037132273109815965,-42.53611088213646
-0.00038726607854154966,-44.07941885617117
-0.0004065386949002516,-45.940076724406865
-0.0004340465799476401,-48.58607827506234
-0.00046727033822516564,-51.765877498202485
-0.0004988631283056412,-54.77244125415323
-0.000521673308808521,-56.93231540152712
-0.0005326908558225126,-57.97217876449919
-0.0005349355440534094,-58.18376346818487
-0.000535438836761018,-58.23119108905409
-0.0005410207703843924,-58.75688622756791
-0.0005548675200489352,-60.0584147902679
-0.0005747600853490216,-61.92179571294956
-0.0005949167340203037,-63.80200109228949
-0.000609141102914188,-65.1239411184931
-0.000613859064873337,-65.5614937874915
-0.0006090841968854862,-65.08400698870642
-0.0005971698888719808,-63.89257618735588
-0.0005803088394280171,-62.2064712429595
-0.0005583669372734342,-60.01228102750121
-0.0005286792088240849,-57.04350818256628
-0.0004876908725764822,-52.94467455780601
-0.00043303862163132455,-47.47944946329025
-0.00036502657423592174,-40.67824472374997
-0.00028691908644642875,-32.86749594480067
-0.00020355935926008728,-24.53152322616652
-0.00011954794581902504,-16.1303818820603
-3.768035532976815e-05,-7.943622833134608
4.101646875164635e-05,-0.0739404249931598
0.00011643132126759817,7.46531600264602
0.0001884465380053003,14.651743937323255
0.000256372283674186,21.40702424785608
0.0003191961800173535,27.62580669350952
0.0003760045652979532,33.218140862261436
0.0004267837406400604,38.18711138433851
0.0004723932911860924,42.62272747425285
0.0005140064347700823,46.644478270922164
0.0005523230180617426,50.32448004003656
0.0005872095499264957,53.65435510373773
0.0006180027256473939,56.57615951725464
0.0006440966972419304,59.03872156183792
0.000665517598491277,61.050761974179
0.0006835206128399705,62.73493191953271
0.0007002781274847128,64.2968406623935
0.0007179589155273007,65.93866616507404
0.0007377020462404581,67.76438788592066
0.0007591275734241608,69.73639342886602
0.0007807409942119284,71.71566360530092
0.0008002664848779581,73.4948776409554
0.0008155648330201039,74.88292041625813
0.0008250453286102269,75.74042424077672
0.0008278870568311283,75.99705406615296
0.0008236767410295606,75.57602248599618
0.0008119788656127635,74.40623494431647
0.0007924519986507782,72.45354824811794
0.0007648287246908289,69.69122085212302
0.0007290769195406367,66.1160403371038
0.0006854413727838444,61.75248566142457
0.0006346895753878617,56.677305921826296
0.0005782179174030998,51.0301401233501
0.0005176543080617597,44.973779189216096
0.0004545587624770027,38.66422463074039
0.00039033246190085184,32.24159457312531
0.00032618755565372916,25.82710394841305
0.0002631092527361811,19.51927365665824
0.00020165132553778798,13.373480936818932
0.0001423070772412584,7.4390561071659755
8.567951791241889e-05,1.7763001742820221
