Desplacment,Force
0.0,0.0
1.1906531390453256e-06,0.11906529143184091
3.6390762899119617e-06,0.3639069873799821
5.397063664408416e-06,0.5397042734373795
5.4003717140247635e-06,0.5400350745480414
3.918737189195803e-06,0.39187162206514536
2.2079377232634406e-06,0.22079167547190912
1.6414164808920374e-06,0.1641395512347688
2.682741606173475e-06,0.26827186558448957
4.659561940090115e-06,0.4659528091558031
6.173018519038304e-06,0.617296682190635
5.765176842680443e-06,0.576512514554849
2.5896302730744853e-06,0.2589578575942533
-3.1638173506316017e-06,-0.31638650875968943
-1.0364082262974034e-05,-1.0363986001833039
-1.7868610129239356e-05,-1.7867902538930165
-2.5178032171922134e-05,-2.517595930513691
-3.242189006819617e-05,-3.24174053080327
-3.987084455575933e-05,-3.9862460175151346
-4.749961723209247e-05,-4.748540621948429
-5.492305988788278e-05,-5.4901064860178055
-6.110593944356742e-05,-6.107563265185018
-6.481059685495633e-05,-6.47744296635163
-6.531982817937561e-05,-6.528280092171584
-6.302685061841257e-05,-6.298982336075279
-5.909635371313248e-05,-5.90593264554727
-5.462350571901967e-05,-5.458647846135989
-5.0573529320215546e-05,-5.053650206255576
-4.7431232196924354e-05,-4.739420493926458
-4.534607363093792e-05,-4.530904637327813
-4.429016370556249e-05,-4.425313644790271
-4.375523033242912e-05,-4.371820307476934
-4.265306860794064e-05,-4.261604135028086
-3.989650386497322e-05,-3.985947660731344
-3.496287240124246e-05,-3.4925845143582688
-2.7842316025472473e-05,-2.7805288767812693
-1.911528900421637e-05,-1.9078261746556593
-9.275962932793583e-06,-0.9238935675133803
1.4909737058226994e-06,0.1527999287538299
1.3017834797646744e-05,1.305456456427988
2.4970679616444477e-05,2.500562340918306
3.637028448465835e-05,3.640088645519857
4.586577551530923e-05,4.588992800847609
5.251688345062569e-05,5.253459225493582
5.69362669652857e-05,5.694868325935325
6.03872693598187e-05,6.039493935533218
6.414684578127567e-05,6.414869103075067
6.903385116870265e-05,6.902703780670127
7.4736263841001e-05,7.4717679107159
8.151209363365929e-05,8.147699232218548
9.05533421961182e-05,9.049151856228757
0.0001032781188085931,10.316857558289417
0.0001202359180175351,12.004185354633448
0.0001397740459162605,13.944837925676644
0.00015789061751629227,15.740536407223464
0.00017026371332794097,16.96462716519158
0.00017434196003866838,17.367652734230635
0.0001699578463859981,16.92924136896361
0.00015895964538830302,15.829421269194096
0.0001442641546260855,14.359872192972347
0.0001292477224569651,12.85822897606031
0.00011572745962535007,11.506202692898805
0.00010382846042162301,10.3163027725261
9.302476882923961e-05,9.235933613287758
8.32367771088899e-05,8.257134441252788
7.597625885721825e-05,7.531082616085623
7.37473052419236e-05,7.308187254556159
7.844328422151605e-05,7.776718374466306
8.96019394443291e-05,8.889485939335419
0.00010442155853565071,10.365952906438189
0.00011904305924003614,11.820908719688124
0.00012956927196351706,12.86712256432064
0.00013338166190811514,13.24576671227765
0.00012978039314131808,12.885639835597944
0.00011985585731430438,11.893186252896575
0.00010513239702033701,10.420840223499837
8.612896144401496e-05,8.520496665867633
6.328440980985699e-05,6.236041502451835
3.791416097724941e-05,3.6990166191910774
1.0980392118442617e-05,1.0056397333103981
-1.820810523046342e-05,-1.9131224621649627
-5.007220107114522e-05,-5.09785779069263
-8.388538500873312e-05,-8.472824072041833
-0.0001184206509539104,-11.91187616616084
-0.00015262347032622445,-15.306714411845508
-0.00018670417467575278,-18.675348645479065
-0.00022201037329661337,-22.1470713215651
-0.0002598739018093643,-25.846172418309703
-0.0003003503500197434,-29.768630059768558
-0.0003415558372031431,-33.723177092094
-0.0003801663878786484,-37.38923650525648
-0.0004124050274913898,-40.41831477110679
-0.0004351261185860997,-42.534471832045824
-0.00044742136828425106,-43.67288347413629
-0.000450765494996895,-43.98167896336974
-0.0004480522478951299,-43.71035425319322
-0.00044220243008408016,-43.12537247208825
-0.0004351763053138534,-42.422759995065576
-0.00042788016975882023,-41.69314643956225
-0.0004207549863169532,-40.98062809537555
-0.0004150873797029954,-40.41386743397977
-0.00041197157022911427,-40.10228648659165
-0.00041173431374298203,-40.07856083797843
-0.0004141403930054552,-40.30367150565576
-0.00041860143929801436,-40.720582637563766
-0.0004244702242048749,-41.2681364260498
-0.0004307708017473917,-41.854801564110225
-0.00043703919190176424,-42.43724850903977
-0.00044324046759573125,-43.01224680209036
-0.00044940388775219984,-43.582526523205665
-0.00045554062511418697,-44.14912718793166
-0.0004602577413360568,-44.583826219089794
-0.00046091610978892574,-44.644439530403574
-0.00045461161354056785,-44.01398990556779
-0.0004396352121385066,-42.51634976536166
-0.00041601962347176727,-40.15479089868773
-0.000385267296734848,-37.0795582249958
-0.0003496503152004399,-33.51786007155499
-0.0003112277135611064,-29.67559990762164
-0.0002712342212170393,-25.676250673214927
-0.0002299497041149677,-21.54779896300777
-0.00018747861248332798,-17.300689799843802
-0.00014441312146748971,-12.994140698259974
-0.00010101289052414324,-8.654117603925327
-5.548407844066779e-05,-4.101236395577781
-6.857084244749322e-06,0.7614419835680203
4.433558143130684e-05,5.87794715234437
9.67671588127031e-05,11.105363100386464
0.00015002264487014067,16.38994458580091
0.00020460143866000044,21.767570233624625
0.0002615049574938371,27.319939699422605
0.000321335134987416,33.08374495502563
0.00038298095069999393,38.92783226354383
0.0004442798321124867,44.62924648732705
0.0005023419566221612,49.91649576009429
0.0005535743318299911,54.4820333703993
0.0005923947085068268,57.87508656305741
0.0006154716085960438,59.86380605001591
0.0006227394630194868,60.485664673183464
0.0006158240294625327,59.794121317488056
0.0005964386523178709,57.85558360302187
0.0005630952330956259,54.521241680797374
0.0005112847735726227,49.34019572849706
0.0004367957218116202,41.8912905523968
0.0003395480043400888,32.16651880524367
0.00022528000953612914,20.7397193248477
0.00010428327490497277,8.640045861732066
-1.2018665795724003e-05,-2.98943014790463
-0.00011478621566086092,-13.235174120284546
-0.00019987332855586927,-21.63783445887969
-0.00026732470393441997,-28.213865950545014
-0.00031970371906725,-33.25309733130682
-0.00036008854447487827,-37.091380635039116
-0.0003900801136490582,-39.912577537772236
-0.0004093867928179978,-41.71460381658308
-0.00041937421611269477,-42.6422984952939
-0.00042645040173479857,-43.29767915628938
-0.0004371573810300023,-44.28628966831008
-0.0004547275839699611,-45.900491789268955
-0.00047917075763027065,-48.12886521382634
-0.0005089944846081169,-50.81954224558938
-0.0005427802086410441,-53.82862655747232
-0.0005805140552245316,-57.13819074379682
-0.00062336710624911,-60.828459493113925
-0.0006726023641343948,-64.9748666155623
-0.0007280196649510413,-69.5175161923752
-0.0007871000492345081,-74.21008420115044
-0.0008457439749183733,-78.70998953949068
-0.0008993053150701814,-82.67940681311242
-0.0009425502031730003,-85.78510482029145
-0.000968235613406492,-87.58751501454707
-0.0009710552490003728,-87.78345407807065
-0.0009485281984545038,-85.53074902348374
-0.0008999190951662118,-80.66983869465454
-0.0008243645192084063,-73.11438109887399
-0.0007200815140677085,-62.68608058480421
-0.0005853211173509948,-49.21004091313286
-0.00041975154254124067,-32.653083432157445
-0.00022649187733364816,-13.327116911398198
-1.3305252421777242e-05,7.981816426636666
0.0002076720505378317,29.719464543016393
0.0004236484478538819,49.89503856744138
0.0006244918305892219,67.1796913451174
0.0008042460607272711,81.17074410459527
0.0009620952822498694,92.20583755460426
0.0010981701928251299,100.76376680668315
0.0012119085673570112,107.25058109384634
0.001302522034151311,111.99881640608066
0.0013706551833158364,115.33306769804734
0.0014194607594242613,117.60120424677392
0.0014545850986451298,119.17314391728611
0.0014828606941116856,120.40266750434552
0.0015101700124330413,121.56033728646703
0.0015400595517265226,122.79439899387496
0.0015729727501788016,124.114216734989
0.0016072816748940702,125.4473681312648
0.0016407029221633858,126.705179783492
0.001671216472899047,127.81920237842068
0.0016967815054893243,128.7278788714369
0.0017142835112050944,129.33723555203792
0.0017195938821291269,129.52010360880803
0.0017080151890548204,128.36223430137738
0.0016755478671967579,125.11550211557113
0.0016205783190083427,119.61854729672959
0.001543837494807662,111.94446487666153
0.0014460703495202632,102.16775034792167
0.001323774900729584,89.93820546885374
0.0011747200342619934,75.03271882209468
0.00100002336191618,57.56305158751335
0.0008033330971929107,37.894025115186416
0.0005882717960190155,16.3878949977969
0.0003571275020436168,-6.720017638492085
0.00011089473617306924,-30.894144955531463
-0.0001502643483325935,-54.90750587360272
-0.0004254553839901555,-77.36199784401629
-0.0007112277792723319,-96.97554055288089
-0.0010010692285499665,-112.9553511354774
-0.0012854265187173496,-125.16485565890213
-0.0015536639428267698,-134.03815949450845
-0.0017952676469890412,-140.25830875301926
-0.002001384768451348,-144.50459991407175
-0.002167084615047587,-147.34471518811384
-0.002291165184779071,-149.1917397148244
-0.0023745808077941066,-150.3163153394573
-0.0024152422463070487,-150.83343740101563
-0.0024137590868097032,-150.35234442015766
-0.002374629668578342,-146.43940259702154
-0.0023047526187103965,-139.45169761022697
-0.0022103984192921836,-130.01627766840568
-0.002095394873814911,-118.51592312067842
-0.0019612387241558305,-105.10030815477039
-0.0018047236546338689,-89.44880120257423
-0.0016208494649099991,-71.06138223018725
-0.0014085501686196555,-49.83145260115289
-0.0011743299032678637,-26.409426065973715
-0.0009340944750538488,-2.385912714889586
-0.0007085209354974367,20.011051266762674
-0.0005168123597463879,38.37305725604684
-0.0003712521573133454,51.59174385727027
-0.00027137722367301875,60.204371095246465
-0.0002053829042010576,65.66759742681376
-0.00015931603547654112,69.36790297603957
-0.00013293818480058082,71.4436242256803
-0.00012645756506577844,71.94873414546186
-0.00013556516302138676,71.03797434990103
-0.00015022589825956792,69.57190082608291
-0.00015198061596437233,69.3641540466484
-0.00013393668590357385,70.78776630724172
-0.0001040011216837895,73.11677318589388
-7.771342916895234e-05,75.12785122320327
-6.359715890935099e-05,76.1945023288505
-5.723495198039351e-05,76.67219315270921
-4.15771293508949e-05,77.83972546957078
7.045807377747528e-06,81.39148712730359
0.0001076781994210821,88.38440097089911
0.00026836509869263404,98.5475579158959
0.000481649945039445,110.18450419715568
0.0007352279853972117,121.4873473762145
0.0010176157043129191,131.2917871968827
0.0013157695681800788,139.08874234452912
0.0016118544890216624,144.8554040517479
0.001883262666173507,148.86109271991242
0.002106421693664837,151.4716027853177
0.0022613061393139365,153.00215875211327
0.0023372633577463746,153.6825364356295
0.0023334752669055287,152.59524449752857
0.0022596846956378313,145.21618737075883
0.002135619669978726,132.8096848048483
0.001986372565266901,117.88497433366582
0.001832694243587198,102.51714216569552
0.001683495901727729,87.59730797974862
0.0015394980652078884,73.19752432776457
0.0014026539107052385,59.51310887749957
0.001283463721211723,47.594089928148044
0.0012007454691397232,39.32226472094806
0.0011721595024245927,36.463668049435014
0.001202476210808357,39.34346219201999
0.0012779602258034043,46.39911418083029
0.0013689342522164945,54.656509985026275
0.00144065414031588,60.95266552835525
0.0014663374812586717,63.15801711122653
0.001439295135795763,60.453782564935665
0.0013729777891477784,53.82204790013721
0.0012906445883396934,45.58872781932871
0.001210532471034132,37.57751608877256
0.0011374188000853793,30.266148993897296
0.0010623838469691505,22.76265368227441
0.0009701024018970836,13.534509175067724
0.0008479926488382997,1.3236026897480178
0.0006906330972647659,-14.347345192504141
0.000499255117151548,-32.93537229982237
0.00027851554960784975,-53.1373706286781
3.6346123845301345e-05,-73.13547676945096
-0.00021956840093855022,-91.35377329023198
-0.0004798620054851451,-106.69951959640342
-0.0007310268123252155,-118.64960364150292
-0.000955144812835214,-127.22826776532328
-0.0011328440771149904,-132.83378754228534
-0.0012489871417611011,-136.00295193050093
-0.0012979451177158802,-137.23338462542478
-0.0012874801861542603,-135.9979591029722
-0.0012323142225048554,-130.4813627380317
-0.0011489678497578193,-122.14672546332807
-0.001052424946349681,-112.49243512251425
-0.0009552841893981438,-102.77835942736053
-0.0008663844679805533,-93.88838728560148
-0.0007884425350413594,-86.09419399168209
-0.0007254925093252039,-79.79919142006652
-0.000686645000841045,-75.91444057165064
-0.0006834238178466057,-75.51346632729435
-0.0007227563552662238,-78.50971337957213
-0.0008022336240800576,-84.34224898825873
-0.0009085537539519193,-91.67408599549923
-0.0010205671922537021,-98.81390917664918
-0.0011148626561456156,-104.36510726419422
-0.0011727404809362375,-107.56897322076686
-0.0011873279644033093,-108.35251180107029
-0.0011619517262568373,-105.81488798642307
-0.0011079294310191751,-100.41265846265688
-0.001040733540323069,-93.69306939304626
-0.0009756486206623806,-87.18457742697741
-0.000923126370539828,-81.93235241472216
-0.0008850888901088647,-78.12860437162583
-0.0008544403743209349,-75.06375279283284
-0.0008161809680042934,-71.2378121611687
-0.0007589405602182839,-65.51377138256775
-0.0006805081724298194,-57.6705326037213
-0.0005849407119213975,-48.11378655287911
-0.00047688387288236263,-37.30810264897563
-0.00035997077989698167,-25.616793350437526
-0.00024091322161462226,-13.711037522201584
-0.0001232655433581645,-1.9462696965558106
-9.068000629523548e-06,9.461038541145903
9.657978005154827e-05,19.92671385946268
0.00018248548773317316,28.310245409519023
0.0002349084391211639,33.34901652223402
0.00024431155399702776,34.24092018371459
0.00020939276813443012,30.74904159745483
0.00013877581180751436,23.687345964763256
4.905626914932213e-05,14.715391698944034
-3.682354463476601e-05,6.127410320535221
-0.0001034901604134552,-0.5392501289561364
-0.00014758413897050148,-4.94731410440495
-0.00017221863209183945,-7.407318777155128
-0.00017779554765777255,-7.963644505295675
-0.00015685785381394602,-5.869875120913022
-9.630681971860434e-05,0.18522254706906746
1.392044227675415e-05,11.18768487729913
0.00016915070419969846,26.471029918493993
0.00035494357706290487,44.08855582865776
0.000551942242318381,61.543972038109835
0.000741381573771772,76.82282940821732
0.0009081487462946796,88.90419138702762
0.0010410006937714203,97.5786542112159
0.0011318662447357547,103.02930847129025
0.001176204188830563,105.54931618404895
0.0011770249079826563,105.3855528731067
0.0011385135315683103,101.53441523167209
0.001065031979970897,94.18626007193076
0.0009620892666121931,83.89198873606036
0.0008363763608503641,71.32069815987747
0.0006966037372402205,57.343435798863105
0.0005521861151087862,42.901673585719664
0.0004172144163866394,29.404503713504987
0.0003085052628980037,18.533588364641417
0.00024036382816532888,11.719444891373936
0.0002191271169871668,9.595773773557731
0.0002401481333034468,11.689003648225704
0.0002887576740419975,16.51302675868884
0.0003445591768424363,22.013140634650807
0.00039058845714825315,26.51092901254746
0.00041664206651544316,29.03818665650497
0.0004213467113320738,29.492983730994325
0.0004121316022015034,28.571472817937284
0.00040106347892112965,27.464660489899913
0.0003978633718813307,27.14464978592002
0.00040320743999664577,27.663480872971284
0.00041207041336169216,28.52261160069899
0.0004175829510958261,29.056110194884404
0.00041375523508079015,28.67333859338081
0.00039633443242505727,26.93125832780752
0.00036111231396104723,23.409046481406516
0.00030264071342484206,17.561886427785996
0.00021438103996867884,8.735919082169675
9.186122847781121e-05,-3.5148158668511105
-6.253706942529604e-05,-18.85959732245297
-0.0002352158605577836,-35.58382664046664
-0.0004064867465902057,-51.37753566172448
-0.0005564020963435487,-64.33037376048178
-0.0006697320700949972,-73.49292072453473
-0.0007384176011783229,-78.76275465477504
-0.000761326953124058,-80.47152400008146
-0.0007423665888087368,-78.57548756854933
-0.0006896097632975796,-73.29980501743361
-0.0006162247711462203,-65.96130580229769
-0.0005333869317977727,-57.67752186745291
-0.00044789255649500527,-49.12808433717618
-0.0003642312633562313,-40.76195502329878
-0.00028876638643051056,-33.2154673307267
-0.0002314711942047196,-27.485948108147614
-0.00020392895481963306,-24.73172416963896
-0.0002157849681020332,-25.886665258631034
-0.00027054989586315024,-31.18284099464149
-0.0003630642149509642,-39.960650461653586
-0.0004791117795808507,-50.60487737493994
-0.0006025649417450746,-61.39309406120746
-0.0007210179059381739,-71.15323867767921
-0.0008275740333637606,-79.39631498658653
-0.0009206351881716196,-86.16071206881341
-0.0009990161537033373,-91.53756130694389
-0.0010591142572763017,-95.46100232079094
-0.0010958722521671178,-97.77579048699808
-0.0011049930560626557,-98.34022711870074
-0.0010841254320989703,-96.25346472233223
-0.0010325944600721238,-91.10036751964756
-0.0009539512287798226,-83.23604439041745
-0.0008549775963044133,-73.33868114287651
-0.0007426841963917498,-62.10934115161016
-0.0006216376681659579,-50.00468832903097
-0.0004936461093756055,-37.20553244999573
-0.0003593815005003751,-23.77907156247269
-0.00022085093419884968,-9.926014932320149
-8.332632622989208e-05,3.824829031314633
4.4771435075352165e-05,16.570354058073622
0.00015316551776609652,27.191000816691837
0.00023302197317529787,34.86058202458682
0.00027898496573190853,39.19996040493404
0.00028902237760436845,40.13949429731908
0.00026191723169335647,37.42897970621789
0.0002004813224278234,31.285388779664576
0.00011189876964431293,22.427133501313534
5.223911394211379e-06,11.759647676303382
-0.00011109128407029021,0.1281281298532272
-0.00023050574811980408,-11.79330651250123
-0.00034796333443452675,-23.39405525365308
-0.00045869417206484994,-34.10582658017272
-0.0005572032022595498,-43.37401722171095
-0.0006372038760053412,-50.677250269520286
-0.0006930034558968872,-55.63651437119716
-0.0007208691424553999,-58.068651104333696
-0.0007201064703750723,-57.99238389630094
-0.0006934762052182548,-55.32935738061919
-0.0006460269829436418,-50.58443515315789
-0.0005823306056689488,-44.214797425688595
-0.0005028459278104327,-36.26632963983698
-0.00040925552269638295,-26.907289128432
-0.00030704325227485493,-16.686062086279204
-0.0002036327144857362,-6.34500830736733
-0.00010505948682426573,3.5112927815626764
-1.5689400849852306e-05,12.420730427464033
5.9841882004718845e-05,19.8893975924138
0.00012119414373516418,25.89058248237695
0.00017162058745847074,30.766274928095747
0.00021469096609119182,34.88292338969674
0.0002504201888857581,38.26048652035942
0.00027528606830042583,40.589446912927514
0.00028480868536035994,41.47640290340447
0.00027543821589829303,40.53935595719778
0.0002469426940636556,37.689803773734035
0.0002050554015674865,33.50107452411713
0.0001643021016646559,29.425744533834067
0.00013718544504241317,26.714078871609793
0.0001293506573033789,25.930600097706368
0.00014054870023468206,27.01809334319421
0.0001700001292939434,29.865297949998343
0.000220465503388947,34.69616710266852
0.0002979843468498281,41.98205942949155
0.0004102526165621557,52.19386427973267
0.0005610089669105672,65.16021778532586
0.0007438356940200568,79.56934234533601
0.0009364113430310919,93.05567547996618
0.0011147103859821326,103.9672211170376
0.0012615548115858272,111.85129718247136
0.001368518193958945,117.00045708845298
0.0014362526919307304,120.01616192157593
0.0014629483083755878,121.15455508557652
0.001440545652975071,118.91428954552485
0.0013582555998303226,110.68528423105
0.0012107499327784412,95.93471752586187
0.0010042995268971472,75.28967693773248
0.0007586792845688839,50.72765270490616
0.0005026996092125316,25.129685169270925
0.0002655029580650028,1.4100200545180501
6.92939714277044e-05,-18.120272998406747
-7.514453043815125e-05,-32.16621353833984
-0.00016758313175509025,-40.893916759291216
-0.0002149627592309091,-45.26806912195376
-0.0002300912080331192,-46.64916721963217
-0.0002329760489569654,-46.91164163636143
-0.0002400924884476991,-47.55789352031622
-0.0002603728208401178,-49.38982450843311
-0.00029581826813513366,-52.55594112774306
-0.00034586170867025306,-56.945177948717735
-0.00041070126699703903,-62.483501302742475
-0.0004928716009975141,-69.24661538523114
-0.0005945175624669922,-77.1952621436264
-0.0007110669687797246,-85.71647486906724
-0.0008376363596722683,-94.23638951174485
-0.0009700686403859068,-102.33432416927965
-0.0011044647327324924,-109.720923629088
-0.001235399337101655,-116.14991717490267
-0.0013556182251522894,-121.42751964631238
-0.0014571159567400118,-125.44962874234156
-0.0015331679213601767,-128.22058987425908
-0.001582529202330499,-129.91397084537988
-0.001603718241812137,-130.6164705198734
-0.001592540206777958,-129.4986670164555
-0.0015427693822528414,-124.52158456394385
-0.001449232726137291,-115.1679189523888
-0.001311629796689879,-101.40762600764761
-0.0011343385789181978,-83.67850423047949
-0.0009311357347086184,-63.35821980952155
-0.0007221238566568999,-42.45703200434969
-0.0005262641729656878,-22.871063635228488
-0.00035395519409978115,-5.640165748637825
-0.00020468931574066525,9.273091204759972
-6.998875602671722e-05,22.582162768450615
6.185837078765004e-05,35.289699089967726
0.00019964992928551102,48.06209044254578
0.0003454656546778454,60.850360355657756
0.000493482655377773,72.93173193963526
0.0006361884937092133,83.6360988297263
0.0007684709980632683,92.69527639414962
0.0008874316727106832,100.12867714347425
0.0009907959186612359,106.04867858193977
0.001076908551712915,110.60960252447403
0.0011465147965305665,114.05834674772603
0.0012005679448957405,116.5947124215809
0.0012407990913342864,118.40442575194743
0.0012711063285158473,119.72480054270787
0.0012990660298000706,120.91084951039102
0.0013338076670071969,122.3425859640183
0.0013830334090804291,124.29351777612062
0.0014514731706418468,126.85990610042097
0.001539495193701859,129.92335798960414
0.0016427664703404959,133.1999377821599
0.001750582979834153,136.28458278667196
0.0018528194129645474,138.9209148749921
0.0019425144034495685,141.02336321274288
0.0020142122945941933,142.57423239473312
0.0020622050970112013,143.55235575732448
0.002081316525245852,143.92909226742628
0.0020708799504785273,142.86828162390134
0.0020277664449307176,138.55693106912037
0.0019466710337053598,130.4473899465846
0.001822595253599201,118.03981193596873
0.0016570576867754858,101.48605525359723
0.0014624815426230202,82.02844083835065
0.0012602445532524824,61.80474190129688
0.0010740304543970505,43.18333201575369
0.0009194360549641471,27.723892072463347
0.0008037372120074496,16.154007776793595
0.0007250990835444952,8.290194930498158
0.0006726680575801563,3.0470923340642706
0.0006287907175606426,-1.3401519296493554
0.0005731484825718526,-6.895520268705468
0.0004881374254324362,-15.336275750304749
0.000363687492920742,-27.502425439001723
0.00020110836431026785,-42.848993092365525
9.817498067141422e-06,-59.78543944915978
-0.00019639973112854908,-76.34740430590861
-0.00040286052547448966,-90.95304253503656
-0.000596681987669742,-102.8173046652884
-0.0007687653045522507,-111.90265822336801
-0.0009146152536133744,-118.60747892264064
-0.0010346105199283365,-123.49287980893371
-0.0011334740043854015,-127.12372627503404
-0.0012185721137066637,-129.98480331630668
-0.0012983027068910911,-132.4589226332361
-0.001380945326914426,-134.8270133503984
-0.001475542401096515,-137.3105282044713
-0.001587216828913377,-139.9574126283117
-0.0017159303253349916,-142.6651646312692
-0.0018570641484301257,-145.2635771150286
-0.002002750147846872,-147.59487349062496
-0.002144369801269977,-149.5690850156535
-0.002274692428112452,-151.16853896311784
-0.002388725071400467,-152.42086550552636
-0.002481326329668081,-153.34926169668142
-0.0025487965385977405,-153.9808671492636
-0.0025891764454366254,-154.34218987446957
-0.0026015011595204958,-154.4501015143631
-0.0025861704395663257,-152.91702951894607
-0.0025459331183891078,-148.8932974012243
-0.0024860216803058366,-142.90215359289718
-0.002410321239193207,-135.3321094816342
-0.0023177749356286547,-126.07747912517898
-0.0022025204939155425,-114.55203495386776
-0.0020589044933636306,-100.19043489867659
-0.0018875407119500998,-83.05405675732351
-0.001697578836599135,-64.05786922222703
-0.0015047243931135702,-44.77242487367054
-0.0013256769339229345,-26.867678954606962
-0.0011681302971231803,-11.11301527463155
-0.0010257584204685928,3.120709852274717
-0.0008858988573768611,16.998224056654916
-0.0007393716387567337,31.201811775999005
-0.000584921386888016,45.56452166524244
-0.000428411489729763,59.26738457623162
-0.00027842406242941135,71.44334046182901
-0.00014015101473861813,81.75822603580129
-1.3888600562148934e-05,90.38352632174764
0.00010442489895816511,97.77511589915098
0.00022064851384903759,104.39775275074794
0.00033966131066099774,110.54757471678747
0.000464412340805427,116.34365676715608
0.0005961843619802176,121.79256175826481
0.0007350972851422316,126.85106596111714
0.000879029997131906,131.42440982439706
0.0010266959473552001,135.49075756064258
0.0011774756919097453,139.07191011360163
0.001329181091788497,142.17250056086928
0.0014766420104262974,144.77255313826467
0.0016126655040856726,146.8615435947143
0.0017315712901811156,148.4781178821192
0.0018277957705366051,149.66109452668363
0.0018963750543694597,150.44292448916568
0.0019347606575745907,150.8599729260616
0.0019438439374036265,150.92588419022127
0.0019264986908242672,149.19135953228533
0.001884141919212544,144.95568237111306
0.0018193667531364792,138.47816576350655
0.0017375603692505032,130.29752737490898
0.0016474106585569795,121.28255630555661
0.0015596416929596136,112.50565974582001
0.001481377466395986,104.67923708945727
0.0014126647927720736,97.80796972706602
0.0013454072335862977,91.08221380848845
0.0012672989270971424,83.27138315957292
0.001167408693092311,73.28235975908977
0.0010415973138781626,60.70122183767494
0.000895640939507173,46.10558440057598
0.0007428568311097055,30.827173560829234
0.0005982869389270899,16.370184342567676
0.000470892697555998,3.630760205458484
0.00036264787649756817,-7.185660945927911
0.0002695677653494421,-16.42667233293666
0.00018458001890644948,-24.76003674776249
0.00010153465216765768,-32.762154978337016
1.440537924278222e-05,-40.96526766973212
-8.252375453418322e-05,-49.8108459489058
-0.0001942874417013057,-59.583658469071004
-0.00032423259983066196,-70.2979957684489
-0.00047192158322992116,-81.5516234969159
-0.0006324537718474966,-92.61350146963262
-0.0007970175090130705,-102.67890198757162
-0.0009550592473882082,-111.16875905565128
-0.0010970761123983612,-117.87187902316728
-0.0012166875334049068,-122.88688354727395
-0.0013115606414524784,-126.48511381248152
-0.0013825693865743402,-128.97328309176999
-0.0014327868980541741,-130.63282107649
-0.0014659281731407424,-131.68449922434004
-0.0014854159457157498,-132.28720640849366
-0.0014941217275620316,-132.55276204657866
-0.0014941002667224331,-132.48493349678947
-0.0014873253029068737,-131.80743711523354
-0.0014742999647946483,-130.50490330401098
-0.001452656818994196,-128.34058872396574
-0.001418145983994508,-124.88950522399695
-0.0013676684964636975,-119.84175647091591
-0.0013019737067971992,-113.27227750426609
-0.0012257730065660208,-105.65220748114825
-0.0011457109485231963,-97.64600167686581
-0.0010660291340961819,-89.67782023416437
-0.0009876521893729046,-81.84012576183665
-0.00090800114056415,-73.87502088096117
-0.000822235009338699,-65.29840775841609
-0.0007260293737497885,-55.67784419952503
-0.0006179249396675506,-44.86740079130126
-0.0005002505581675339,-33.099962641299584
-0.000378730360890946,-20.94794291364079
-0.00026098465391829486,-9.173372216375679
-0.00015015142036176214,1.9095142522565878
-4.205994618935538e-05,12.688025869198274
7.009520081624346e-05,23.74148434953337
0.00019034765918872755,35.32697185117373
0.0003175735019347081,47.15684719922623
0.0004461855871445825,58.54989196094018
0.0005686416520536311,68.78041686195884
0.0006788106501594995,77.41884067542497
0.0007739962330948638,84.42814901336313
0.0008551917257251421,90.06654740108732
0.000925601893948365,94.70045418485917
0.000988923267004895,98.66588662329127
0.001047323173024427,102.1552834780716
0.001101068884608861,105.22626775447686
0.0011496351051440976,107.88752744335633
0.001192937091792849,110.17086406981097
0.0012316312043319153,112.14117152578402
0.0012666773690019248,113.8696901898943
0.0012982107476945382,115.38022631553821
0.0013248344182856672,116.62312934117959
0.0013438296947088754,117.49200885419911
0.0013515529805121819,117.8410677214674
0.0013433751882946192,117.02328849971113
0.001313890895379343,114.07485920818351
0.0012614821594182637,108.83398561207558
0.001189052133760115,101.5909830462607
0.0011023869691577238,92.92446658602158
0.0010068063851566024,83.36640818590945
0.0009043822599951315,73.12399566976234
0.0007935046008672118,62.03622975697037
0.0006706943172400192,49.75520139425112
0.0005350680750509445,36.192577175343644
0.0003877895389796635,21.464723568215543
0.000232149344178373,5.900704088086495
7.414759329345017e-05,-9.885326187027893
-7.834573294547868e-05,-24.926569365665653
-0.00021798670768596485,-38.304911645532954
-0.00034146105017889694,-49.669350733879035
-0.0004474128421557376,-58.989412681598985
-0.0005356088179831993,-66.4029106371813
-0.0006063211644002309,-72.10334290536063
-0.000659291899825604,-76.22546781188704
-0.0006969968599972273,-79.08049522031351
-0.000724901121310924,-81.15047589065271
-0.0007500885681941901,-82.98731261132119
-0.0007784487283194173,-85.01943825668161
-0.0008131354540423462,-87.45270480342916
-0.0008542865469400936,-90.26475909297754
-0.0008990688950178656,-93.23278616999089
-0.0009433542165819585,-96.07359645667033
-0.0009833856698100892,-98.56124580919733
-0.0010180784651876561,-100.65589523444206
-0.001047068517703465,-102.36294963759062
-0.0010697177003845646,-103.66941582142371
-0.0010859515513884663,-104.59124037173694
-0.0010965499079954096,-105.18652092161425
-0.0011022522622778327,-105.50467738341301
-0.0011028073132962777,-105.53556643300884
-0.001099113041655047,-105.16613926888576
-0.001093536861583868,-104.60852126176788
-0.0010874703308389765,-104.00186818727873
-0.0010791289203658852,-103.1677271399696
-0.001063260532669182,-101.58088837029928
-0.0010319453485150454,-98.44936995488563
-0.0009774560712602894,-93.00044222941
-0.0008950430519627081,-84.75914029965188
-0.0007846362734486552,-73.71846244824658
-0.0006509272957812639,-60.34756468150745
-0.0005017600690783929,-45.43084201122036
-0.00034614602919754106,-29.869438023135178
-0.00019245286182309663,-14.500121285690739
-4.791638825560023e-05,-0.046474896568103205
8.292930255451739e-05,13.007660218673813
0.00019836070970289353,24.381923366628833
0.0002978648470987517,33.98718719161006
0.0003812094743960797,41.83793806432868
0.0004487326306337211,48.0418206026946
0.000502936291590645,52.90803644547479
0.0005468951006455262,56.774122933310416
0.0005835533797797107,59.94014776760024
0.0006151656762634232,62.62640317257036
0.0006421733387374593,64.88821058064843
0.0006654892043176806,66.81572569074926
0.0006869693663809327,68.57053460920999
0.0007086522608250658,70.32123758468356
0.0007314855257942177,72.1420869061645
0.0007549656372831639,73.98990489739289
0.0007774282535634551,75.73403786394941
0.0007969682859598826,77.23229533076558
0.0008128729063364885,78.43869490279313
0.0008246443910075634,79.32397259694498
0.0008312959975826422,79.82133439253005
0.0008314519303986633,79.83296904546464
0.0008241862744092058,79.1064034465189
0.00080973531403928,77.66130740952633
0.0007894670573644558,75.6344817420439
0.0007651022576499306,73.19800177059138
0.000737568195803493,70.44459558594762
0.000705923323247656,67.28010833036392
0.0006673004964185001,63.41782564744833
0.000618405919189978,58.52836792459612
0.0005572324827334139,52.41102427893971
0.00048350945749816904,45.03872175541523
0.00039805702992600465,36.493478998198796
0.00030285905668355026,26.973681673953358
0.00020025660086206657,16.713436091804986
9.305800546650915e-05,5.993576552249247
-1.4697172865551065e-05,-4.780229978948702
-0.00012066673078564345,-15.329530600894882
-0.00022579819099350916,-25.66060366813336
-0.00033034979352591877,-35.71611587798353
-0.0004318084761498451,-45.19251071645799
-0.0005259958372265966,-53.68668311617252
-0.0006095093672089756,-60.93936272617174
-0.0006815340802047655,-66.96441467983864
-0.0007443084420181825,-72.03171909928606
-0.0008019242604435609,-76.52600272992544
-0.0008582615969495454,-80.7718410549904
-0.0009152346323861801,-84.91342166712225
-0.0009721818814515734,-88.89856322733459
-0.0010265595386395006,-92.5589714336638
-0.0010755090850296377,-95.73296265396405
-0.001116868015000876,-98.32576436306606
-0.0011495167699560767,-100.31530899786507
-0.0011733530101755041,-101.73616887235286
-0.0011886732353588848,-102.63536696573247
-0.0011953499757207456,-103.02382783338673
-0.0011915835848975377,-102.64718875106595
-0.0011761754533495795,-101.10637559627014
-0.0011495968572289587,-98.44851598420806
-0.001113358748843776,-94.8247051456898
-0.0010685694765300516,-90.34577791431737
-0.0010156704225598161,-85.05587251729382
-0.0009554349457450736,-79.03232483581957
-0.0008866601024931607,-72.15484051062828
-0.0008068828394638725,-64.17711420769946
-0.0007145111266198619,-54.939942923298396
-0.000611087286870829,-44.59755894839511
-0.0005015609651016689,-33.644926771479106
-0.0003927701322685159,-22.765843488163803
-0.0002908194311405456,-12.57077337536678
-0.00019800070785528355,-3.2889010468405733
-0.0001142513778396657,5.083843351996141
-3.8274788572139445e-05,12.65333947276493
3.1610242576834905e-05,19.563606944593037
9.744607893093972e-05,26.003582395127307
0.00016166790015582127,32.200061554334404
0.00022696055852175484,38.39430308497266
0.00029667085226470994,44.87032611635648
0.00037395860743613164,51.86142301724809
0.0004608121745219121,59.45284946808107
0.000556930060632348,67.49517250403647
0.0006594889137029471,75.62912403595885
0.0007637422906088508,83.39965298590357
0.0008642685724989669,90.4037034913415
0.0009564511074508697,96.40136937166484
0.0010370124199481955,101.3122484408508
0.0011042190348703464,105.17681362434361
0.0011580652943657744,108.12369178609083
0.0012004579644711777,110.3520713178485
0.001233489448550694,112.03340967731744
0.0012585236658172313,113.27610003786184
0.0012762289626914464,114.13874979596997
0.0012870666102068593,114.66021294073212
0.0012909862387440825,114.84758670136735
0.0012866011794638423,114.40908077334332
0.0012725850316668902,113.00746599364811
0.0012486368319577544,110.61264602273454
0.0012150626231179817,107.25522513875727
0.001171991088698103,102.9480716967694
0.0011192007671164373,97.66903953860283
0.0010559285727540272,91.34182010236181
0.000981689368754298,83.9178997023889
0.0008966419612352213,75.41315895048123
0.0008016769060466727,65.91665343162637
0.0006983632639305422,55.58528922001332
0.0005887214076141549,44.621103588374595
0.00047515163144662447,33.26412597162155
0.0003605512282696573,21.804085653924844
0.000248125951699057,10.56155799686481
0.00014032284815401785,-0.21872114443978022
3.809599166402409e-05,-10.424285325808603
-5.9631464200091105e-05,-20.097652688034234
-0.00015618532565454728,-29.504324454099237
-0.0002537866356180172,-38.79514656696417
-0.00035208234335302904,-47.87013259497426
-0.00044886296932022626,-56.47719532155265
-0.0005418321622460119,-64.39924931504466
-0.0006296773135745431,-71.54591428684326
-0.0007122694589394918,-77.94791427118842
-0.000790210371883058,-83.69750393084726
-0.0008637489304027697,-88.85757501045764
-0.0009311974590333513,-93.36271486721196
-0.0009872539779075436,-96.94146446984448
-0.00102770915324806,-99.43145309247137
-0.0010515696926933192,-100.86386516447759
-0.0010606567397894423,-101.4023636651892
-0.0010573873067514224,-101.07542036138722
-0.0010430505923859966,-99.64174892484463
-0.0010170527696941373,-97.04196665565871
-0.000976880107857418,-93.02470047198678
-0.0009194308417547073,-87.27977386171573
-0.00084264969355154,-79.601659041399
-0.0007484334297397605,-70.18003266022106
-0.0006412133927116945,-59.45802895741444
-0.0005264917793569282,-47.98586762193782
-0.00041078680824499964,-36.41537051074497
-0.0003008190661667191,-25.418596302916917
-0.0002024939959282202,-15.586089279067023
-0.00011815413032873837,-7.152102719118838
-4.9242982478049634e-05,-0.2609879340499658
3.2065088348348994e-06,4.982166851259367
4.0599664219701256e-05,8.71400581001311
6.776789693441e-05,11.419448831721539
9.091057072511685e-05,13.718736406967194
0.00011237582919630902,15.846130177433519
0.00013563688360767635,18.144906004290167
0.00016535113051274872,21.069954681344775
0.00020481388587909405,24.931620403696563
0.00025256893151196793,29.563718528102893
0.000301995770994556,34.30301207027827
0.0003439174056464982,38.27291516788125
0.00036858894100320666,40.58589779580781
0.0003693786997004665,40.65963870168932
0.0003462878516023896,38.35055389188163
0.00030854742916920375,34.57651164856304
0.00026780506531574085,30.502275263216752
0.000233196378490498,27.041406580692467
0.00020978177464562215,24.699946196204884
0.00019906162259879185,23.627930991521854
0.00020361656773968106,24.07297621564934
0.00022873058349681235,26.519556278086032
0.000281175430016885,31.585384441690437
0.00036822134117813247,39.84163345028821
0.00048681415319173156,50.719989509149634
0.0006213270671892178,62.439356125117655
0.0007476297223845593,72.75770615868825
0.0008399144334861019,79.84226041594559
0.0008873181804672894,83.32650373934835
0.0008975322796503849,84.06330800979991
0.0008891054864341861,83.22062868818001
0.0008774903010763785,82.05911015239926
0.0008667044225865298,80.98052230341439
0.0008475507138201365,79.06515142677506
0.0008042655030888711,74.73663035364851
0.0007257653225557157,66.88661230033298
0.0006098498802166733,55.29506806642874
0.00046377951659100065,40.68803170386148
0.00029855608153676877,24.16568819843829
0.00012264107620766214,6.574187665527627
-5.833108956721371e-05,-11.503173517888818
-0.0002397806828140574,-29.32058303841719
-0.00041478681148276786,-45.807284594219226
-0.0005731930710447327,-59.85899906998621
-0.0007022105068063252,-70.55759871879859
-0.0007902840750068113,-77.43683363990189
-0.0008315117275120176,-80.53367498413265
-0.0008277451198759653,-80.0720387461646
-0.0007878792312157885,-76.08544988014691
-0.0007217588849428489,-69.47341525285296
-0.0006425821718297323,-61.55574394154131
-0.0005647205962965293,-53.76958638822101
-0.0004993222537289165,-47.22975213145973
-0.00045159773776114144,-42.45730053468222
-0.0004193343163878834,-39.23095839735642
-0.00039527963265775356,-36.82549002434344
-0.00037211595509251355,-34.50912226781944
-0.00035026262400014637,-32.32378915858273
-0.0003312327018593153,-30.420796944499614
-0.00031521490493474733,-28.819017252042823
-0.0003014744813221014,-27.444974890778234
-0.0002884494909959062,-26.14247585815871
-0.00028209173986430686,-25.506700744998778
-0.0002959189039667322,-26.851800658706463
-0.0003441014435976852,-31.506781356268522
-0.0004316283783022352,-39.81486132843521
-0.0005500066204597956,-50.68334001343394
-0.0006789413770839159,-61.944261689096976
-0.0007925907735130448,-71.3012048186382
-0.0008681399213352098,-77.20274257812612
-0.0008921104216227367,-79.02014989240266
-0.0008640036632161275,-76.20947405174175
-0.0007904226373680822,-68.85137146693721
-0.0006795564234142306,-57.764750071552065
-0.0005391263124974914,-43.72173897987814
-0.0003780284221988103,-27.61194995001003
-0.00020849615669687012,-10.658723399816013
-4.6740005050654376e-05,5.513229276336
8.845981517734903e-05,18.93996046930393
0.00018076982386329313,27.960100659734113
0.0002223926764533883,31.969819127984607
0.00021905222291644216,31.63577377428999
0.00018525501141682964,28.25605262432874
0.00013859550500958145,23.590101983603923
9.48632665338458e-05,19.21687813603036
6.527613254398026e-05,16.25816473704381
5.556743992092905e-05,15.287295474738688
6.69688749476329e-05,16.415553220109018
9.834756080704276e-05,19.5115118447745
0.0001473965886040466,24.319340466067068
0.00020994972941530712,30.38285660515719
0.0002783064567030381,36.90308341929652
0.0003446162105218848,43.10332151353008
0.0004031846254150985,48.46347339207295
0.000451311444151496,52.778383708643275
0.0004889922659727053,56.09648125223806
0.0005182850764809432,58.63770609973455
0.0005420397529821622,60.67313823498962
0.000562495361110869,62.40727524008453
0.0005800267560489009,63.87955845423287
0.0005935863096005585,65.00933269245014
0.0006017869123357042,65.6887742487733
0.0006013560840664318,65.64569142184607
0.000586609094579186,64.17099247312149
0.0005525910051749141,60.769183532694285
0.0004976790666455011,55.27798967975299
0.00042477483499088215,47.987566514291096
0.00034229223878687434,39.73930689389032
0.0002580223719571518,31.312320210918067
0.00017652211214061545,23.16229422926443
9.937858146749434e-05,15.447941161952315
2.6328289981522243e-05,8.142912013355106
-3.842425810938566e-05,1.6676572042643165
-8.54912631852815e-05,-3.03875220771717
-0.00010526661647310895,-5.015087066241899
-9.475828934718363e-05,-3.964254353649367
-5.963568880831268e-05,-0.45199429976227284
-1.2162282257677971e-05,4.294163150509575
3.193905416321568e-05,8.696184357494689
5.8486279466844627e-05,11.339838356664613
5.969548951837479e-05,11.460112847911288
3.55484425509455e-05,9.045408151168358
-8.600741730431001e-06,4.630489723030709
-6.513919912659846e-05,-1.0233285966797336
-0.00012904231808879822,-7.4085923553296285
-0.0001987500484650041,-14.346309462106909
-0.0002732036339604992,-21.695525054361763
-0.0003485316545619086,-29.035939458189873
-0.00041748175994421035,-35.64500901985609
-0.00047133857316477586,-40.7196781863027
-0.0005038547253807061,-43.74175349761771
-0.0005141922510633495,-44.69552249965974
-0.0005072189706908086,-43.99819446240564
-0.0004909215174971342,-42.36844914303821
-0.0004737174063530016,-40.64803802862495
-0.00046328976814741626,-39.60527420806642
-0.0004617446794094433,-39.45076533426912
-0.00046564030092384673,-39.816142399957016
-0.0004684421819565539,-40.07865817545202
-0.000465413286950267,-39.775768674823325
-0.0004561424410463169,-38.84868408442832
-0.0004444637998701603,-37.68081996681266
-0.00043687881509184615,-36.92232148898125
-0.0004391553168703192,-37.13764428987094
-0.00045372968547620005,-38.51270984024337
-0.0004776840249514624,-40.75940573775462
-0.0005069876292066799,-43.48417350176606
-0.0005389846664992457,-46.42806499209385
-0.0005724243275976653,-49.467839045889676
-0.0006068363332587703,-52.554666418975714
-0.0006382048098210042,-55.33029104117405
-0.0006580304078549706,-57.06510212008212
-0.0006554668484010179,-56.80874617468685
-0.0006216982395401461,-53.43188528859969
-0.0005542436840949088,-46.68642974407596
-0.0004579746969277901,-37.05953102736408
-0.0003424545189598545,-25.507513230570524
-0.0002157968988076294,-12.841751215348014
-8.598816058735245e-05,0.13910812558476426
3.949506498279828e-05,12.658541708518387
0.00015570996091990774,24.11316402852387
0.00026141148115591407,34.31242860959263
0.0003577100528509004,43.35168568603844
0.00044463631957722714,51.25753389924541
0.0005240968032099938,58.24341068132379
0.0005994495335295503,64.63481137567653
0.0006733687910504887,70.66881445714063
0.000745362541086265,76.31025820255472
0.0008113717806236883,81.2719562817645
0.0008651805438043546,85.16445095678644
0.0009003190139832018,87.63187191210363
0.0009130819953810995,88.51346503414717
0.0009023845002108514,87.44371551712236
0.000870177712380882,84.22303673412542
0.0008209058566808927,79.29585116412649
0.000760621681046359,73.26743360067312
0.0006967047951556914,66.87574501160636
0.0006369261044859291,60.89787594463013
0.0005900110141351852,56.206366909555726
0.0005639362828982346,53.59889378586067
0.0005639438000039232,53.56062350332539
0.0005907908288694651,55.924990627839094
0.0006398065509262773,60.16887937307857
0.0007018874050177497,65.4026451416079
0.000765551959009625,70.59792988021533
0.0008211918756663828,74.99011669652198
0.0008604119851938402,78.00083395686228
0.0008769787353620675,79.25107501353735
0.0008689987785175686,78.45307932908746
0.0008397315892339348,75.52636040072409
0.0007957763338423685,71.13083486156745
0.0007429497542257798,65.84817689990858
0.0006870013830608712,60.25333978341773
0.0006326644490734867,54.81964638467928
0.0005822732363469992,49.78052511203052
0.0005346631644238323,45.019517919713834
0.0004860115528859143,40.15435676592204
0.00043246785775406457,34.79998725273707
0.0003689299343689865,28.446194914229263
0.00029053126254199814,20.606327731530424
0.00019495913249239222,11.049114726569833
8.468766112828295e-05,0.021971792798522884
-3.259705105470099e-05,-11.683729199684342
-0.00014592252516850652,-22.872117736524604
-0.0002444445135041057,-32.414744173144165
-0.00032222256045403056,-39.78062643895959
-0.0003763374782994901,-44.80077744598123
-0.0004064592505747832,-47.55388342158753
-0.0004150078490385206,-48.32956677309856
-0.0004075150994771397,-47.58029181696047
-0.00039252912224100483,-46.08169409334698
-0.00038051667438830953,-44.88044930807745
-0.0003815234402743308,-44.96023266047193
-0.0004011902774289292,-46.76017888196741
-0.00044203284642423054,-50.45557132451637
-0.0005032994650312532,-55.88476051882721
-0.0005803558315209596,-62.5044402062146
-0.00066477357576538,-69.47037697392949
-0.0007455710863742412,-75.84118893512233
-0.0008116037167173459,-80.82426238136297
-0.0008543812989895072,-83.94284665891769
-0.0008710693652302598,-85.1358664769798
-0.0008619173270528424,-84.22066265923806
-0.0008289191366507615,-80.92084361902997
-0.000775880581163193,-75.61698807027311
-0.0007087098561816275,-68.89991557211657
-0.0006353746473285685,-61.56639468681067
-0.0005645969557910466,-54.48862553305847
-0.0005034176036958988,-48.37069032354369
-0.0004539518716245121,-43.42411711640502
-0.0004145234313309989,-39.4812730870537
-0.0003805389419762628,-36.0828241515801
-0.00034563907157869356,-32.59283711182318
-0.0003029453585783233,-28.32346581178615
-0.00024668056911270086,-22.696986865223906
-0.00017368008448982454,-15.396938402936277
-8.364927861274083e-05,-6.393857815227908
2.0739931576189987e-05,4.043891634277828
0.00013398543253875626,15.320638453984264
0.0002475976721831668,26.477541621172406
0.00035371640839497367,36.661460671231545
0.0004471652720116794,45.37439536452105
0.0005250843408585351,52.420091736825064
0.0005862579578780483,57.79491527753725
0.0006315318708072395,61.6774244312028
0.0006651925866284991,64.50905976906759
0.0006921031590443123,66.73813764286318
0.0007165993737034933,68.73985244042686
0.0007423160265397494,70.81275609857356
0.0007725602862094783,73.21262616581214
0.0008098815415110696,76.11658224988723
0.00085557888160349,79.58445804875386
0.0009093938281114081,83.54257496733462
0.0009692394388782072,87.78262124318887
0.0010316184660779844,92.01979439737458
0.0010920465468094774,95.94683716225506
0.0011460774117442736,99.3108658987239
0.0011899929681758905,101.94355780370599
0.0012207864719591549,103.73581987993337
0.0012362213210314469,104.6176275828504
0.001234829003582392,104.47839583794492
0.0012161644368273788,102.6119391624436
0.0011809175814413595,99.08725362384168
0.0011305573474139914,94.05123022110486
0.0010667276582088606,87.6682613005918
0.0009904913360496799,80.0446290846737
0.0009020821263531004,71.20370811501574
0.0008006188176714057,61.05737724684629
0.0006860565828080075,49.60115376050647
0.0005600029624889495,36.99579172860067
0.0004251652462376217,23.512020103467886
0.00028440492999937843,9.435988479643559
0.0001396234580612237,-5.039103878121809
-8.107289935842908e-06,-19.702254317519166
-0.0001574619804955042,-34.17434540734017
-0.0003051785076562703,-47.913003815338705
-0.0004471011855812264,-60.399755739761474
-0.000579165961975841,-71.27870915355808
-0.0006989999512424907,-80.47216199957106
-0.0008085013981711964,-88.2821170448348
-0.0009097325802376724,-94.99219620294274
-0.001003670153014817,-100.78216433780932
-0.001090746058892463,-105.78020711818297
-0.0011726696152064935,-110.16685676116867
-0.0012527615615752943,-114.16928806044227
-0.0013357286487248499,-118.02872295575149
-0.0014262923666357927,-121.92407101819147
-0.0015272641679662912,-125.89863419636413
-0.0016388437744461978,-129.8702521045016
-0.0017580859696361161,-133.6669998382021
-0.0018790051685741852,-137.08951315165402
-0.0019921504992358274,-139.94150596634066
-0.002088650539143488,-142.1330029758667
-0.0021622785540948617,-143.6693270126793
-0.0022089707952769743,-144.58708302140363
-0.0022254026346287727,-144.90010835148442
-0.002208583404392755,-143.21818532788265
-0.002156585001289414,-138.01834501754854
-0.0020667537521943773,-129.03522010804488
-0.0019373864675096284,-116.09849163957
-0.0017705008499240306,-99.40992988101021
-0.0015731813621756856,-79.67798110617572
-0.0013562203208877944,-57.98187697738663
-0.0011304273622723233,-35.402581115839524
-0.0009060183142194408,-12.96167631055127
-0.0006908638633966181,8.536289189496113
-0.0004892666104313005,28.31872524731466
-0.00030166879268131745,45.88652130330653
-0.00012565728486114234,61.269333254336615
4.25041601492079e-05,74.7512606311607
0.00020648113720151098,86.63872665426425
0.00036804554893034693,97.09635282121276
0.0005275558813860902,106.2162224295651
0.0006841149949996735,114.05857923295223
0.0008355544522063525,120.67454577491257
0.0009789800314711848,126.13906676212648
0.0011120645010083289,130.58116436273133
0.0012351115898019838,134.2054949296837
0.0013498179434557772,137.20976599666687
0.0014589138772944641,139.76649001026465
0.0015656803411363302,142.01410473612705
0.0016736125648265441,144.05713794179542
0.0017856361816545219,145.96047549274974
0.0019031065209267027,147.74609784576725
0.0020257888030163606,149.40928622419366
0.002151678268849948,150.9294958919124
0.0022764650131651557,152.2750138183481
0.0023924827643212305,153.40117006459172
0.002491790239084757,154.28168904398177
0.002568187127759052,154.91249571043042
0.0026173749404425706,155.2990743654393
0.0026357361674610906,155.43967556810543
0.002618642479315886,153.73030675358498
0.002561614645895072,148.0275234115036
0.0024616449557940054,138.03055440139693
0.002319140106524973,123.78006947449366
0.0021397253595441625,105.83859477641263
0.0019342082836956496,85.28688719156135
0.0017141107505629996,63.27713387829635
0.0014873277308531422,40.59883190731061
0.001260476933985313,17.91375222052771
0.001040285280335203,-4.097278191642253
0.0008344774371286884,-24.39416149811877
0.0006514769919903018,-41.704963860060204
0.0004940616028283587,-55.73126485615031
0.0003559513091787798,-67.22264263955363
0.00022627377491760554,-77.23905005605705
9.497474630476398e-05,-86.57557301548405
-4.367449376420254e-05,-95.5403347854652
-0.00018915241415473286,-103.97227068029245
-0.0003369109888004038,-111.55682555834974
-0.0004822131498308643,-118.1142610133172
-0.0006210906745078047,-123.61456069587523
-0.0007516249505408892,-128.1638804520048
-0.0008744292223946834,-131.94872876105086
-0.0009923349988369956,-135.17672050911162
-0.0011096464957355628,-138.0349425270096
-0.0012308987940891887,-140.6590180811297
-0.0013594346667003346,-143.11705510204837
-0.0014957141054241906,-145.40548690809126
-0.0016382017916096946,-147.49653678827264
-0.0017835507822189474,-149.35838597039245
-0.0019266465522476198,-150.96446957014908
-0.0020608818646746076,-152.29757677601873
-0.0021788836765000283,-153.35087338095045
-0.0022741848592341372,-154.13111035923217
-0.0023410407627468444,-154.64494115082408
-0.002374784914822522,-154.8945977492897
-0.0023724375710736465,-154.38678053449755
-0.0023329186416112977,-150.43488758826268
-0.002257165230689632,-142.8595464960961
-0.002148642935190462,-132.00731694617912
-0.0020134070610741454,-118.48372953454745
-0.0018587670814792638,-103.01973157505928
-0.001694025126779572,-86.54553610509011
-0.001528821455887897,-70.02516901592261
-0.0013703664305982012,-54.17966648695304
-0.0012209900132603884,-39.242024753171755
-0.001077958147051692,-24.938838132302113
-0.0009356104758044411,-10.70407100757703
-0.0007891166604137048,3.941180340855398
-0.0006383179820020637,18.8917885768358
-0.0004866216798570708,33.547534053132075
-0.00033885338128217604,47.2253497289025
-0.00019878471328079085,59.47719621604431
-6.787383448221155e-05,70.19387210931666
5.4279756358137376e-05,79.49499716666968
0.0001684648842147567,87.55244342633641
0.00027459647497670765,94.48235642953684
0.00037215509575566733,100.38069443668542
0.00046003025663712496,105.31471815147746
0.0005378910102648877,109.39505283859452
0.0006077330535528961,112.82988710094496
0.0006742791324644248,115.91142157550406
0.0007439774662193571,118.94654240457727
0.0008226081487325669,122.14474712470371
0.0009134000732071909,125.55555161037461
0.0010159301734851316,129.0676573949257
0.001126172722989256,132.4734543217889
0.0012376519841432346,135.56184385680214
0.0013427809772355312,138.17783456474822
0.0014341729852516188,140.2401845088286
0.0015054836890728317,141.72424339433425
0.0015519294504656254,142.63592910798698
0.0015701057183679936,142.98146727161264
0.0015568437894459709,141.65527437941037
0.001511128467333564,137.08374216816972
0.0014347850681676383,129.44940225157714
0.0013325492073258667,119.22581616739997
0.0012106967046628704,107.04056590110035
0.001075691572442085,93.54005267902181
0.0009326233990237083,79.23323533718413
0.0007846392262838122,64.43481806319453
0.0006337577109715627,49.34666653196958
0.0004803512973620759,34.0060251710209
0.0003240997290123988,18.380868336053194
0.0001662103006849139,2.591925503304706
1.1672836192386762e-05,-12.830726522211705
-0.00013261791185151416,-27.010816878659107
-0.0002594809977867961,-39.12169015346411
-0.0003635091877168604,-48.704526042844485
-0.0004419633313342372,-55.68230231524963
-0.0004954141549992145,-60.30026074558151
-0.0005273706556020501,-63.005483206137775
-0.0005424220967869577,-64.26476610499971
-0.0005453786683218058,-64.51099452087342
-0.0005412029292778545,-64.0934206164783
-0.0005370174879173668,-63.674876480429525
-0.000538782860331078,-63.82011606890125
-0.0005503750784280129,-64.78606594379521
-0.0005735585784080096,-66.70053708080862
-0.0006071607662031696,-69.43366411602682
-0.0006524077743922821,-73.0343484832472
-0.0007132845853850127,-77.73127929940625
-0.0007932389824417774,-83.63699660156936
-0.0008909158098920506,-90.43910472697344
-0.0009997335338639934,-97.47954846739191
-0.0011113689260612172,-104.1197832717354
-0.001214335176280925,-109.73506466226792
-0.0012967927334591963,-113.8921883146739
-0.0013496709760021275,-116.404833564149
-0.0013688241233646467,-117.28619961680221
-0.001354754418970927,-115.87922917743026
-0.0013108442816860428,-111.48821544894184
-0.0012423671481013524,-104.6405020904728
-0.0011528641038548895,-95.69019766582652
-0.0010481769587844057,-85.22148315877811
-0.0009364181392361205,-74.0456012039496
-0.0008246447606665619,-62.86826334699374
-0.0007152706060785453,-51.93084788819208
-0.0006050205967790896,-40.905846958246514
-0.0004885234067582805,-29.25612795616561
-0.00035828330725054145,-16.232118005391705
-0.00020880038441726032,-1.2838257220635938
-4.0700202712672725e-05,15.470553994123287
0.00013783043766268536,32.866422385904805
0.00031180732819505804,49.04602393811778
0.0004645502989128992,62.37678184691872
0.0005830215802620425,72.04990798189125
0.0006619617239061574,78.14477308127341
0.0007033989805397728,81.2279073222907
0.0007143457769398905,82.0288717784077
0.0007041305402775097,81.00734811216964
0.0006821411517651528,78.80840926093396
0.0006582739205563597,76.42168614005465
0.0006431608841907427,74.91038250349295
0.0006457408436138443,75.08053023237231
0.000671755766116603,77.07554868458149
0.0007225600504761369,80.88049625236032
0.000795165484622593,86.10634428736164
0.0008825281080442168,92.06053348083438
0.0009749471274090939,97.96209464742813
0.0010627215845500488,103.19300845516526
0.0011379508099707346,107.3921608245845
0.0011950764308971274,110.40991391447545
0.001229055213079107,112.13650738308621
0.0012381476281593828,112.59000758410065
0.0012236682443566268,111.14206920382506
0.0011880538801865596,107.58063278681834
0.0011328680688140861,102.062051649571
0.0010580127968073294,94.57652444889533
0.0009618739316432103,84.96263793248342
0.0008428750454211444,73.06274931027683
0.0007013708490316148,58.91232967132387
0.0005399998563044489,42.775230398607285
0.00036363727073517033,25.13897184167943
0.0001793081886332399,6.706063631486389
-2.8568897624617783e-06,-11.488110140615774
-0.00017416466032650225,-28.32114528125553
-0.00032845875583106186,-42.94043028649542
-0.0004609814144435364,-54.901677801633916
-0.000566262122872976,-63.92807692199972
-0.0006386241437876887,-69.86136800136521
-0.0006746617836956871,-72.72970528890471
-0.0006735567783723216,-72.53467183618454
-0.0006389410434223839,-69.07309834119077
-0.0005776497414430064,-62.94396814325303
-0.0004975462604927752,-54.93362004822991
-0.0004109874469485027,-46.27773869380266
-0.0003374165418989081,-38.9206481888432
-0.00029118538171545315,-34.2975321704977
-0.0002736248642362332,-32.54148042257571
-0.00028071431660128295,-33.21782787836228
-0.0003103183786980443,-36.0350804356734
-0.0003632657272914797,-41.012965489833675
-0.00044106164844314507,-48.16917344080533
-0.0005423898192188411,-57.170526140758746
-0.0006604751140838508,-67.14630728865569
-0.0007834719206053292,-76.89038509991825
-0.0008972110573508207,-85.2777788662027
-0.0009889638576416736,-91.59521623873964
-0.0010492918962521742,-95.52936055293802
-0.0010752739152881325,-97.17021063018294
-0.0010691852332047917,-96.56134242184885
-0.0010352748310336777,-93.17030220473745
-0.0009765886286643495,-87.30168196780463
-0.000893788255205262,-79.02164462189587
-0.0007859354801145298,-68.23636711282268
-0.0006520118254738295,-54.84400164875263
-0.0004937643824829089,-39.01925734966058
-0.0003180798479127618,-21.45080389264587
-0.00013832171645750162,-3.4749907471198527
3.154735228242868e-05,13.477474412051437
0.0001807394617179569,28.119610615484053
0.00030214764392406273,39.686600071419775
0.0003906441786745237,47.84777383101281
0.00044183144455158235,52.446424324813655
0.00045156267501492457,53.30363960632753
0.0004173318925437961,49.880561359214674
0.00034061975024498193,42.20934712933327
0.00022822114071333768,30.969486176168846
9.214882210588109e-05,17.36225431542319
-5.287875685369969e-05,2.8594964194651116
-0.00019217537649417155,-11.0538290299471
-0.00031285024701481083,-22.97991202037525
-0.000403638166948536,-31.7892964977736
-0.00045772636228857126,-36.946354052734534
-0.00047296192474469904,-38.384818732900726
-0.00045032485851522017,-36.12111210995284
-0.0003924292723803812,-30.33155349646893
-0.00030264200482014075,-21.352826740444897
-0.00018543060721941878,-9.631686980372702
-4.772288246295908e-05,4.138022789208797
9.930661669693446e-05,18.749638031834046
0.00024391227477714363,32.80780992109508
0.000376125790438624,45.2068528882745
0.0004883850881621415,55.28543422289146
0.0005747469567104798,62.71096807543837
0.0006309631252812117,67.37758863819708
0.0006551185276522739,69.34056824837057
0.0006453666767915865,68.34943179175328
0.0006001725851246741,63.83002262506204
0.0005193482657435299,55.747590686947625
0.00040571438688887375,44.38420280148201
0.0002666788471539412,30.48064882798876
0.00011402651946525308,15.21541605911995
-3.81661793880742e-05,-0.0038538262127756698
-0.00017664560553626768,-13.81741454807474
-0.00029073497680369415,-25.051301528499902
-0.0003735498676881432,-33.05405436562707
-0.000421676626702636,-37.62809219971971
-0.00043466207167757327,-38.851347609263854
-0.0004140426219237356,-36.789402633880094
-0.00036283883712404373,-31.669024153910904
-0.0002868170234226613,-24.06684278377266
-0.00019472887007482178,-14.85802744898871
-9.625820896550852e-05,-5.010961338057386
1.1572208068906289e-06,4.7290415510513455
9.116659217692506e-05,13.696073317111761
0.00016838386412079665,21.32017047647141
0.00022891291875326333,27.228243915740695
0.00027020389198140454,31.21499024031847
0.00029253236924353134,33.354103525329634
0.0002985680773335579,33.930183604694406
0.0002916859969293612,33.24197556427474
0.00027489356589067206,31.562732460405822
0.00024726800083530603,28.80017595486922
0.0002028902821881618,24.3624040901548
0.00013793866790236766,17.86724266157539
5.4912544785338896e-05,9.564630349872512
-3.721545542475276e-05,0.3518303288633482
-0.00012684913135235519,-8.603423561766167
-0.00020402890095130635,-16.273128258471935
-0.0002631548464020341,-22.099249005246115
-0.00030396063768151137,-26.08601995776422
-0.00032882365145226004,-28.49902308751425
-0.0003390559489023379,-29.488215113450597
-0.00033099973546861435,-28.682593770078245
-0.0003011811393290713,-25.700734156123943
-0.00025019716991142013,-20.602337214358823
-0.000183602587806237,-13.94287900384051
-0.00011203185159858619,-6.78580538307543
-4.301896280880992e-05,0.11548057607380388
2.2408141119943035e-05,6.654017507957371
8.706906622919058e-05,13.093326094615412
0.00015227305109158132,19.542287915920262
0.000214859633429017,25.670853692978657
0.0002686027414054257,30.871507475123252
0.00030320070718921273,34.18384799681729
0.00030835728854741067,34.67492228794814
0.000279179042070787,31.75709764028578
0.00021957772621428629,25.796966054635707
0.00014026165039838495,17.865358473045575
5.2854672015362776e-05,9.124660634743357
-3.1324319401327496e-05,0.7067614930743312
-0.00010336153274645611,-6.493532432237461
-0.00015794884399342854,-11.93368549480232
-0.00019350848769040545,-15.463310538126388
-0.00021090996136431371,-17.18519108234061
-0.00021240466529437105,-17.33290795706211
-0.00020136604034831027,-16.229045462456032
-0.0001823464001508137,-14.327081442706376
-0.0001609071756286013,-12.183158990485138
-0.00014270676428833947,-10.363117856458956
-0.00013230842566429727,-9.323283994054735
-0.00013181851833768323,-9.27429326139333
-0.0001396829473166387,-10.05787261360213
-0.00015025546523957196,-11.110497416219001
-0.00015763008209395093,-11.844159139420839
-0.00015831065495406813,-11.911840696858224
-0.00015194854752083648,-11.27562995353506
-0.00014047678588218556,-10.128453789669965
-0.00012721223826535946,-8.801999027987357
-0.00011667989437228206,-7.748764638679617
-0.0001114850251838455,-7.22927771983596
-0.00011199661937310606,-7.280333155244429
-0.00011729895295932626,-7.8093988819526725
-0.00012664656725127013,-8.741675078814099
-0.0001402785028547038,-10.10015147610623
-0.0001585371043074754,-11.917347144378109
-0.00018056157570944388,-14.105143769800298
-0.0002020568577804939,-16.235198031282945
-0.00021810914105710463,-17.822088426514092
-0.00022514847329705348,-18.51686431662211
-0.00022119100696276267,-18.12111768319303
-0.000205642559954623,-16.56627298237906
-0.00017895003849069426,-13.897020835986186
-0.00014314822564549798,-10.316839551466558
-9.957943971400307e-05,-5.959960958317066
-4.869632605294232e-05,-0.8716495922109915
8.807567131090846e-06,4.87708955514893
7.147704967440704e-05,11.12668893033383
0.00013428045882915392,17.354444768288598
0.0001891619759599371,22.75281760142301
0.00022826210115070323,26.566748833931538
0.00024738899460931865,28.421181909428707
0.00024729640355626955,28.4119228041238
0.00023178381442901324,26.860663891398172
0.00020736016776874594,24.418299225371435
0.0001807241507916502,21.75469752766186
0.00015654557101031657,19.3368395495285
0.0001369222316379145,17.374505612288292
0.0001203376966332101,15.716052111817852
0.00010315745537566932,13.998027986063773
8.190536448654827e-05,11.87281889715167
5.5345328201315754e-05,9.21681526862842
2.393028801500629e-05,6.075311249997474
-1.2267480529766548e-05,2.4555343955201905
-5.1769003879458995e-05,-1.494567808882969
-9.175790406112555e-05,-5.491421073296005
-0.0001286010466659926,-9.167906528335838
-0.0001592968710767321,-12.22366453775636
-0.00018186166107301633,-14.464331732375134
-0.00019557196929534352,-15.822986060430004
-0.00020175179264744523,-16.434638314831965
-0.00020344637245468526,-16.602275255371676
-0.00020431798275329067,-16.68848508948259
-0.00020607326998434185,-16.862068024569492
-0.00021092758768136957,-17.34190524908716
-0.00022187107749605892,-18.422453735376983
-0.00024044963123942526,-20.252872918755685
-0.00026472377695180754,-22.636141505248222
-0.00028962592757572994,-25.070277045415292
-0.00030948607221784134,-27.002989498264363
-0.00031795747213044233,-27.824925529338422
-0.00030984740271368415,-27.0139185876626
-0.00028334552538892204,-24.363730855186393
-0.0002413779762691012,-20.166975943204314
-0.00019062302399467805,-15.091480715761996
-0.00013926142721611706,-9.9553210379059
-9.474825262045249e-05,-5.504003578339442
-6.196558009526544e-05,-2.2257363258207357
-4.2387244565018884e-05,-0.2679027727960803
-3.361933046838308e-05,0.6088835036331423
-3.236163700491791e-05,0.734649671851381
-3.57058146982885e-05,0.4002319025143219
-4.08071695466879e-05,-0.10990358232561824
-4.396614571932538e-05,-0.4258008295761037
-4.0279070716089565e-05,-0.05709333985201175
-2.4631269834558575e-05,1.5076290435365394
6.2177990449401095e-06,4.5911982427383595
5.0991662028351986e-05,9.059651411510673
0.00010548224905302689,14.477394174492705
0.00016416681284105622,20.27341280070466
0.0002213301731831763,25.866346119599896
0.00027208345314132736,30.777309678248916
0.0003127268024161315,34.66644215557671
0.0003409103137406768,37.33797159173262
0.00035631687178743745,38.78899484777806
0.0003615499913678658,39.28029956775006
0.00035985002821108835,39.11030325207232
0.00035409630715436106,38.5349311463996
0.00034641729889651806,37.7670303206153
0.000338358893350887,36.961189766052186
0.00033224474329615253,36.34977476057875
0.0003316687364481017,36.28893110881583
0.0003391021415821988,36.99220151859798
0.00035406395478928984,38.403022034239704
0.000372452700278088,40.1281093626554
0.00038632412450413455,41.42272825405867
0.00038987454720298026,41.753142419220495
0.0003820771144385568,40.97339914277814
0.0003658005743678481,39.34574513570727
0.00034471953734675894,37.237641433598355
0.0003204312836306161,34.808816061984075
0.0002915644886068295,31.922136559605416
0.0002556646366146983,28.3321513603923
0.00021365255630885813,24.130943329808282
0.00016738831384328809,19.504519083251278
0.00011884921783325705,14.650609482248175
7.033351119250555e-05,9.799038818173026
2.4585493928227995e-05,5.224237091745272
-1.4940753284699272e-05,1.2716123704525466
-4.461934775601441e-05,-1.6961945502503095
-6.235237572063253e-05,-3.469037140087154
-7.008509460395437e-05,-4.2418685416955295
-6.971293203612246e-05,-4.204652284912339
-6.0771771563990336e-05,-3.310536237699127
-4.3626636460366125e-05,-1.5960227273367056
-2.1759306003395088e-05,0.5907036608199979
-1.6567221183431141e-06,2.600708045282213
9.248127489658955e-06,3.690733920837019
4.8826058868677785e-06,3.2541817605579015
-1.77024258702569e-05,0.9956785848454338
-5.6838434823543254e-05,-2.9176334427229644
-0.00010713280428984926,-7.94090991528276
-0.0001621778496744103,-13.420177221875498
-0.00021719084107608562,-18.864274088491126
-0.0002696826292721524,-24.017377589633877
-0.00031864085056325104,-28.777489559537706
-0.0003636719827894368,-33.10915320603543
-0.0004040731423527412,-36.952180169660444
-0.00043886853098999067,-40.22579020184255
-0.0004679171953185136,-42.93110733624135
-0.0004909872549867702,-45.06069718159155
-0.0005077537300691612,-46.597453838678426
-0.0005176701917344851,-47.50190416879218
-0.000519351940470304,-47.65495782530648
-0.0005123349139579285,-46.95325517406893
-0.0004971468551864301,-45.43444929691909
-0.00047485853407802685,-43.20561718607877
-0.00044586762314490397,-40.30652609276648
-0.0004098265822618752,-36.70242200446361
-0.0003661546021405876,-32.335223992334846
-0.0003147309993694081,-27.192863715216895
-0.00025681597985653513,-21.401361763929604
-0.00019556660748739908,-15.276424527015998
-0.00013649642737714057,-9.369406515990148
-8.411103722353293e-05,-4.1308675006293845
-4.030456523035303e-05,0.24977543982322836
-4.395632164173398e-06,3.8398347285005254
2.593014631370865e-05,6.868673398139468
5.157867417133857e-05,9.426446896929086
7.12166262471929e-05,11.381509900838896
8.245625973860008e-05,12.49892630222392
8.440523049332521e-05,12.692562406663152
7.925434546496317e-05,12.177473903826948
7.248077441763515e-05,11.500116799094146
7.078717363376088e-05,11.330756720706718
7.949910472197945e-05,12.197023950856885
0.00010106029461402927,14.337649336059123
0.00013482816857109716,17.679177035777773
0.00017833478983035606,21.96040561999517
0.00022868521956742507,26.873866887964546
0.0002837406813666965,32.18549518038933
0.00034217518574113033,37.74105700830661
0.00040182466151806353,43.31192688239443
0.00045817897480330573,48.4707891761393
0.0005069027900527795,52.8418731783495
0.0005469802039595436,56.37100455190185
0.0005777160790769858,59.03507524215149
0.0005974007907211202,60.72129351909791
0.0006045111733229379,61.3264727456515
0.0005992348042728929,60.798835840647
0.0005829988775826217,59.17524317161989
0.0005564644702038151,56.521802433739225
0.0005219150021045314,53.066855623810845
0.00048281779792488623,49.15713520584633
0.00044192391610496906,45.067747023854615
0.0003991622915316417,40.791584566521884
0.00035188242658833695,36.06359807219141
0.00029644712272136066,30.520067685493785
0.0002300300151214625,23.878356925503972
0.00015241921239170106,16.117276652527828
6.646979329371588e-05,7.522334742729312
-2.2255887518029388e-05,-1.3501299329074188
-0.00010814903827453469,-9.92652925710812
-0.0001872802064966062,-17.777574695083402
-0.0002573353906885001,-24.656321327580965
-0.00031669699004007774,-30.41246126147485
-0.0003634528429979907,-34.88910245496006
-0.00039518184271562643,-37.89448892809041
-0.00041016684789015924,-39.304041761907534
-0.000408520736913187,-39.139430664210316
-0.0003934749998864803,-37.63485696153965
-0.00037077067373933714,-35.364424346825324
-0.00034757305091972726,-33.04466206486434
-0.00033107988399061803,-31.395345371953418
-0.00032474320261230704,-30.761677234122317
-0.00032748573132103945,-31.025511327956238
-0.0003353197067092539,-31.77815860866719
-0.00034451948251853777,-32.66011914673789
-0.0003533651206953447,-33.50614229059555
-0.000362437283427203,-34.37175887819546
-0.0003734750029363076,-35.42201894371223
-0.0003873880543769995,-36.7412112400694
-0.0004031378837872315,-38.228087289240165
-0.0004169911715011436,-39.530050754173025
-0.00042562582320189104,-40.33870091964042
-0.0004277403451614895,-40.53638988677208
-0.0004237333057938194,-40.13568595000507
-0.00041423756096086454,-39.186111466709576
-0.00039751523455777645,-37.51387882640077
-0.00036825421293638027,-34.58777666426115
-0.0003214688380987456,-29.909239180497686
-0.0002573841774555412,-23.500773116177243
-0.00017767115320556392,-15.529470691179519
-8.261793001016144e-05,-6.024148371639274
2.5345271587255298e-05,4.770487241535656
0.00013981699069023164,16.161881742329683
0.0002517421329295107,27.138765390921012
0.0003521194293824989,36.762197645184635
0.00043433301443498854,44.43913520453183
0.0004953902076138451,49.99970494359826
0.0005364101262783765,53.66116413140036
0.0005613824942359147,55.8592862229163
0.0005751179072789632,57.05801402738464
0.0005815330360752046,57.61533619143706
0.0005832428077260822,57.763599211919356
0.0005820087037984623,57.640188819157366
0.0005793922290028335,57.37854133959448
0.0005774546726793336,57.18478570724449
0.0005780058179774331,57.23115409484584
0.0005819908137055766,57.577238239796614
0.0005893919112812493,58.218324948032325
0.0005996071476145732,59.0995708530327
0.0006118655664488966,60.151508041769844
0.0006257031004828079,61.33157074004958
0.0006410190442516166,62.62846822201548
0.000657952603751949,64.05088592983763
0.0006770513560363318,65.64054854991069
0.0006993361992656409,67.47551054059011
0.0007247168236605037,69.53889263206598
0.000751322375995059,71.67110871963149
0.0007757016850314119,73.59688756689266
0.0007937093351020924,75.00195185380548
0.0008012827224244945,75.58842312536123
0.0007950720667931237,74.96735756222415
0.0007730785803086571,72.76800891377749
0.0007346485427997796,68.92500516288973
0.0006797699752360529,63.43714840651707
0.0006077377134212923,56.23392222504101
0.0005195014362838359,47.410294511295376
0.0004183228229620641,37.2924331791182
0.0003089005511867416,26.350206001585953
0.0001956444786281417,15.024598745725962
8.160055369756678e-05,3.62020625266847
-3.181852693153807e-05,-7.715588275127558
-0.00014427885489790487,-18.875746023109926
-0.0002552673299058793,-29.70538735338653
-0.0003635163607935339,-39.996880623668616
-0.0004667934082890659,-49.49086685557291
-0.0005620456462354315,-57.91262798952265
-0.0006456413198337533,-65.00720882832232
-0.0007151017709996711,-70.67519821223954
-0.0007698069606907171,-74.98739901952887
-0.0008104487014112476,-78.10208236908367
-0.0008381439770163472,-80.1804573495279
-0.0008539436920201468,-81.34997994294133
-0.0008587784886058048,-81.70550479217901
-0.0008537025722695528,-81.19791315855382
-0.0008403213350655729,-79.85978943815583
-0.0008210871883002336,-77.93637476162189
-0.0007991384840387836,-75.74150433547689
-0.0007777175574954541,-73.59941168114395
-0.0007594157309363257,-71.76922902523111
-0.0007457992971815655,-70.40758564975509
-0.0007373537233855678,-69.56302827015531
-0.0007334609499114082,-69.17375092273936
-0.0007324938925231476,-69.0770451839133
-0.0007321919426562371,-69.04685019722226
-0.000730523422093716,-68.87999814097013
-0.0007251760772885037,-68.34526366044891
-0.0007137096916914962,-67.19862510074815
-0.0006942192627873815,-65.24958221033668
-0.0006658705054199,-62.41470647358853
-0.0006286531386576674,-58.69296979736528
-0.0005823633420639714,-54.063990137995674
-0.0005275870405409375,-48.58635998569229
-0.00046559067155137277,-42.38672308673581
-0.0003977520242312766,-35.6028583547262
-0.00032478281492052296,-28.305937423650832
-0.0002468488143824042,-20.51253736983896
-0.00016448219859983032,-12.275875791581573
-7.766908682724299e-05,-3.594564614322841
1.3653174085825948e-05,5.5354151807841285
0.00010886029595992044,15.012084562086
0.00020572514575899973,24.542201221998436
0.00030026225990294707,33.6704330818733
0.0003875636552824123,41.89754830801428
0.00046309885940290334,48.82622394317479
0.0005247148132222472,54.33046963273978
0.0005715577974570933,58.41872518923239
0.0006036323141551462,61.16753309671471
0.0006220584442300172,62.72750857785617
0.0006292586602493044,63.333224006553706
0.0006286077119410882,63.26044024338872
0.0006230319104655978,62.70286009583967
0.0006164663147071809,62.04630051999798
0.0006135648364112387,61.75615269040376
0.0006179598025605224,62.12827247299976
0.0006306790490935701,63.200651182879476
0.0006499244483871314,64.81026245714997
0.0006726447039533322,66.6900700201685
0.0006940164744453654,68.43781538206663
0.0007086013861893894,69.61899266895526
0.000712115799861141,69.90219956002332
0.0007030711699865846,68.99773657256769
0.0006832123813486854,67.01185770877777
0.0006562739338462666,64.31801295853587
0.0006269688215636363,61.38750173027285
0.0005991414012999061,58.60475970389984
0.000574479144874692,56.13853406137843
0.0005519794053441592,53.88856010832515
0.0005285236521708541,51.542984790994645
0.0005001500993173692,48.70562950564615
0.00046322578911886536,45.01319848579577
0.00041528509889982414,40.21912946389164
0.0003552347487201524,34.21409444592447
0.00028318054104968775,27.008673678878004
0.00020025599869848335,18.716219443757566
0.00010862100003454098,9.552719577363332
1.1570100656251945e-05,-0.15236795730216457
-8.641759993680577e-05,-9.937878338160424
-0.00018012079319304405,-19.225410379986243
-0.00026438827673782325,-27.466094388552193
-0.0003354597356625826,-34.30072475675525
-0.00039188691993818843,-39.634473457176114
-0.0004347168977389254,-43.62061003718565
-0.0004669490000887569,-46.5818160654811
-0.0004923107452219935,-48.88718060563368
-0.0005142107785634796,-50.859692536214745
-0.0005349533827733848,-52.71191597283756
-0.0005556252608145902,-54.54186909494097
-0.0005765016438312493,-56.37335202381068
-0.0005974936288337543,-58.19778619788125
-0.0006184635155128448,-60.00271001381249
-0.0006391623895682177,-61.76671516418537
-0.0006591760656484471,-63.45539866858525
-0.0006778663468172522,-65.01714206181995
-0.0006945983703172604,-66.402559599523
-0.0007094512768353979,-67.62221536853028
-0.0007222703002431506,-68.66709072340782
-0.0007325134026866329,-69.49678965723403
-0.0007396486345573575,-70.07199537851466
-0.0007437366594778211,-70.4005279248555
-0.0007454627547117391,-70.53902059026365
-0.0007455223604529371,-70.54380065505833
-0.0007441174893609791,-70.40331354586252
-0.0007402498866761365,-70.01655327737825
-0.0007314857037912478,-69.14013498888939
-0.0007138302797268554,-67.37459258245015
-0.0006840270006033392,-64.39426467009854
-0.0006409102260067998,-60.08258721044459
-0.0005850346341263508,-54.4950280223997
-0.0005177664429750242,-47.76820890726703
-0.00044088862435524324,-40.08042704528894
-0.0003572073796067438,-31.712302570438993
-0.0002687027814825402,-22.861842758018636
-0.00017654125110154898,-13.645689719919517
-8.24564204872383e-05,-4.237206658488453
1.005635426855147e-05,5.01238041064819
9.661095590656194e-05,13.634813361983749
0.00017429885236598867,21.305976233681296
0.0002407648200809983,27.790040014444052
0.00029473399427835804,32.98587646900594
0.0003367025796860871,36.97610694288497
0.00036953601052162736,40.06373116889389
0.0003975836959917452,42.67582470269822
0.0004254339814503152,45.24495281725917
0.0004568275395034719,48.11006303431531
0.0004936948830058229,51.43082499917832
0.0005364630318688536,55.22055299732428
0.0005843472597880658,59.3797281557043
0.0006354672286155629,63.71726575376701
0.0006863883186100357,67.92785759771476
0.0007338586629231238,71.75060922790661
0.0007755591145264069,75.02488279615822
0.0008094904267868151,77.63015730908849
0.0008334360221191601,79.43646716621265
0.0008451816282731549,80.31265575042946
0.000842892537695083,80.08374669262227
0.0008257831204568024,78.3728049687942
0.0007944017387655263,75.2346667996666
0.0007507963241697725,70.87412534009123
0.0006980375193223084,65.59824485534482
0.0006391556903043405,59.71006195354801
0.0005764417242312135,53.438665346235325
0.0005115461167823467,46.949104601348644
0.000446732050657595,40.467697988873475
0.00038310229381101677,34.10472230421565
0.0003203608259564948,27.830575518763457
0.0002581404531588279,21.608538238996765
0.00019730230156217733,15.524723079331704
0.00014007028342519242,9.801521265633212
8.891131063027858e-05,4.68562398614183
4.653610679819166e-05,0.4481036029331382
1.5016272455723936e-05,-2.703578538285135
-5.639698494657496e-06,-4.767913324134066
-1.8126051716878263e-05,-6.015021727047027
-2.6701897201177495e-05,-6.871124284515984
-3.521531956731327e-05,-7.720589438027576
-4.7913602019409184e-05,-8.986760647210032
-7.019103064625766e-05,-11.205162584148596
-0.00010550264138233294,-14.712016926946186
-0.00015415704208542386,-19.519282557093344
-0.00021390271603071475,-25.371546772797
-0.0002815924210750674,-31.915741724009898
-0.00035415107450904155,-38.80557699937198
-0.0004289798418994363,-45.75021874240338
-0.0005039792278567455,-52.52299726341323
-0.000576950766385492,-58.91209953150655
-0.0006452476201323002,-64.69774544050335
-0.0007053495074596501,-69.62459315520913
-0.0007543750225850455,-73.52472319666578
-0.0007909209959609184,-76.36085686510349
-0.0008147660287612286,-78.17803680794621
-0.0008262187527001832,-79.04139572605543
-0.0008250704885197761,-78.90022175726031
-0.0008100936947752689,-77.4025423828096
-0.000779685661847372,-74.3617390900199
-0.0007329369690031473,-69.68686980559744
-0.0006703950475607736,-63.432677661360074
-0.0005937247115560783,-55.76564406089054
-0.0005068169183208763,-47.07486473737034
-0.0004153173522795216,-37.924908133234865
-0.00032486566335023984,-28.879739240306698
-0.0002396624447138417,-20.359417376666883
-0.00016232489682063329,-12.625662587346046
-9.522346577406227e-05,-5.9155194826889455
-3.908801938704575e-05,-0.30197484398729446
6.916053819412434e-06,4.297291978256632
4.405574515861896e-05,8.005271927645138
7.301109283384709e-05,10.890157999274237
9.383325808773328e-05,12.960296150008789
0.0001065161993834477,14.21907531616284
0.00011165366056995111,14.72845657679956
0.00011095809178083824,14.658899697888273
0.00010716369941841854,14.279460461646305
0.00010356550845208426,13.919641365012875
0.00010321002012684263,13.884092532488712
0.00010842654127507406,14.401511537518248
0.00012120128605258691,15.667276674874163
0.00014429236685631466,17.949945604736946
0.00017921935873531358,21.387935068059942
0.00022558389048812593,25.919503793164694
0.00028142244489696197,31.318779268618098
0.00034400011941533354,37.28000511763317
0.000410546447385334,43.49818522882154
0.0004784146543457845,49.69357658281126
0.0005445355801459577,55.571654592110974
0.000604143700120932,60.72597201046782
0.0006530702702582781,64.8478222212157
0.0006886039967763037,67.7773561511119
0.000709178404073609,69.44834041070675
0.0007134941881791488,69.79647447266593
0.0007000080679626453,68.44786245101558
0.0006670619757234255,65.1532532270936
0.0006135130762571883,59.79836328046987
0.0005397757118664167,52.42462684139271
0.0004484989702484718,43.29695267959823
0.000344650896423628,32.91214529711384
0.00023465938059570495,21.912993714321534
0.00012522962273572714,10.970017928323754
2.264216704636029e-05,0.7112723593870728
-6.750242738533966e-05,-8.295463206269806
-0.0001412139097821041,-15.622823127393438
-0.00019632128163684477,-21.05858279868138
-0.00023232255511133895,-24.583379083764545
-0.0002500200620440259,-26.30719602087822
-0.00025133736731443,-26.435256300354805
-0.00023919545663431187,-25.221065232342998
-0.00021732413440669356,-23.033933009581165
-0.000190015119279168,-20.30303149682861
-0.0001614162358093541,-17.44314314984722
-0.0001349280096115248,-14.794320530064288
-0.00011310516426868831,-12.61203599578064
-9.772358616500869e-05,-11.073878185412678
-8.989778207233889e-05,-10.291297776145699
-9.005676462390536e-05,-10.30673158206386
-9.854121460290035e-05,-11.151244383528054
-0.00011561989927758732,-12.849207316078864
-0.00014121780185540614,-15.388445809935929
-0.00017442262295457798,-18.67016817646535
-0.00021319010678363094,-22.480927553078434
-0.00025439434230063653,-26.502112191755774
-0.00029447263628292093,-30.37994731258511
-0.00033046061518196725,-33.83017459099625
-0.00035946788443723984,-36.58700958765915
-0.0003786660669366324,-38.39890708611071
-0.0003857670806412665,-39.066422772391206
-0.0003795568639460268,-38.44540110286724
-0.00036028456308692783,-36.51817101695734
-0.0003296390010471209,-33.453614812976646
-0.00028996039339903586,-29.485754048168147
-0.00024304647134723765,-24.794361842988323
-0.00019109469740141247,-19.599184448405804
-0.00013691407098725546,-14.181121806990104
-8.349195874083063e-05,-8.838910582347621
-3.329367071195782e-05,-3.8190817794603413
1.2109620463326842e-05,0.7212322688389078
5.196953264448624e-05,4.705853362430882
8.620530069417714e-05,8.123696099732676
0.00011486060960806893,10.978740983705965
0.0001373566227672781,13.215189896194293
0.00015170104602371684,14.63853572661179
0.00015648665948131153,15.112876344309015
0.0001518970185784386,14.653912254021725
0.0001393564221306982,13.399852609247684
0.00012059654327187505,11.523864723365369
9.685368329077211e-05,9.149578725255076
6.872062609911718e-05,6.336273006089582
3.6577057045864444e-05,3.1219161007643095
1.4550515456713534e-06,-0.39028057909794917
-3.440117156375999e-05,-3.9750567230551326
-6.763348474909538e-05,-7.29392691792593
-9.459640429746309e-05,-9.982087370298334
-0.00011253814760683763,-11.767742346006601
-0.00012024146178245006,-12.53351787445832
-0.00011822988034457784,-12.332359730671099
-0.00010818470521939904,-11.32784221815322
-9.229119198369912e-05,-9.738490894583228
-7.264407688978241e-05,-7.773779385191558
-5.1055482030539756e-05,-5.614919899267293
-2.9398628915948127e-05,-3.4492345878081303
-9.768054074227401e-06,-1.4861771036360576
5.94021977473252e-06,0.0846502316244324
1.7245705973591393e-05,1.2151758821770449
2.3880660951635025e-05,1.8786082797192107
2.5684254897254108e-05,2.0589401775997724
2.3097693435377962e-05,1.8002840314121578
1.774470170576892e-05,1.264984858451254
1.2134305749906082e-05,0.70394526286497
8.986143080774815e-06,0.38912899595184325
1.0307850845775766e-05,0.5212987452648878
1.6624229589329572e-05,1.1529187613102314
2.7221427709593012e-05,2.2125169967967473
4.06274479916359e-05,3.5526709289533387
5.483027631271146e-05,4.9719212508466955
6.689242543061543e-05,6.176641792479418
7.507464299009616e-05,6.9934514143777955
7.927354398198763e-05,7.412474986838716
8.00779632556035e-05,7.492739223132201
7.737891476829183e-05,7.2228343744010335
7.018259203982156e-05,6.503202101554008
5.7006065753545406e-05,5.185549472926393
3.683580552313382e-05,3.1685234498852344
1.0014943191866412e-05,0.4864372167584933
-2.1831679176552822e-05,-2.697962156333443
-5.635091366431603e-05,-6.147032477296878
-9.077165101944796e-05,-9.580434249601398
-0.00012150576849967908,-12.63855594722954
-0.00014668314507015607,-15.13680328022546
-0.00016639065121998236,-17.087058195444122
-0.00018140483082417386,-18.56937492930927
-0.00019136129709181445,-19.55055165394215
-0.00019436833352823646,-19.846588711948225
-0.0001877613213013957,-19.18588748926415
-0.00016928463693479016,-17.3382190526036
-0.00013853899000554316,-14.263654359678895
-9.796512326453421e-05,-10.206267685578002
-5.33804705408217e-05,-5.74780241320675
-1.0362730454498193e-05,-1.4460284045743992
2.7632988597901016e-05,2.3533852225675416
5.904392283021101e-05,5.492457126451941
8.260162326553008e-05,7.844015705802998
9.615742296518932e-05,9.195669108379942
9.654975026240197e-05,9.23476914279701
8.05425641844268e-05,7.634050534999494
4.666381792520244e-05,4.246175909077058
-3.5030174319209298e-06,-0.7704871259583996
-6.520092625274251e-05,-6.93581207144903
-0.00013154607657178314,-13.541500403162487
-0.00019550268220534355,-19.86490808570661
-0.0002513291227989365,-25.332991898625636
-0.0002952433794573411,-29.59179644702282
-0.0003253983836528322,-32.49114142285109
-0.00034112908349271737,-33.99477479307421
-0.00034158170907947833,-34.03794593109585
-0.0003241832395514591,-32.29809897829393
-0.00028820701327759247,-28.700476350907262
-0.00023604884944602078,-23.484659967750094
-0.00017256529225158628,-17.136304248306644
-0.00010271983891232718,-10.151758914380737
-2.984820461284432e-05,-2.864595484432452
4.4834875714070084e-05,4.602505640433219
0.00012191224421587945,12.286738476078426
0.00020175031021931218,20.184740997007996
0.0002824365249533549,28.064017499105862
0.00035783157864465066,35.29991675445337
0.00042105220574188533,41.25151034702403
0.00046699643122683897,45.500805132712735
0.0004927323027510672,47.850769795449885
0.0004969024693547513,48.223243518194856
0.00047883906290539335,46.41690287325907
0.0004385214036337991,42.38513694609964
0.00037644607477928905,36.17760406064863
0.00029463815608987606,27.996812191707335
0.0001980211683931773,18.33511342203746
9.475492947923356e-05,8.008489530643088
-5.0595405705605715e-06,-1.9726868002302083
-9.211328322222279e-05,-10.661783096439015
-0.00015913413205351522,-17.31015777277355
-0.00020210145608995177,-21.541574569956207
-0.0002202538784462599,-23.320184467263232
-0.0002147440189122451,-22.76919851386175
-0.0001898385945964169,-20.278656082278925
-0.0001522602320705134,-16.52081982968858
-0.00010935928077314405,-12.230724699951644
-6.700422499379054e-05,-7.995219122016294
-2.8846815235545057e-05,-4.179478146191747
3.5038350393608987e-06,-0.9444131187011513
2.986889138044136e-05,1.692036793446397
5.043997092518299e-05,3.7485255282125696
6.483332141115035e-05,5.1867236779538315
7.108774481431628e-05,5.811420765430973
6.770694181682777e-05,5.473340465682122
5.444137833907115e-05,4.146784117906461
3.168117481221042e-05,1.870763765220388
-6.665610772877462e-07,-1.3639673685666467
-4.3636712596480074e-05,-5.658553584260048
-9.867084028297631e-05,-11.145743042900211
-0.00016645495838445599,-17.86582843054076
-0.0002453691404856638,-25.606150153146846
-0.0003308857757476481,-33.8531217898378
-0.0004159457775233712,-41.86943143692203
-0.0004923151596664726,-48.876735728049525
-0.0005523132271656004,-54.23919216796408
-0.0005904144324000842,-57.57408881460794
-0.0006040893716873284,-58.75708877385211
-0.0005933598935004154,-57.68414095516081
-0.0005601155469396579,-54.35970629908506
-0.0005074847955407739,-49.09663115919667
-0.0004394686927044292,-42.295020875562194
-0.0003611788000325215,-34.46603160837142
-0.00027868291622498215,-26.216443227617496
-0.00019820687186860816,-18.168838791980097
-0.00012448129011330395,-10.796280616449677
-6.0969035040709536e-05,-4.445055109190236
-9.579624524670395e-06,0.6938669567702814
2.957318204951802e-05,4.607806100934276
5.7745920866710865e-05,7.420865747286963
7.786170920319956e-05,9.42664708273206
9.374089410893371e-05,11.007865441481705
0.00010869634586301221,12.495079381082443
0.00012440952474806647,14.05524030017213
0.00014078859847705964,15.67857650882065
0.00015682122018826472,17.26434711761281
0.00017117751324574588,18.68134353907552
0.0001830944747305718,19.855274078493593
0.00019293460600689632,20.822949120330435
0.00020223903596275542,21.73648647707543
0.00021303013428230848,22.794135702825855
0.00022673079590590045,24.13394775817164
0.0002447833560061918,25.89390738204186
0.0002686257478452579,28.20819377785369
0.0002993148678487494,31.16867329273682
0.00033675095650632057,34.74931315764327
0.000379323630927897,38.7761177448307
0.00042384688066494794,42.930997993562016
0.0004659698212202175,46.8041396441643
0.000501009420185503,49.98017441372939
0.0005250366779518534,52.13275532710122
0.0005360159212622244,53.10930998559445
0.0005331966484701625,52.82738270638826
0.0005168308765434468,51.19080551371669
0.00048823968908996175,48.33168676836818
0.00045008682069340135,44.51639992871215
0.00040613123280598695,40.1208411399707
0.0003606313022347929,35.5708480828513
0.0003179606044705435,31.303778306426356
0.00028172862462282766,27.680580321654777
0.0002540433977129186,24.91205763066387
0.00023488501074047277,22.996218933419286
0.00022267985734456138,21.775703593828148
0.00021504940488667766,21.012658348039775
0.00020960743845753577,20.468461705125584
0.0002047589516294538,19.98361302231739
0.00019924763137063172,19.43248099643518
0.00019208583436091078,18.716301295463087
0.0001832358112414279,17.8312989835148
0.00017528652092191924,17.03636995156393
0.00016990756953190456,16.498474812562467
0.00016667729468427116,16.175447327799123
0.00016341813339578094,15.849531198950103
0.00015633589226854343,15.14130708622635
0.00014485948411810344,13.993666271182352
0.00013219817779112138,12.727535638484147
0.00012254864789217678,11.762582648589687
0.00011694311772343771,11.202029631715781
0.00011164599535617246,10.672317394989255
9.922157410294191e-05,9.4298752696662
7.191451139639057e-05,6.699168999011065
2.576895366761124e-05,2.084613226133133
-3.831475227586247e-05,-4.322734641666274
-0.00011528789465322021,-11.997975177987243
-0.00019827685009464292,-20.208831784011128
-0.0002809325550083174,-28.27825717076979
-0.0003588286929539588,-35.74731017428666
-0.0004297568646019178,-42.406453226467704
-0.0004914896517635147,-48.074747178903664
-0.0005409186596582042,-52.518551289906604
-0.0005744647665399718,-55.483084621349626
-0.0005899045843473952,-56.833007409600484
-0.0005878385604207773,-56.613573619600324
-0.0005720855616920654,-55.03827374672913
-0.0005492292984929104,-52.75264742681363
-0.0005263699198347848,-50.46670956100107
-0.0005082374811364465,-48.65346569116724
-0.000494677368034815,-47.29745438100409
-0.00048309978907188007,-46.13969648471059
-0.0004705911261254304,-44.88883019006562
-0.00045481999446368856,-43.31171702389144
-0.0004339799715683543,-41.22771473435802
-0.00040661536767201353,-38.49125434472394
-0.00037153121382892075,-34.98283896041466
-0.0003278842468859192,-30.618142266114507
-0.00027587052517990016,-25.416770095512604
-0.00021784100931714304,-19.613818509236893
-0.00015924380811688774,-13.754098389211364
-0.00010577438774051573,-8.407156351574164
-6.138185813259893e-05,-3.9679033907824848
-2.7681615150274738e-05,-0.5978790925500655
-4.524434223406075e-06,1.7177656392228176
9.394712970701146e-06,3.109329266100066
1.589471853110768e-05,3.759010643824255
1.6864450209267063e-05,3.8559256627870564
1.4389268936737101e-05,3.6084075355340604
1.0994777194856083e-05,3.2689583613459585
9.979320855550698e-06,3.16741272741542
1.3988522438937381e-05,3.5681437415283255
2.4076409934264185e-05,4.576238720094659
3.9819356672900016e-05,6.148666735866093
5.991100358586753e-05,8.153623308014351
8.29791945605048e-05,10.452312384057002
0.00010812319620390816,12.952748942511294
0.00013488201139364228,15.60657082247369
0.0001627438075220552,18.36033225496589
0.00019109422249521114,21.150815897427314
0.00021916440831233868,23.900554837761568
0.0002459487722762645,26.510631775692598
0.0002703008318864545,28.870892866520144
0.00029113958553364657,30.88016949703741
0.000307490990160277,32.44958893618465
0.0003186163508972797,33.51363110184945
0.00032387969475101725,34.01592609123741
0.00032275251404572275,33.903208020707964
0.0003148953431759472,33.117490933730416
0.00030004770210357684,31.632726826493375
0.000278285559433905,29.456512559526193
0.0002500201043607487,26.629967052210567
0.00021601096112923177,23.22905272905887
0.00017800030452692998,19.427987068828692
0.00013869932291146286,15.49788890728198
0.00010121323277944311,11.749279894080004
6.807055162820049e-05,8.43501177895574
4.094363757770255e-05,5.722320373905947
2.042407885684925e-05,3.6703645018206177
6.399078822848845e-06,2.2678644984205776
-1.4376239442562394e-06,1.4841942217100694
-3.866563262116076e-06,1.2413002899240857
-2.0313967264855836e-06,1.4248028950328762
3.030105783324825e-06,1.9308923353258711
1.194622077830341e-05,2.8222917192273127
2.413713468036187e-05,4.040786760316043
3.7185581159700954e-05,5.344451611373724
4.863629498025604e-05,6.487889876366337
5.789794104932946e-05,7.41223907560486
6.617869706135696e-05,8.23826144700019
7.433506097238198e-05,9.051433108998367
8.415295253132522e-05,10.029612292464451
9.740561219156847e-05,11.348765895122428
0.00011402087071007347,13.000359645005988
0.00013084324952179662,14.669628999517716
0.00014249643077076795,15.824052356040658
0.0001435492537318955,15.928268233812544
0.0001299208404399525,14.565426904618246
0.00010015710182846317,11.589053043469312
5.566827435967835e-05,7.140170296590829
1.872849568520431e-07,1.5920713563081994
-6.15032735401272e-05,-4.575800233251599
-0.00012482398324521475,-10.892085376104907
-0.00018524051771619504,-16.886774579759884
-0.00023833161908627665,-22.11515924262897
-0.0002799917443612494,-26.18431517357978
-0.0003072481775235407,-28.827864614073334
-0.0003189180681555418,-29.95474554831738
-0.00031612887981532703,-29.675826714295898
-0.0003022214097545613,-28.285079708219325
-0.0002818064014712075,-26.243578879883945
-0.0002597364303366923,-24.036581766432423
-0.00023981940174744166,-22.044878907507364
-0.00022385976693321973,-20.448915426085172
-0.00021108472508252256,-19.171411241015456
-0.00019972540936043036,-18.035479668806236
-0.00018814181157172623,-16.877119889935823
-0.0001752761748580861,-15.590556218571809
-0.00016071226934894086,-14.134165667657287
-0.0001438583592010356,-12.44877465286676
-0.0001238650848136361,-10.449447214126808
-0.00010014536735134677,-8.077475467897877
-7.326262332634526e-05,-5.389201065397726
-4.5230203978677955e-05,-2.585959130630997
-1.904096939068645e-05,0.03296417779328033
2.2387103066337536e-06,2.1607863377311958
1.680372979251054e-05,3.6167721865820157
2.50094033269107e-05,4.436790339566228
2.9899816466876756e-05,4.925392229622679
3.5193816097205974e-05,5.454208970605671
4.3778953697503965e-05,6.311509650340367
5.742582947893359e-05,7.673477857541508
7.708063270899509e-05,9.632973248889053
0.00010305348733762057,12.217682419714919
0.00013459633236934993,15.34772367924849
0.00017097567589170322,18.942493237748995
0.00021120655826223142,22.89466592759731
0.00025337483855948813,27.005936630742887
0.0002940430244689853,30.9357186831975
0.0003286108427355888,34.24529813922482
0.00035245605004025993,36.51029131650829
0.0003622145463467422,37.43275032129951
0.0003568666134239402,36.8979570290193
0.00033779556001658036,34.99085168828333
0.0003081700303949834,32.02829872612363
0.000271768188941647,28.388114580789985
0.00023185789439066954,24.397085125692243
0.0001911855806828668,20.32985375491197
0.00015210675372538058,16.421971059163347
0.0001166513518547958,12.876430872104871
8.635974732186635e-05,9.847270418811927
6.198166688364053e-05,7.409462374989345
4.3246496244966464e-05,5.535945311121938
2.8917435557918882e-05,4.1030392424171795
1.7325954302613126e-05,2.943891116886604
6.869287788069008e-06,1.8982244654321927
-3.4222116462500163e-06,0.8690745220002902
-1.3283847883147964e-05,-0.11708906006663766
-2.09624081532739e-05,-0.8849369900433435
-2.4732628913031787e-05,-1.2619427259151912
-2.3968295024875943e-05,-1.1855093370996068
-1.908634031734696e-05,-0.6973138663467083
-1.1030059462970786e-05,0.10831410512200544
-9.357313883133917e-07,1.1177264292895275
1.0100857547320565e-05,2.221252408186767
2.0874759097461224e-05,3.298301692500162
2.991455834782583e-05,4.201761217345076
3.5494227936313144e-05,4.759272702786402
3.607499922059563e-05,4.817295811542071
3.0396808163141282e-05,4.249476705796637
1.7548598379469464e-05,2.9646557274294545
-1.7262164140398727e-06,1.0371742480785207
-2.4957923559880423e-05,-1.2859718891425196
-4.8662694067405995e-05,-3.6558439066189305
-6.975113704020015e-05,-5.762818506759107
-8.640403371403663e-05,-7.425233493090274
-9.830829127294291e-05,-8.612624807407256
-0.00010647617040201746,-9.426778963090372
-0.00011243186621602321,-10.020116262552287
-0.00011695676731704703,-10.470722959261176
-0.00011880746644706857,-10.654974015561619
-0.00011705533155532533,-10.479760526387295
-0.00011218785995721727,-9.993013366576488
-0.00010614454190872072,-9.388681561726832
-0.00010208999050767251,-8.983226421622014
-0.00010059843530328318,-8.83407090118308
-9.873344846515431e-05,-8.647572217370193
-9.194302485862e-05,-7.9685298567167635
-7.732523682242996e-05,-6.5067510530977595
-5.574359917105671e-05,-4.348587287960434
-3.186481505566372e-05,-1.960708876421136
-1.1852588965241011e-05,0.04051365068692029
4.487572530326926e-07,1.2706184479632172
3.3736137160268437e-06,1.5630792876476531
-2.6412888687960283e-06,0.9615890291653661
-1.5813120912814872e-05,-0.35559329030424625
-3.3660930370107215e-05,-2.1402509384535517
-5.33942048183599e-05,-4.112800915652076
-7.214973970636794e-05,-5.986450860123197
-8.662351205598587e-05,-7.431245439371513
-9.351251537857163e-05,-8.118497667098945
-9.051288260472274e-05,-7.818534389714056
-7.84332213418857e-05,-6.610568263430352
-5.930232933013824e-05,-4.697479062255606
-3.571833542314679e-05,-2.339079671556461
-1.1103577297673692e-05,0.12239571877252382
1.0135311036735722e-05,2.2461259038098245
2.3023635347610815e-05,3.534509748055053
2.3150336833893927e-05,3.5471734146111507
8.641619599349936e-06,2.0963016911567522
-1.7689245137849526e-05,-0.5367804236938838
-5.120804924009686e-05,-3.8879025670439895
-8.709935169221046e-05,-7.472315405666816
-0.00012119597312626213,-10.870485350773519
-0.00014962469766048838,-13.696256524288495
-0.00016880878983442383,-15.598291182519151
-0.00017569014493368497,-16.27947789896374
-0.00016793749035364655,-15.5042124409599
-0.00014492978607824448,-13.203442013419693
-0.0001086076858518329,-9.571231990778534
-6.44790792268376e-05,-5.158371328279006
-1.8621969619064818e-05,-0.5726603675017274
2.4231369269949517e-05,3.7119762179114337
6.103834850624848e-05,7.387914359367897
8.99776840830374e-05,10.27267297226145
0.00010951822160946025,12.216764000779433
0.00011809659110320534,13.069088228219654
0.00011449733140450815,12.709162258349933
9.867692183344129e-05,11.127121301243248
7.253582555919861e-05,8.513011673818982
3.976485759692764e-05,5.235914877591883
5.052170034853821e-06,1.7646461213845026
-2.7187165125257986e-05,-1.4592440996348326
-5.407283529234874e-05,-4.14692593570805
-7.439863515659525e-05,-6.177347135403151
-8.77703201687325e-05,-7.512033986727938
-9.198117493592589e-05,-7.93212644990949
-8.61160481999166e-05,-7.345613776308562
-7.115637746798865e-05,-5.849646703115766
-4.8762669942233665e-05,-3.6102759505402684
-1.969643440684314e-05,-0.7036523970012167
1.7190565997370716e-05,2.9846863824435674
6.426826500882793e-05,7.6866762961408845
0.00012270008639175988,13.502800354527466
0.00018847197645384425,20.00495689178812
0.00025651057084232994,26.659357271367117
0.0003224511572826727,33.01747217010958
0.00038179509329739253,38.64645145983266
0.0004284361348191683,42.99957455706562
0.00045473882854720984,45.42440650691088
0.00045256380387352684,45.20690403954258
0.0004158926235673926,41.539786008929156
0.0003432172959347254,34.27225324566244
0.00023871980722675747,23.82250437486564
0.0001120148366933817,11.152007321528064
-2.5087795821719046e-05,-2.5576579005422384
-0.00016114118301776209,-16.107219471646616
-0.00028524778227310505,-28.267337211977935
-0.0003844896281380208,-37.75640972449689
-0.0004504764515681783,-43.91512506354528
-0.00048098436161189977,-46.7160134933514
-0.00047902087732108837,-46.49585626713626
-0.00045177594520149164,-43.7713630551766
-0.0004034277654583063,-38.93654508085806
-0.0003337869257657679,-31.97246111160422
-0.00024136441326126908,-22.73020986115434
-0.0001289876204569519,-11.492530580722622
-5.821999739757182e-06,0.8239697858926897
0.00011377383171192212,12.755535896808231
0.00021419739194850765,22.668029752440724
0.0002837509822923268,29.433164464230483
0.0003171785429558133,32.64689400609561
0.0003162886884455652,32.54247521980754
0.00028531365558122254,29.44497193337327
0.00022748381508322255,23.661987883573275
0.0001446744196889579,15.38104834414681
3.869179568777304e-05,4.782785944028326
-8.45533411090252e-05,-7.5364984273072295
-0.00021389609863934922,-20.363358639915237
-0.0003352094120849773,-32.15525040179097
-0.00043585443070022283,-41.66979500163379
-0.0005085231585247312,-48.348992658964534
-0.0005522617764716116,-52.28173739266085
-0.0005715809199765215,-53.996506810696864
-0.0005729577936411783,-54.10455129315629
-0.0005619404959416397,-53.00282152320243
-0.0005420104405141999,-51.00981598045844
-0.0005133035179444569,-48.13912372348415
-0.00047424464226679413,-44.233236155717876
-0.0004238885693833922,-39.197628867377674
-0.00036419936124553604,-33.228708053592065
-0.00030017895758455073,-26.82666768749353
-0.00023850421994319653,-20.65919392335811
-0.0001856802488671386,-15.37679681575232
-0.00014651593535867135,-11.460365464905596
-0.00012371969456599107,-9.180741385637566
-0.0001180680742242704,-8.6155793514655
-0.00013008190207231527,-9.812969158255765
-0.0001603382503768537,-12.823300072145464
-0.00020816623183689766,-17.562212088249762
-0.0002698998955638273,-23.631203527838068
-0.0003381741037420933,-30.261071027207088
-0.00040258114897808004,-36.41684084835852
-0.00045230115101008747,-41.092022869035695
-0.00047887001182954066,-43.55990149326027
-0.0004777607647461526,-43.44897678492147
-0.0004486206603215978,-40.534966342465985
-0.0003942143540419258,-35.09433571449879
-0.00031906371096086566,-27.57927140639277
-0.00022768716113622073,-18.44161642392828
-0.00012411457545605521,-8.084357855911732
-1.2472285363407134e-05,3.079103600068723
0.00010238382253391629,14.523020739225235
0.00021526098364698233,25.621793731471108
0.00032283597147942983,35.964238725228135
0.00042135607632349707,45.161911603085294
0.0005066483317858365,52.86758662240623
0.0005757809912537379,58.91526402203409
0.0006284254484102256,63.39200504805184
0.000666173335474624,66.53019008355143
0.0006898618442672063,68.46802773082351
0.0007016251807384858,69.4211483289786
0.0007044745907313495,69.65109723651621
0.0007011065113695191,69.31428930033314
0.0006926092015217525,68.46455831555649
0.000677977085846069,67.00134674798817
0.0006550336471028846,64.70700287366971
0.0006215283552082021,61.35647368420146
0.0005776970888582079,56.97334704920204
0.000525266389020963,51.73027706547756
0.000467160897617792,45.91972792516045
0.00040776625293652074,39.980263457033324
0.00035260040976700245,34.463679140081496
0.00030719705256294677,29.923343419675934
0.000274714784052008,26.67511656858206
0.00025680941655989534,24.884579819370792
0.0002532322954431466,24.526867707695917
0.0002609982944256887,25.284264209700552
0.0002739265864947907,26.54248028719634
0.0002835304757832978,27.47493965983446
0.0002806781503554024,27.189707117044925
0.0002576354125868125,24.885433340185934
0.00020971609298156655,20.09350137966134
0.000136070079620436,12.728900043548284
3.961307017899021e-05,3.0831990994037053
-7.404222478693507e-05,-8.275023597202493
-0.0001977060334490938,-20.532171596272054
-0.00032366904109096376,-32.76370083828513
-0.00044432801761309443,-44.1110525713114
-0.0005533007195046822,-53.957904303010444
-0.0006460871360656517,-61.99037022865583
-0.0007203465475034747,-68.16238538976924
-0.0007760274010028437,-72.63187244537626
-0.0008144068294152522,-75.63094535333744
-0.0008374221203378281,-77.39689409882497
-0.0008469503341190018,-78.12078463737818
-0.0008442076519175754,-77.84434716640958
-0.0008304323048838058,-76.46681246303261
-0.0008069491781490737,-74.1184997895594
-0.0007743986936356526,-70.86345133821729
-0.0007304846908714038,-66.47205106179241
-0.0006744495952385407,-60.8685414985061
-0.0006085527620854471,-54.278858183196746
-0.0005375870859588785,-47.182290570539884
-0.00046888549972610776,-40.31213194726281
-0.00040564694818247536,-33.988276792899576
-0.0003457858562486564,-28.002167599517676
-0.00028533815138435454,-21.95739711308749
-0.00022375124209226768,-15.79870618387881
-0.00016565599608092153,-9.989181582744193
-0.0001188551570750047,-5.309097682152511
-9.208287688367871e-05,-2.6318696630199114
-9.040144009566182e-05,-2.4637259842182226
-0.00011293914542484832,-4.716425913535437
-0.0001525698292337752,-8.67261720290041
-0.00019880111944275356,-13.273998423803222
-0.00024161410274716887,-17.515575515497854
-0.0002731848105109253,-20.62766028091438
-0.0002886340240849103,-22.144890941007613
-0.0002855750557377596,-21.838994106292546
-0.00026434785256332653,-19.71627378884924
-0.0002252398876656091,-15.805477299077497
-0.0001684706112921459,-10.128549661731174
-9.645337259267333e-05,-2.9268257917839184
-1.55133389218256e-05,5.165241301400128
6.400307369976742e-05,13.08752893936959
0.0001302488856245493,19.638484385654632
0.00017387097902835127,23.91622735938972
0.00019112097402150622,25.598290136287748
0.00018502375667754905,24.988568401892035
0.0001634362003907639,22.82981277321352
0.00013572039958491912,20.05823269262904
0.0001095682179123878,17.443014525375908
8.890416003804442e-05,15.376608737941574
7.436606142087273e-05,13.922798876224403
6.571194848209662e-05,13.057387582346793
6.581380388837827e-05,13.067501559502293
7.614883841155293e-05,14.09316189175207
9.513031809335872e-05,15.973693221762328
0.00011918159270395517,18.349818864343867
0.0001453537494389595,20.925841609218647
0.0001736441138231435,23.697552928272483
0.00020759030665201212,27.003559299045506
0.0002519055579487296,31.28247174545409
0.0003076911686924073,36.600916563878364
0.00037475294235491655,42.87925195063891
0.00045142982159477067,49.88193821427343
0.0005335769417039285,57.15012550488394
0.0006133153722840762,63.95038895214423
0.0006800393023975955,69.43393927403604
0.0007221053290577724,72.78983738096159
0.0007295228646962361,73.34982189137378
0.0006966039143569994,70.05792685745011
0.0006225290584728476,62.650441269034935
0.0005115060055678432,51.54813597853449
0.0003722512682084007,37.622662242590245
0.0002186064360138838,22.258179023138556
6.376796054692873e-05,6.7743314764430504
-8.20142011140389e-05,-7.797895421733513
-0.00021013605162251896,-20.500720820449093
-0.0003119990229263723,-30.42000136799052
-0.00038034786509987944,-36.94455279891066
-0.00041299298718256496,-40.01623310458937
-0.00041060189427363493,-39.77712381369636
-0.0003769175027465846,-36.408684660991334
-0.0003196284184613083,-30.679776232463706
-0.0002504933675302455,-23.766271139357425
-0.00018297968349569485,-17.01490273590236
-0.00012932044159701825,-11.648978546034703
-9.818107873770123e-05,-8.535042260103003
-9.348532697628557e-05,-8.065207359822756
-0.00011490793905038249,-10.20036095726492
-0.00015931799553772975,-14.61394345212403
-0.00022237952717197492,-20.840462802137665
-0.0002996783866288036,-28.382427232612027
-0.00038696759699377256,-36.740547525267125
-0.00047997304619329037,-45.4134266459409
-0.000574057894256872,-53.89565083267071
-0.000664418910172642,-61.72782403264934
-0.0007466164586894812,-68.55917497730785
-0.0008169168763086655,-74.16621178121083
-0.000872474126708141,-78.43781777926563
-0.0009108023441457666,-81.30084841998031
-0.0009297272953717966,-82.68895870947257
-0.000926939434110718,-82.41017258336471
-0.0008995404026152438,-79.67026943381728
-0.0008435620949781558,-74.0724386701085
-0.0007568551858306047,-65.40174775535338
-0.0006405232071129315,-53.76854988358606
-0.0004985382016673428,-39.5700493390272
-0.0003366899790093584,-23.38522707322876
-0.00016167024603186926,-5.883253775479848
1.9220092085856748e-05,12.181096991562876
0.00019808307070125864,29.72460917423575
0.000366207599429467,45.553438421620044
0.0005152975975589499,58.81219604403183
0.0006386458742050648,69.11141530859638
0.0007321009483226857,76.46852623024647
0.0007947068022336913,81.17152190210835
0.0008285865417819922,83.6395571099556
0.0008384702495896487,84.34928161581573
0.0008305257322982296,83.55482988667383
0.000811276716670326,81.62992832388348
0.0007869072381121253,79.1929804680634
0.0007626914304460751,76.77139970145836
0.0007426075180224857,74.76300845909944
0.0007292401219118874,73.4262688480396
0.0007240999611107975,72.9122527679306
0.0007278408528520566,73.20655730353927
0.000740511468487842,74.19863848801451
0.0007615584078586724,75.83028484780375
0.0007898204458088849,77.98903727564952
0.000823459374553089,80.50986401767683
0.0008598710327831285,83.17835362358899
0.0008957024062329496,85.74284521005558
0.0009275231832010685,87.96891357631215
0.0009521587301073392,89.65904441693138
0.0009667220965278754,90.64449494587423
0.0009683578672951167,90.75454683928163
0.0009542163403174886,89.34039414151883
0.0009217927140862679,86.09803151839675
0.000869207779269658,80.83953803673576
0.0007957062381975129,73.48938392952125
0.0007022174157909463,64.14050168886459
0.000591976012680878,53.11636137785776
0.00046928749426166305,40.84750953593627
0.00033879326895691305,27.798087005461266
0.00020513327122479236,14.4320872322492
7.301147360232844e-05,1.2199074700028112
-5.282942379873681e-05,-11.343771298630633
-0.00016786319103757037,-22.705874267362642
-0.0002680529141550172,-32.41340991802877
-0.0003505932864873079,-40.226499111498285
-0.0004147429437739453,-46.159077330017965
-0.0004628019777475989,-50.51350808698055
-0.0004983462743334465,-53.680594196073734
-0.0005252286551208405,-56.04423556353412
-0.0005471746078850645,-57.95296700395922
-0.0005679009382316356,-59.73797004434718
-0.0005909335321078605,-61.70104674554636
-0.0006193715078257091,-64.09434127680449
-0.0006555961442754159,-67.0930084989779
-0.000700802587970269,-70.75466205886747
-0.0007548177793930382,-75.00942267464885
-0.0008159111693507478,-79.65980870084917
-0.0008815174947356946,-84.45844208609236
-0.000948759869046786,-89.1640836955126
-0.0010146153663277628,-93.56284755919103
-0.001075967866125556,-97.47432532653612
-0.0011296912690579206,-100.75275216244245
-0.001172825336961406,-103.2869062563014
-0.0012028875307173916,-105.002000834921
-0.0012179472539001314,-105.84554992374986
-0.0012163007187155073,-105.68089640528744
-0.0011956628439768354,-103.61710893142025
-0.0011546826281319527,-99.51908734693198
-0.0010936281426300926,-93.41363879674599
-0.0010142679397999713,-85.47761851373384
-0.0009192993692014672,-75.98076145388345
-0.000811668258600332,-65.21765039376993
-0.0006943252768414062,-53.48335221787735
-0.0005704447943752618,-41.095303971262915
-0.0004442309349954747,-28.473918033284207
-0.0003198590434340534,-16.036728877142078
-0.00020107982253394826,-4.158806787131561
-9.122790541996814e-05,6.821492558357184
6.642908098304962e-06,16.54745562121869
8.993806788604102e-05,24.726498494180188
0.00015694957006579243,31.209924020758
0.0002073779719563715,36.018223219507306
0.00024283473813884913,39.35754193158924
0.00026658475168803196,41.57358238103591
0.0002830429589724108,43.09899257316632
0.00029702108619532384,44.38772643818357
0.00031333943587213265,45.884088828429384
0.00033549198724880673,47.90101625298728
0.0003652898009366384,50.58691200241553
0.0004034339840102373,53.97781394673525
0.00045018914878019463,58.05824560895492
0.0005054812248002892,62.77025024512831
0.0005682878989730757,67.96608655895932
0.000637125612197126,73.4610332404622
0.0007099512835971254,79.03854187087336
0.0007839496653319746,84.4510634826443
0.0008555286372640801,89.43849450800089
0.0009209029424324646,93.77925473219378
0.000976989582084634,97.34060614430189
0.0010211142128386374,100.03751595300038
0.001051078613210538,101.8167343571768
0.001065324367962981,102.64790855411736
0.0010631104969280325,102.38570964366005
0.0010440914304069634,100.48380299155313
0.001007975859100069,96.8722458608637
0.0009556738765332897,91.64204760418576
0.0008896675742067271,85.0414173715295
0.0008136677846123304,77.44143841208984
0.0007316990653654045,69.24456648739725
0.0006473401076720982,60.80867071806661
0.0005633080122335693,52.40546117421373
0.00048122867131535215,44.197527082392014
0.00040200785537704184,36.275445488560976
0.00032655895449291056,28.730555400147857
0.0002566057435834803,21.73523430920483
0.0001938985802747449,15.46451797833129
0.00013956767310554572,10.031427261411373
9.401627030008057e-05,5.476286980864857
5.695430297525451e-05,1.7700902483822516
2.742815240735869e-05,-1.182491390223262
3.9027955053913185e-06,-3.5344058869534405
-1.562715265450446e-05,-5.485702664040742
-3.353155016639069e-05,-7.273101216799865
-5.23043958689567e-05,-9.145160441191637
-7.434170999467763e-05,-11.339402959738939
-0.00010191925348531175,-14.078956149504316
-0.00013728290964756346,-17.57924365317311
-0.00018153669586340915,-21.934504552697238
-0.00023414119403438935,-27.06713426264442
-0.0002931446825098305,-32.75436246139063
-0.00035579119310075126,-38.69694202191952
-0.0004191505677291638,-44.59116253817008
-0.00048054631962453397,-50.1775280261006
-0.0005378268009725866,-55.26753982492279
-0.0005893128384030668,-59.734824512971784
-0.000633549345986696,-63.487119636700406
-0.0006691346956062004,-66.44567490480107
-0.0006946176073213255,-68.53061332063005
-0.0007086380440287098,-69.66552920500857
-0.0007100746736282777,-69.76367642536847
-0.0006983366337820086,-68.58987244074156
-0.0006734184303359354,-66.09805209613423
-0.0006355371832706411,-62.3099273896048
-0.0005858567818498591,-57.3418872475266
-0.000526449774520031,-51.4011865145438
-0.0004598313765769718,-44.739346720237876
-0.00038834246043466367,-37.59045510600706
-0.0003139512560238036,-30.151334664921055
-0.00023831371383505105,-22.587580446045802
-0.00016306106830652416,-15.062315893193116
-8.994647562831894e-05,-7.750856625372595
-2.0764588096847885e-05,-0.8326678722254898
4.312662639079732e-05,5.554143017663187
0.00010082800728146076,11.307108922495896
0.00015201215349065653,16.38566420486016
0.00019698770514831472,20.820501482576667
0.00023656169420805529,24.695579578710277
0.0002714130234479214,28.08339883591797
0.00030116195422404303,30.95446863122285
0.0003260424892621895,33.339613147375786
0.00034733377595160523,35.368219617950864
0.0003670267946212525,37.23374046160516
0.00038670417603780237,39.086913528306376
0.00040691053626265165,40.978108049821124
0.00042701329935898954,42.847260620768665
0.0004454045003373931,44.546084147243526
0.0004603958838711067,45.92270095497115
0.0004710567087877755,46.89708532456966
0.00047819251966025965,47.547129288235624
0.00048288499268873497,47.973640278975054
0.00048565248481999604,48.22482708454149
0.0004865368319734428,48.30503719206261
0.00048564048497610107,48.21540249232844
0.00048361202581876403,48.01255657659473
0.00048173521625843993,47.824875620562324
0.0004813507623912133,47.78643023383965
0.0004829842851340772,47.93484413232915
0.0004856768630375427,48.179276625480284
0.0004869094713824346,48.291088807795205
0.00048336284690305597,47.93642635985734
0.0004719726026181834,46.79740193137008
0.00045049653074933293,44.64979474448504
0.00041726775085518616,41.32691675507036
0.0003724958292365435,36.84972459320609
0.00031808327730806815,31.408469400358555
0.00025675074728401985,25.275216397953727
0.00019085407464251695,18.685549133803438
0.00012191774414868955,11.791916084420697
5.0811251530211785e-05,4.681266822572922
-2.1904821043741433e-05,-2.5900125280054116
-9.537831549814755e-05,-9.924502854916579
-0.00016791385683629444,-17.123691317581066
-0.00023642632173226708,-23.85883411572227
-0.0002985117658516589,-29.887404843970693
-0.0003532613068497808,-35.13069812726169
-0.0004007621533176366,-39.61553564858895
-0.00044088935785156736,-43.352443237144
-0.00047268049742780604,-46.276723911783776
-0.0004944018096278183,-48.255268949019715
-0.0005042655282810467,-49.14833919314623
-0.0005015815501064928,-48.879941375690834
-0.0004876852998499328,-47.49031635003484
-0.0004665558960061123,-45.37737596565279
-0.00044278744972463724,-43.00053133750528
-0.00042016731041501557,-40.73851740654311
-0.0004011588776023701,-38.83767412527856
-0.00038738143639983284,-37.45993000502483
-0.0003801967077968033,-36.74145714472188
-0.00038100326429354206,-36.814098171518175
-0.0003909050605648849,-37.74942375361275
-0.0004097771177317208,-39.52433248172864
-0.00043609895349125047,-41.98224873064846
-0.00046685450283078287,-44.826840839086664
-0.000497878398966898,-47.66481121591502
-0.0005246033968295788,-50.08299053750426
-0.0005428904923599365,-51.72298710621477
-0.0005497166296060481,-52.332026870615564
-0.0005433862457576114,-51.6989884857719
-0.0005233970333621347,-49.70006724622422
-0.0004901037714224963,-46.370741052260385
-0.0004443620719398576,-41.79657110399651
-0.0003874082786936184,-36.10119177937259
-0.00032062522288590586,-29.42288619860134
-0.00024628401421682015,-21.98876533169277
-0.00016761841126578629,-14.122205036589385
-8.800061749458935e-05,-6.160425659469694
-1.0124362295426964e-05,1.6270484777281207
6.42452662738614e-05,9.05390666364075
0.00013365574428492007,15.949935299256058
0.0001974140556909268,22.231303121445162
0.00025516710523892943,27.86037053865985
0.00030627213244509646,32.781873743765594
0.0003493925665274391,36.88389486356787
0.00038283168261756537,40.02955735051223
0.00040533083180750197,42.12740736894662
0.000416483185309403,43.16144983295624
0.0004171375663364522,43.222001506068004
0.0004096226265818752,42.4705075306103
0.0003980198064770792,41.3102255201307
0.00038627369029641364,40.13561390206415
0.0003773255700222973,39.24080187465252
0.00037317426008531373,38.825670880954156
0.00037557791736688757,39.051445464851824
0.00038629389833727556,40.05592430074705
0.00040683512408756317,41.971722732842125
0.00043783728835832306,44.83814958908997
0.000478211693309108,48.52352595875182
0.0005250610369669064,52.72819752856413
0.0005738890805549441,57.02329600993872
0.0006192773395575504,60.931616619247514
0.0006553663257503262,63.9787776021723
0.0006778141141142634,65.84634650072611
0.0006844309391792747,66.39270377209391
0.0006746122250809445,65.41083236226089
0.0006483445910727587,62.78406896144231
0.000605663577202314,58.51596757439784
0.0005466619843922723,52.61580829339367
0.00047204574261710484,45.15418411587692
0.00038385115358962387,36.334725213128834
0.00028566463687185466,26.516073541351908
0.00018229209784663126,16.17881963882957
7.879663027659225e-05,5.829272881825669
-2.040358218280808e-05,-4.089608773218521
-0.00011198505369125505,-13.217392425333879
-0.00019345210581497364,-21.26484598292852
-0.00026324882553509807,-28.072900446508406
-0.0003204561893919522,-33.57515739783995
-0.00036440624028394753,-37.74607077641516
-0.0003946469034276269,-40.58440592605656
-0.0004111864927551727,-42.12518931659457
-0.00041488817397976677,-42.4688679760207
-0.00040786456360870227,-41.76650693891425
-0.0003935976446575184,-40.33981504379586
-0.0003759335023363633,-38.57340081168036
-0.00035830460535311756,-36.81051111335577
-0.00034333096592295233,-35.313147170339256
-0.00033292084831550335,-34.272135409594355
-0.0003285662919892828,-33.836679776972304
-0.00033160732372855745,-34.12673205614875
-0.0003430108375839465,-35.21224011543703
-0.00036290246138432795,-37.09736707173927
-0.0003901173833425405,-39.65849729686712
-0.0004217166007223338,-42.60460329553088
-0.0004541252004098703,-45.59349305610298
-0.0004837543487534151,-48.29548946969087
-0.0005076274248936503,-50.45036338256396
-0.0005234789524638921,-51.869867335111635
-0.0005286959153997792,-52.33503116478567
-0.0005191510094801545,-51.38054057282319
-0.0004927205162368628,-48.737491248494024
-0.00045236308005015965,-44.70174762982371
-0.00040120530603703167,-39.58597022851091
-0.0003394729907495786,-33.412738699765605
-0.0002666551517225901,-26.13095479706675
-0.0001841948042834506,-17.8849200531528
-9.634699233899201e-05,-9.100138858706947
-9.568696872224657e-06,-0.4223093120302123
6.920932992246502e-05,7.4499516705250075
0.00013481848922070985,13.979743995165002
0.00018513376279569765,18.95624104648919
0.0002210051140354715,22.481637560320646
0.0002448424120221948,24.812032651106236
0.00025893544038037893,26.184700854819923
0.00026475842579668977,26.750695013689814
0.0002631934917649079,26.594201610511625
0.00025536190889000727,25.811043323021565
0.00024339467508520515,24.614319942541353
0.00023034685854440745,23.309538288461585
0.00021947272994363138,22.222125428383976
0.00021322884561005944,21.597736995026782
0.00021268301221313068,21.542329832771827
0.00021746662398629895,22.011622786241894
0.0002264404213968739,22.890920585345985
0.0002385940389796583,24.079485539963716
0.0002535603614554625,25.539294351797174
0.0002716312637050324,27.295973311937022
0.00029311540833390465,29.375439865272188
0.0003176140604025542,31.733897232771284
0.000343545031066413,34.21433683753086
0.0003682433645094219,36.56062455432507
0.0003885508345854759,38.4772244783389
0.0004015595856816443,39.69875804400447
0.00040515733497253496,40.03571005122096
0.0003981464514997329,39.33462170394075
0.00038005523064714024,37.525499618681486
0.0003509262959604612,34.612606150013576
0.0003112481159089562,30.644788144863078
0.00026205293236904723,25.725269790872183
0.00020515084261646816,20.035060815614276
0.00014321322253517155,13.841298807484616
7.959873081252145e-05,7.479849635219606
1.780389758522932e-05,1.3003663124903941
-3.916970491143848e-05,-4.395885293172217
-8.926850069773575e-05,-9.395788923580895
-0.00013153185064826718,-13.599499681558656
-0.00016588995456462004,-17.00298716034766
-0.0001928335288728273,-19.661063707682462
-0.00021304099585385864,-21.64731388616831
-0.00022724235965509033,-23.039097915144414
-0.00023627246299184058,-23.922204345774944
-0.0002412096438155794,-24.40439985395785
-0.0002434249100211137,-24.6206062170755
-0.0002444638535586327,-24.721973028830746
-0.0002458325858489441,-24.85548466104064
-0.00024877637244157214,-25.142510296662206
-0.0002540861247594935,-25.65979276258448
-0.00026210771372601956,-26.44019560014529
-0.0002728882463196558,-27.486923980359983
-0.00028634497496155843,-28.790015658687643
-0.0003023243971409722,-30.332155671447907
-0.0003204961095818085,-32.07861981528564
-0.0003402714506776352,-33.96998689022436
-0.0003606749693123787,-35.91083614967713
-0.0003803753690457508,-37.774080409717854
-0.00039778270264379087,-39.41129350757613
-0.00041125937414271846,-40.67270144520078
-0.0004193400726495687,-41.42642274720322
-0.0004208187319604789,-41.564127252821265
-0.0004148317634115978,-40.96543039793317
-0.0004009154047929497,-39.573794536068355
-0.0003790687628213938,-37.38913033891277
-0.0003497580623024424,-34.458060287017624
-0.0003139057834326546,-30.872832400038845
-0.00027290311907067873,-26.772565963841256
-0.00022852889677425013,-22.335143734198397
-0.000182762808715775,-17.758534928350887
-0.0001375508018995264,-13.237334246726025
-9.458521996319038e-05,-8.940776053092424
-5.517742374926079e-05,-4.999996431699466
-2.012967917371601e-05,-1.4952219741449888
1.0261200255993593e-05,1.5438166112084644
