Desplacment,Force
0.0,0.0
-1.0301419720357326e-06,-0.10301419487520216
-3.167937325877189e-06,-0.31679366487182864
-4.653202158154243e-06,-0.46532000122196604
-4.15791071343168e-06,-0.41579085674970967
-1.1337548295089425e-06,-0.11337526835743607
4.234680350889992e-06,0.4234680921850618
1.1349963404366409e-05,1.134993445098996
1.9724217615351747e-05,1.9724056364611762
2.9090676445371096e-05,2.9090154293929342
3.92951794230672e-05,3.929388931783068
5.016376996458246e-05,5.016108369821004
6.135172101054504e-05,6.134680508945411
7.220299903545828e-05,7.219498505118219
8.17902405088323e-05,8.177859100749778
8.949624979568174e-05,8.948098743911796
9.536923390568222e-05,9.535076545981083
0.0001000463889689241,10.002506803868975
0.0001044017011077243,10.437747298412946
0.00010924529006841185,10.92175314164976
0.00011522163997816074,11.518907265458745
0.0001223366219008809,12.22976425297246
0.00012998781590011063,12.994105796889576
0.00013725904101025195,13.720399180385813
0.00014332025673045412,14.32575905015773
0.0001473440786390703,14.72759865400602
0.0001482318707497714,14.816254083336084
0.0001450760856343342,14.500675571792364
0.00013728176610092695,13.721243618451636
0.00012491667486396645,12.484734494755587
0.00010884571763968603,10.877638772327547
9.026606773781477e-05,9.01967378214042
7.025491933753666e-05,7.01855894211261
4.9824498306940506e-05,4.975516839052993
3.001446853345685e-05,2.9945138617046285
1.160632141133385e-05,1.1536991494923283
-4.884463681332781e-06,-0.49537892843009995
-1.973974914285915e-05,-1.9808911727013425
-3.412532429015558e-05,-3.4193800751934607
-4.969829177240279e-05,-4.9764994363051205
-6.822616914993762e-05,-6.8288712738171045
-9.082481503219707e-05,-9.087815115077452
-0.00011773004812239116,-11.77645702559506
-0.0001485153257896139,-14.851482285427902
-0.00018282008920036038,-18.275923286634224
-0.00021964564671110492,-21.948934296260838
-0.0002571431584787903,-25.68506675099587
-0.00029267341401857243,-29.220959227598538
-0.000322716513886587,-32.20714733791179
-0.00034481609343108645,-34.40143886495399
-0.0003584321745089467,-35.752342471497386
-0.0003648755175615418,-36.39132038998744
-0.0003666752011853276,-36.56975861523287
-0.0003662386133770374,-36.52609983440386
-0.0003649138969610352,-36.39362819280363
-0.0003635102691784857,-36.253265414548686
-0.0003629402443745756,-36.19626293415767
-0.0003641151125197883,-36.31276318964148
-0.00036768219304369684,-36.666436910440915
-0.00037379849295224456,-37.27272624976427
-0.000382401887990597,-38.12525394499184
-0.0003921238834284866,-39.08819577497872
-0.00040042123793513257,-39.90966092104848
-0.0004043689012379106,-40.30037092208409
-0.00040147732180225706,-40.011212978518735
-0.00039083888386284767,-38.947369184577795
-0.00037316069252770715,-37.17955005106374
-0.0003500768658097861,-34.87116737927164
-0.00032303943064364163,-32.167423862657195
-0.00029308790880730007,-29.172271679023037
-0.0002610831447119117,-25.9717952694842
-0.00022742444972382708,-22.60592577067574
-0.00019217555564357496,-19.08103636265053
-0.00015512978482027889,-15.37645928032092
-0.00011586578672027632,-11.450059470320666
-7.324014539426889e-05,-7.1874953377199216
-2.4948676544497852e-05,-2.358348452742818
3.103886803692563e-05,3.240338507538845
9.523606498262653e-05,9.658208865848357
0.000167461262642689,16.872401686145405
0.0002479408467659372,24.897642871993973
0.000335833147165392,33.638391002818345
0.0004286574337471134,42.83367003879721
0.0005229522703730093,52.12688174480969
0.0006149929604594143,61.141937487076184
0.0007020768644983307,69.61223196067328
0.0007830316385902392,77.42798092420973
0.0008579444118135672,84.6050789264032
0.0009275534000411494,91.22234611954224
0.0009926116399182618,97.3588333025181
0.0010536597795085653,103.07225456977467
0.0011108518639298501,108.38344250897607
0.001163863327432221,113.2691312091914
0.0012126342792388146,117.73116780180348
0.0012574687016640728,121.8044113990472
0.001298715880069548,125.52685596553644
0.0013363224262572888,128.8994601965809
0.0013696425504830822,131.87034671282
0.0013977396658733955,134.36268781547832
0.0014199838767696789,136.3273950366431
0.0014370785195149142,137.83213774614617
0.0014499794035753787,138.96475124622893
0.0014591441944286638,139.7677952498148
0.001464459868770301,140.23297109577308
0.0014652287546458441,140.3002200396129
0.0014603539257680505,139.81273715183352
0.0014482260397062738,138.59994854565582
0.001427743937798897,136.55173835491814
0.001398647828319011,133.64212740692957
0.0013615716500983866,129.93450958486713
0.0013181204811834341,125.58939269337188
0.0012694962101942543,120.72696559445389
0.0012160902556320968,115.38637013823814
0.0011575694924723782,109.53429382226626
0.0010934731329036765,103.1246578653961
0.0010234129280787714,96.11863738290558
0.0009470311435252676,88.4804589275552
0.0008639152943750997,80.16887401253841
0.0007733609454168358,71.11343911671203
0.0006743333797110782,61.21068254613627
0.0005656265724406457,50.34000181909302
0.00044662663084902644,38.4400076599311
0.00031790973073759886,25.56831764878834
0.00018055769173654413,11.833113748682868
3.462496335673575e-05,-2.760023602638869
-0.00011854297933188545,-18.063896222581985
-0.00027580828822782426,-33.71997368298186
-0.0004327722223149469,-49.240132720777446
-0.0005851703719556977,-64.16292243090795
-0.0007290443068510814,-78.08141518208448
-0.0008608610728445765,-90.66005508340605
-0.0009773774298902744,-101.62073509344718
-0.0010750617823534914,-110.68381990322563
-0.0011509112782650728,-117.63589418757564
-0.0012026556065120276,-122.33368559865947
-0.001228465462924954,-124.66288584849791
-0.0012254226034571223,-124.35859990171474
-0.0011929309720855024,-121.10943676455274
-0.0011338153787441576,-115.19787743041827
-0.0010534851873044407,-107.16485828644657
-0.0009588371608745005,-97.70005564345254
-0.0008549648590527172,-87.31282546127423
-0.0007438997564517362,-76.20631520117612
-0.0006254594290324682,-64.36228245924933
-0.000498936604166409,-51.709999972643416
-0.00036426568177794227,-38.242907733796734
-0.00022225305029436297,-24.041644585438807
-7.403250653500956e-05,-9.21959020950347
7.965684158294434e-05,6.14873694151335
0.00023869831968413352,22.030724439948937
0.00040291347883284384,38.354571165630105
0.0005714741473686146,54.974119217023855
0.0007424597917039268,71.63308707013611
0.0009122140436540853,87.91698734733609
0.0010755557579360424,103.29689548488872
0.0012290350894592263,117.45116159723104
0.0013740853320422827,130.53373798250198
0.0015132319002191734,142.79189418039797
0.0016473651963474216,154.31963844980325
0.0017754743880015174,165.0510728289845
0.0018953032243337153,174.83244193293635
0.0020038916201064886,183.47554800825256
0.002098370634673496,190.82099130256347
0.0021760517226578667,196.73677122628945
0.002234215916995996,201.09239203732355
0.0022694890374688587,203.70280483390394
0.0022774206381668844,204.28655317608505
0.002253284409632243,201.8729303226209
0.0021931194093976134,195.85643029915792
0.0020938520654820805,185.92969590760464
0.001952162359227562,171.7607252821528
0.0017678160263912288,153.32609199851947
0.0015442752084029036,130.97201019968693
0.0012874896590716989,105.29345526656647
0.0010039422390563104,76.93871326502763
0.0006993188216054159,46.476371519938176
0.00037829836965457816,14.374326324854398
4.4505471828531156e-05,-18.989813845461576
-0.000298825140822116,-53.005185021813794
-0.0006482743347602183,-86.8128019870471
-0.0009998572087978872,-119.5240131436768
-0.001350542992227749,-150.44929086845622
-0.0016990585728114875,-179.19460369103408
-0.0020456234862217624,-205.61077159519536
-0.0023919991611030737,-229.7442289047406
-0.00273768243048276,-251.54416575347392
-0.003078530215688249,-270.84714732221363
-0.0034074594732191005,-287.4992113161313
-0.003716301335012103,-301.4722706111145
-0.003997325062569614,-312.8847865326976
-0.00424434232265458,-321.9667141130502
-0.004453150210723936,-329.0004221312509
-0.004621154127283945,-334.2596457164219
-0.004746981993480927,-337.97797417479836
-0.004829823237314489,-340.32734797077467
-0.00486952788779091,-341.42642041277236
-0.004866580890877025,-341.13172072138383
-0.004822026351657527,-336.6762667994341
-0.004737735635845379,-328.24719521821925
-0.004615581693126441,-316.0318009463255
-0.004456509616566671,-300.1245932903485
-0.004259288566443751,-280.40248827805647
-0.004020172863248209,-256.4909179585023
-0.0037343328104946583,-227.9069126831472
-0.003397475867712742,-194.22121840495558
-0.0030063811813143106,-155.11174976511245
-0.002557385156590341,-110.21214729271549
-0.0020519762866085525,-59.67126029453665
-0.00149812309505332,-4.28594386230968
-0.0009084524238904757,54.243409772210136
-0.000296999423010184,112.25141614641576
0.0003228348142134566,165.9407593780468
0.0009392629946994892,212.71288305650856
0.0015427727083343597,251.52774983061414
0.0021259125238796825,282.6137435957994
0.002682902052615577,306.92920319045487
0.0032097264542767455,325.70837175598035
0.0037034058287930154,340.14003171775397
0.004161669999423913,351.2345112676901
0.004581173440510863,359.76384254554006
0.004956079648416698,366.279427797227
0.005278523933563928,371.17175428044567
0.005538905216525898,374.70595593800203
0.005726694813018117,377.0494196672139
0.0058288729665027334,378.2580855376029
0.005837673349946036,378.3600948771151
0.005754149456010395,370.007705483551
0.005588665358005939,353.4592956831053
0.0053579951900764155,330.39227889015297
0.005081435013778324,302.7362612603439
0.00477706460377002,272.29922025951345
0.0044569459083907284,240.28735072158426
0.004126896913850985,207.28245126760993
0.003788739424989566,173.46670238146802
0.0034423494968503134,138.82770956754277
0.003088443890002129,103.43714888272432
0.002728376508167445,67.43041069925592
0.0023641318105263355,31.00594093514497
0.0019988763925480094,-5.5141180320754355
0.0016350254899193369,-41.66487345708528
0.0012754515833415844,-76.61141281862598
0.0009274332951053304,-109.20048178932998
0.000610003647867515,-137.5190163628121
0.000336767215530582,-160.62665626842508
0.00010768460949321368,-179.00512171922512
-9.406262335932443e-05,-194.39733548164136
-0.0003039351592352381,-209.59691904783756
-0.0005538593611735626,-226.59992058627665
-0.0008617258693088777,-245.90525686021772
-0.001229303308352851,-266.6338098186712
-0.001648352378757548,-287.33298727322995
-0.002104339447751888,-306.59202503886553
-0.0025798642633367568,-323.45321258260884
-0.0030564999529604526,-337.500907443652
-0.00351355803841179,-348.6994476710917
-0.003929050363561508,-357.2574892005621
-0.004278985201812297,-363.4520717158589
-0.004547913311223887,-367.6700118805781
-0.004734996277492519,-370.35734605451995
-0.004853087633175902,-371.9579821863258
-0.0049238478759260525,-372.883576083066
-0.004970653332342063,-373.4825153610914
-0.005013013012787703,-374.015650800606
-0.005063419313621192,-374.6392584765547
-0.005128689749201754,-375.4297368953312
-0.00520778993006757,-376.36272046176816
-0.00529019016585745,-377.30651849438283
-0.005357000812360927,-378.05143450413306
-0.005387808221834599,-378.3889664067352
-0.005367274872472843,-376.3356314705596
-0.005289786095953965,-368.5867538186717
-0.005159615065483755,-355.5696507716508
-0.004987683962343058,-338.37654045758114
-0.004785910683960297,-318.19921261930506
-0.0045632545858766745,-295.9336028109428
-0.004325887503998878,-272.19689462316313
-0.0040790940553291615,-247.5175497561915
-0.003828971100286314,-222.50525425190676
-0.00358115956377828,-197.72410060110337
-0.0033370331763159025,-173.3114618548656
-0.0030896096481865002,-148.56910904192534
-0.0028258406705505756,-122.19221127833292
-0.0025309022306401444,-92.69836728728978
-0.002193487469590953,-58.95689118237065
-0.0018093466023876939,-20.542804462044742
-0.0013833796471008606,22.01167706902824
-0.0009279743461856057,66.79173900768005
-0.0004597649124208341,110.9227904561258
4.087102039148649e-06,151.75385253766882
0.0004489971087808851,187.55770867202313
0.0008639780228677917,217.66040752069358
0.0012416741036118783,242.20127004570915
0.001576265218451795,261.690853669356
0.0018666563538051405,276.95261766223007
0.0021166951380894687,288.9211901074412
0.002334091560115578,298.4913657465479
0.002527970350767651,306.4048075900994
0.0027059273785995,313.17944655315404
0.0028724126618437365,319.1153632295856
0.003028679419633393,324.3512791533093
0.0031752614640861592,328.9819850578787
0.0033088053628275646,332.97567814851203
0.0034218587301518932,336.1963900960491
0.003506008991740722,338.5020657040918
0.00355550166218461,339.8227090102097
0.003567768279388302,340.10657542447734
0.0035417454114573897,337.50428863138615
0.003480413677366175,331.37111522226473
0.0033904673258736235,322.3764800730096
0.003280331557171105,311.3629032027577
0.003157412156253561,299.0709631110033
0.0030273804801188367,286.0677954975309
0.0028941208298323326,272.7418304688805
0.002760080124600481,259.33775994569527
0.0026263483701118163,245.96458449682885
0.002493358865068049,232.66563399245211
0.002362410039870062,219.57075147265337
0.0022317242429948786,206.502171785135
0.002095603849269645,192.89013241261165
0.0019459479716607917,177.92454465172634
0.0017754594063789516,160.87568812354232
0.0015805719484631043,141.38694233195758
0.0013623483226901936,119.56457975466652
0.0011248064610446774,95.8103935901149
0.000870466251830687,70.37637266871586
0.0006040266637602034,43.7324138616675
0.000333729177051499,16.702665190797063
6.97357743492441e-05,-9.693743059559493
-0.00017772202937805322,-34.351093136114415
-0.0003980380384040424,-56.08251627292998
-0.0005779611346427928,-73.58091856914515
-0.000710166612810769,-86.25411104476544
-0.00079613433376986,-94.39772267851879
-0.0008448454385840775,-98.97506847023531
-0.0008687035500196227,-101.20678396016365
-0.0008808557120005603,-102.34087062053291
-0.0008936111571694447,-103.52931637247745
-0.0009164612812970212,-105.6532671913593
-0.000956181589902285,-109.32966347760004
-0.0010179568059412523,-115.00671434290702
-0.0011087660422167231,-123.25817760159012
-0.001229666831679578,-134.0611356323424
-0.001373156030199412,-146.59457118814777
-0.001525277703889004,-159.51983244968935
-0.0016702456204612567,-171.47209842029832
-0.001794881447706823,-181.45171075388566
-0.001891170721035623,-188.96885667207292
-0.001955358612821416,-193.88495968534573
-0.0019829821260605885,-195.977027202859
-0.001973911878841402,-195.07000248094033
-0.0019330659754730405,-190.98541214410417
-0.0018695931514168074,-184.63812973848087
-0.0017945003914737435,-177.12885374417448
-0.0017179195187121488,-169.470766468015
-0.0016473669445151752,-162.41550904831766
-0.001587619072237807,-156.44072182058082
-0.0015436413753782316,-152.04295213462328
-0.0015144218479954147,-149.1209993963416
-0.0014919400108383437,-146.87281568063446
-0.0014640556268663404,-144.08437728343415
-0.001418879051660434,-139.5667197628435
-0.0013476660327135523,-132.44541786815535
-0.0012446438207191486,-122.14319666871496
-0.0011111482570223146,-108.79364029903157
-0.0009552322358402304,-93.20203818082314
-0.0007892563118670592,-76.60444578350602
-0.0006266140654908869,-60.34022114588879
-0.000479167211928612,-45.595535789661305
-0.0003564029191241012,-33.319106509210215
-0.00026461095576976507,-24.139910173776606
-0.00020779634874200172,-18.458449471000275
-0.00018399107754934482,-16.077922351734582
-0.00018391556824536593,-16.07037142133669
-0.0001931252752438655,-16.98974767881783
-0.00019541503823989533,-17.218299535087944
-0.00017588954198870572,-15.265749909968985
-0.00012234485261896825,-9.911280972995238
-3.0555576190680205e-05,-0.7323533301664359
9.465652274089553e-05,11.785306200972249
0.00024169349151287193,26.452703135750554
0.00039574548896225743,41.741024025407505
0.0005427629808734963,56.215095906498405
0.0006716237645584939,68.77781420413677
0.0007751820960581619,78.77242932692724
0.0008499940355818388,85.92893481481138
0.0008954614352698897,90.250050918473
0.0009121467942298439,91.83017885318061
0.0009049728149750569,91.11278092770192
0.0008835400490097332,88.96950433116955
0.0008599368764335547,86.6091870735517
0.0008451300258336636,85.12850201356258
0.0008458089842155402,85.19325010868073
0.0008629455878611788,86.825871361671
0.0008933992820667839,89.71954941585206
0.0009346211516702412,93.62031318502505
0.0009827563607104316,98.15098275475017
0.001033211689083505,102.87079832572624
0.0010817301479803289,107.38008699092141
0.0011256296245210993,111.43440200731908
0.0011639519526124218,114.95307425246625
0.001197003512459363,117.9720005832289
0.0012265076767605874,120.65428516732803
0.001254959306278548,123.22939563588498
0.001284340014698536,125.87655826685715
0.0013139206756005272,128.52917834278404
0.001342652530973848,131.09342874567324
0.001370173531903213,133.53812241845876
0.0013962495005139586,135.8439382388149
0.0014207441760035941,138.00048865813145
0.0014411539731451002,139.7903412819569
0.001452141226604317,140.75119766846726
0.0014476462559187676,140.30135210066712
0.0014231541731528853,137.8521438240789
0.0013765141352756409,133.18814003635447
0.0013069007173613938,126.22679824492974
0.0012165850015391161,117.19522666270198
0.001110611977984726,106.59792430726299
0.000995286237474622,95.06535025625257
0.0008768004008247863,83.216766591269
0.0007610129917833839,71.63802568712876
0.0006536379377093675,60.900520279727125
0.0005604143832993691,51.57816483872729
0.0004869578978625432,44.2325162950447
0.00043783902908479494,39.32062941726987
0.00041600733024060833,37.13745953285121
0.0004215579167391574,37.687590408446866
0.00045196431037421164,40.69858067174883
0.000503837991020969,45.82423953565387
0.0005759305018847775,52.92164087375305
0.0006662936353569464,61.76864525533681
0.0007709454902777218,71.9357150891743
0.0008845145471062844,82.85894411820243
0.0010012493462353872,93.95093819641595
0.0011160236391463624,104.70684399967688
0.0012247879519823117,114.74917525409619
0.0013245689520870695,123.82329013478395
0.00141304897016993,131.75169832439556
0.0014880078044011698,138.37755350319526
0.0015472071821602878,143.54927072620413
0.001588060720001571,147.08601268455757
0.0016077958610174862,148.78491502852697
0.001604281037350509,148.43343266182924
0.0015764425223594376,145.64958116272211
0.0015235405184830866,140.35938077508703
0.0014429208650591043,132.29741543268878
0.0013344374454890378,121.44907347568214
0.0012021791525649804,108.22324418327642
0.0010528205522040632,93.2873841471847
0.0008931911253380177,77.32444146058015
0.0007304381669668196,61.04914562346035
0.0005735707758963098,45.36240651640936
0.0004284984844690237,30.85517737368075
0.00029654824711356956,17.660153638135338
0.00017487379948686205,5.492708875464587
5.844728932510926e-05,-6.149390645171297
-5.9240769522711356e-05,-17.905767248808505
-0.0001858135511402373,-30.513096495185334
-0.0003282586035786473,-44.62504529050429
-0.000492077443173972,-60.710159690887856
-0.0006820921801403028,-79.1084695783552
-0.0009050998970727013,-100.24859858990938
-0.001162063068218221,-123.86297759399712
-0.001445680999214454,-148.83200761912119
-0.001741820334781381,-173.50989207306577
-0.0020337186102713407,-196.31340103613692
-0.002305606944101299,-216.12383604946422
-0.002544482306980374,-232.36497605290998
-0.0027425499338536658,-245.00397360856522
-0.002896407784875316,-254.30858077610475
-0.0030039077916063127,-260.5467505736716
-0.0030585473047294426,-263.63551163998136
-0.0030586360318321224,-263.3528278083929
-0.003011176642291027,-258.6068888542834
-0.002931141724978457,-250.60339712302638
-0.0028401092180077698,-241.5001464259577
-0.002754053476237519,-232.8945722489326
-0.002676766896389115,-225.16591426409224
-0.0026003726966695026,-217.526494292131
-0.002512068737002744,-208.6960983254551
-0.0023997595328021236,-197.46517790539306
-0.0022560123069348503,-183.09045531866573
-0.002078268943396809,-165.3161189648616
-0.0018661915521404047,-144.1083798392212
-0.001619831237434018,-119.4723483685825
-0.0013388043872565175,-91.36966335083245
-0.0010244448010712853,-59.93370473230923
-0.0006822999792082647,-25.719222546007177
-0.0003208851319097631,10.416960018447773
5.348226194114124e-05,47.60548942200451
0.0004323585907857989,84.36679668962759
0.0008062422860483995,119.18883083334218
0.0011675789300366673,151.0078051749265
0.0015132019452121484,179.4428305512849
0.0018434799503540599,204.6031785936298
0.0021598557878376562,226.7719225356772
0.002460370249713785,246.05663809309817
0.0027346690141920645,262.1699094759143
0.0029719895705545524,274.9961306442117
0.0031652786385790725,284.70536330933936
0.003313185419728644,291.7039868726096
0.003418552894857766,296.4690437448559
0.0034859466766273923,299.4229037050752
0.0035196672740132147,300.8738359185538
0.003522950892882794,300.9069643450651
0.0035002934676939767,298.64122182618325
0.0034532301977732538,293.934894834111
0.0033792715745198853,286.53903250877414
0.0032736389526165544,275.97577031844105
0.003131230640981232,261.73493915490883
0.0029468669412797766,243.2985691847633
0.0027131722757211146,219.92910262889708
0.002425774469807451,191.18932203753076
0.0020853530383931154,157.14717889609716
0.0016977135901189851,118.38323406868415
0.0012725938766355587,75.8712627203415
0.0008229099053408963,30.90286559087528
0.00036386524655838216,-14.98814394463091
-8.974106858501025e-05,-59.85715280899012
-0.0005254903195068574,-101.50194855753486
-0.0009347265411355798,-138.52488418818245
-0.0013122142630565116,-170.38627900962263
-0.0016591340281388418,-197.46121620048777
-0.0019831723948774073,-220.71667889975868
-0.0022952960143899277,-241.21953666575072
-0.0026060583300959272,-259.7969601035381
-0.0029237472016893423,-276.9508247556059
-0.003254258757026753,-292.921679628548
-0.003597840479516405,-307.63249405013124
-0.0039488295867752795,-320.8361772207746
-0.004296729866822304,-332.28216916778325
-0.004628992508263285,-341.8517928828806
-0.004932579469569041,-349.561374441635
-0.005195535984659261,-355.5272777508912
-0.005409087255226638,-359.93400422637535
-0.005568248112128068,-362.9842493900443
-0.005671425631376296,-364.8616939819665
-0.005717382312605084,-365.673725208874
-0.0057091880138535256,-364.8542953337181
-0.005655141148793182,-359.44960882768373
-0.005566708841012709,-350.60637804963653
-0.005455594825745311,-339.49497652289665
-0.005332324589596459,-327.1679529080114
-0.005207572308258414,-314.692724774207
-0.005083499728402589,-302.2854667886245
-0.004952175353367182,-289.1530292850838
-0.004799606618318601,-273.8961557802256
-0.0046118959048499705,-255.12508443336267
-0.0043795931853088076,-231.89481247924638
-0.004098376696884455,-203.77316363681112
-0.0037672247105735137,-170.657965005717
-0.0033840395578353553,-132.33944973190114
-0.0029498309948350356,-88.9185934318692
-0.0024711832000286235,-41.05381395122799
-0.0019608916386770277,9.960817601709698
-0.0014364287164673722,61.73148530155496
-0.0009160157244896478,110.83906577597455
-0.00041422194086928026,154.74612936055067
6.091032616630498e-05,192.40471876063856
0.0005074333145655257,223.959055721776
0.0009304954944435952,250.34595466776935
0.0013400167672272165,272.7209649937426
0.0017468224169360988,292.0454891388479
0.0021592640211541042,308.93431838220295
0.002581634735093469,323.70714883041234
0.0030137911187712962,336.50969581156414
0.0034518489165989274,347.43700633213894
0.0038893068394571296,356.6072455259174
0.004317868214976414,364.17827649325415
0.004728641569991257,370.3420852226146
0.005113812356937228,375.31167947366725
0.005469635349905462,379.31848450326896
0.0057936169741323275,382.5535574640314
0.006083569680440832,385.162513098611
0.006337590114621208,387.25480924235404
0.006554319579237873,388.91374720167164
0.006732943216122093,390.2024334562397
0.006872818879478116,391.1661675918846
0.006972689956495045,391.8314941763756
0.00702881639911572,392.1974678389854
0.007037723595508532,392.0350242892852
0.006997485291376363,388.01119387606826
0.006907548861047547,379.0175508431867
0.006768172285908159,365.07989332924797
0.006580982830894266,346.3609478278586
0.006349814600800754,323.2441248185075
0.006079316090874539,296.19427382588594
0.005773978047514926,265.6604694899246
0.005437529143274058,232.01557906583787
0.005072687882350089,195.53145297344093
0.004681390455073305,156.40171024576253
0.004265043894234609,114.76705416189291
0.0038259803682824636,70.86070156667842
0.0033688141272201232,25.144077460444386
0.0028974057443600684,-21.93351926653464
0.0024125829994871588,-69.40559591224773
0.0019150979779167918,-115.76405852019663
0.0014078378592077313,-159.4030261081326
0.0008952139137072297,-198.95965257264058
0.00038193029945456677,-233.59662685506922
-0.00012790582477826735,-263.07038629068313
-0.0006319145644372521,-287.65012612266395
-0.0011278821459806275,-307.84281034741946
-0.001612941962299425,-324.2386513373961
-0.0020831593495342997,-337.42548656434053
-0.002533690415220888,-347.95128728399516
-0.0029597193503689066,-356.3140518304181
-0.003356980659534295,-362.94564572574427
-0.003721461677239482,-368.1968960590843
-0.0040477614382712435,-372.3235614939081
-0.004331922256230514,-375.5366581764032
-0.004572519040283744,-378.0146122573282
-0.004770220459600838,-379.9022877631453
-0.004927138219081679,-381.313841692225
-0.005046710790947743,-382.3417166034297
-0.005134659803687357,-383.0728975535474
-0.005195291649692972,-383.56522706217504
-0.00522973585840498,-383.84076880850796
-0.005235748632038079,-383.8885660608804
-0.005208574594631883,-381.1711623202608
-0.005142366120636807,-374.5503149207531
-0.005030760894788199,-363.38979233589237
-0.004870546691655662,-347.3683720226387
-0.004662439796589132,-326.5576825159857
-0.004410816677202871,-301.3953705773596
-0.004123140556774129,-272.62775853448545
-0.0038069823647472454,-241.01193933179707
-0.003469160714973344,-207.22977435440694
-0.003115420492656805,-171.85575212275302
-0.0027510173038187654,-135.41543323894905
-0.0023800352234782797,-98.31722520490047
-0.002004406504709917,-60.754353328064205
-0.0016238070912274645,-22.69441197981897
-0.001235499858705715,16.11882755111765
-0.0008353366502555133,55.686780163275245
-0.00041831114349814017,95.64462214369495
1.7137239525449607e-05,135.15902565749118
0.00046720723524712324,172.92128119758954
0.0009230364824741303,207.48354018895114
0.0013718530283548008,237.66501033481333
0.0018018343460150562,262.9982792068383
0.002204592344127143,283.68357714316875
0.0025759253479065557,300.3260104023215
0.0029151577102165655,313.6643314619513
0.003223151395508409,324.37247690647933
0.0035012595419430313,333.00189085397864
0.0037507427862298434,339.9801489704767
0.003972719113570421,345.6352429335367
0.004168225387079339,350.2192069337891
0.004337804107778134,353.9166692147272
0.00448097814868351,356.85028607237575
0.004595510033811787,359.0801212484654
0.004677745058232176,360.62005200390365
0.004723101350099307,361.4482723985391
0.004727018533779545,361.5191100911268
0.004686706771517743,357.4879338649465
0.004602691752902026,349.08643200337485
0.004479630339024165,336.7802906155887
0.004323808990054582,321.19815571863046
0.004140591189032997,302.8763756164719
0.0039330177060364875,282.11902731682096
0.0037017940316458925,258.9966598777615
0.003446561134527698,233.47337016594204
0.00316691899016426,205.50915572959823
0.002863101489511143,175.12740566428656
0.0025350699348311054,142.32425019628278
0.0021836701945559434,107.18427616876659
0.001810826201874245,69.89987690059674
0.0014193441309101591,30.75166980418816
0.001013087927063285,-9.866283037393204
0.0005969865746378539,-51.13135505575322
0.00017699439076871218,-91.58831897057752
-0.00023962923181064435,-129.74710982147138
-0.0006441029341717892,-164.31938315908005
-0.0010302728557466704,-194.68160675369126
-0.0013971125790493972,-220.94555336066037
-0.001746566298527313,-243.57328719361837
-0.0020811457542287107,-263.0774222836708
-0.0024027877358931853,-279.90715403751875
-0.0027123426326923607,-294.4221813767159
-0.003009181232530352,-306.89352399786986
-0.003291355798313594,-317.53295515313107
-0.0035556234364203993,-326.5081916008013
-0.003797713473070955,-333.9589982504293
-0.004012682212375228,-340.0062352851666
-0.0041957329846528,-344.76527396527507
-0.004342373754776388,-348.3358858553241
-0.004448944151376548,-350.80325670487224
-0.004513457235903439,-352.2468721572641
-0.004536106307557441,-352.7449743580897
-0.004519033030441255,-351.0376466464711
-0.004465641901380472,-345.6985337403928
-0.004379320300294743,-337.0663736318199
-0.004262372492803195,-325.37159288266514
-0.004115515128896541,-310.68585649199974
-0.003937969587595332,-292.9313023618788
-0.0037277384649206926,-271.90819009441486
-0.00348126137396986,-247.2604809993316
-0.0031968058879445144,-218.81493239679702
-0.0028755504208985297,-186.68938569219858
-0.0025215959811919456,-151.29394172154014
-0.0021409092588664763,-113.22526948899323
-0.0017402811387359286,-73.16245747593847
-0.001326990972961205,-31.83344089846612
-0.0009087758848524919,9.980415847692413
-0.0004949669570175707,51.024216784047795
-9.315641918168323e-05,89.78176639474734
0.0002927663734454006,125.32425554653324
0.0006625004202374951,157.35023417984468
0.0010184442660674687,185.99750084805902
0.0013646791464766732,211.62904420226081
0.0017067117634640707,234.70819473702306
0.0020474365925550035,255.48426921326606
0.002385510135501574,273.97357182326306
0.002715040612860953,290.05761276939216
0.0030256916232681346,303.58078110214603
0.003307057268101155,314.55694813042123
0.0035510494959253127,323.1708376212287
0.0037531459599875836,329.71605052913645
0.003912093885050593,334.5129679951597
0.004029752913367649,337.87563846746883
0.004110713543388244,340.10041107424007
0.004160981382800833,341.44631848849434
0.004187268848102841,342.1395569475879
0.004196040873221858,342.3692850974173
0.004193285535978435,342.093751373075
0.004181650289878572,340.9302267630887
0.0041591138408933,338.6765818645615
0.0041197763184607624,334.74282962130775
0.004055766061803266,328.3418039555581
0.003958980180770466,318.6632158522781
0.003822062793668086,304.9714771420401
0.003641478498562301,286.91304763146155
0.003418599863377538,264.62518411298527
0.0031582083137312723,238.58602914835873
0.0028666233163509598,209.42752941032748
0.0025505562530751475,177.82082308274624
0.0022163532770958063,144.40052548481214
0.0018704784577409596,109.81304354932747
0.0015194582879784148,74.711026573073
0.0011691709561343375,39.68229338866528
0.0008237366128376689,5.138859058998419
0.0004844651896437127,-28.7241147595543
0.00015000683967872968,-61.66576227384204
-0.00018238862331463115,-93.52673192048303
-0.000514440841610116,-124.09094481390218
-0.0008462446245845672,-153.04762139221484
-0.0011759829176991553,-180.01138857024517
-0.0014995692012427383,-204.55709131725254
-0.0018113682524051,-226.33482494957397
-0.00210561775396224,-245.18167221404744
-0.0023783989093506116,-261.1931145466361
-0.0026265424331167984,-274.5724980899657
-0.0028471986086561884,-285.55652651000406
-0.003037615943693588,-294.37313557649077
-0.0031945414511188566,-301.1971981084899
-0.0033165458332138163,-306.23738487016914
-0.0034047626697149436,-309.7418328798534
-0.0034623779065404833,-311.96878982411965
-0.00349323729784317,-313.14182039942915
-0.003500740424926977,-313.42496704123363
-0.003487070639174012,-312.05798846593717
-0.003453089415599204,-308.65986610845636
-0.0033991748168874267,-303.2684062372786
-0.003324898488280662,-295.8407733766022
-0.0032293767477929044,-286.28859932782643
-0.0031116918559351485,-274.52011014205084
-0.0029710362974619967,-260.4545542947356
-0.002806631076973077,-244.01403224584365
-0.0026177214161267537,-225.1230661612113
-0.002403902240667076,-203.74114861524353
-0.0021656359767534086,-179.9145222238768
-0.0019044455009261277,-153.7954746411487
-0.0016228147956446105,-125.63240411299701
-0.0013241849581482007,-95.76942036335602
-0.0010125943833026864,-64.6103628788046
-0.000691683779152038,-32.51930246373978
-0.0003638480277191599,0.26420446989973756
-3.1015540860359795e-05,33.45888018560036
0.00030492497014541115,66.47183414375661
0.0006412358781354416,98.57852964426871
0.0009735636914050684,128.98995453364628
0.0012989228377435422,157.19245713903004
0.0016178106836758671,183.10788719483912
0.0019312927574294393,206.7799613319114
0.002238837064400883,228.19480185576802
0.0025379606748386217,247.28832898382768
0.0028247751614228966,264.01179985645365
0.0030947346728573007,278.37945956991535
0.00334355896088346,290.4934264366449
0.0035678238415860577,300.52979258972016
0.003765115375209917,308.7036339466504
0.00393382102707559,315.23140418874294
0.00407280949606274,320.30462766556803
0.004181271752007692,324.08030176224787
0.0042587947602912395,326.68379988513044
0.004305137991229509,328.2032316460648
0.004320056901468739,328.68657861734664
0.004303388765220781,327.01976499255085
0.004255120346280441,322.19292309851687
0.004175146539837239,314.1955424541967
0.004062259790941856,302.90686756465834
0.003915957788655705,288.2766673360433
0.0037372335647293613,270.4042449434089
0.0035283986154715364,249.52075001762645
0.0032925393927835988,225.93482774883265
0.003033811780509389,200.06206652141168
0.0027582293566525222,172.50382413572498
0.002470798390253752,143.76072749584796
0.002174461017402476,114.1269902107204
0.0018701687196523789,83.69776043571068
0.0015579189368468231,52.4727821551551
0.0012374779478077794,20.42868325125072
0.0009087666239777846,-12.433888581221185
0.0005717127629341464,-45.89315079631935
0.00022524285816958827,-79.55544478314333
-0.0001307942775475715,-112.88710018252588
-0.0004948039412264437,-145.20064689209116
-0.0008631932523505477,-175.72685897974407
-0.0012308629045288668,-203.7646968965915
-0.001591775536362164,-228.8017410708087
-0.0019395440414902998,-250.57385403253335
-0.0022688021812735173,-269.1030354350901
-0.002575752814630527,-284.6279592719233
-0.0028585115940068457,-297.51913644093065
-0.0031167916312293906,-308.18738087878336
-0.0033514762679958663,-317.02573319447197
-0.003564045504081114,-324.3755593970499
-0.003756049045728726,-330.5137767839473
-0.0039287727197063445,-335.65523703433547
-0.004082527059194768,-339.9468677392553
-0.004216303259060986,-343.47426503650405
-0.004328068267639305,-346.2810677689688
-0.004415580191790285,-348.3934160370968
-0.004475828250901837,-349.8055388304223
-0.00450505604600769,-350.47850119484946
-0.004499446843785276,-349.91758097260805
-0.004456328669422838,-345.6057635363643
-0.00437465825715076,-337.43872230915645
-0.004254659967946767,-325.4388933887572
-0.004098416350660631,-309.8145316601436
-0.003909534700310902,-290.9263666251707
-0.0036920029882989997,-269.1731954239804
-0.003449167235987234,-244.88962019280385
-0.0031835723792595235,-218.3301345200328
-0.00289694030523895,-189.66692711797546
-0.0025909928351062136,-159.07218010470183
-0.0022677684745643113,-126.74974405051158
-0.0019295731766466608,-92.93021425874655
-0.001578751880257288,-57.84808461980928
-0.0012174054709120973,-21.713443685290194
-0.0008475257580842836,15.261237680034236
-0.00047164155206021137,52.49269729504287
-9.339979884154855e-05,88.97002563669477
0.00028277255836748954,123.68231679010374
0.0006522686598291345,155.79723941359515
0.0010114285834022221,184.8132032939547
0.0013588476405262365,210.63072876445673
0.0016934828823231508,233.32701098217223
0.0020135722034470074,253.03892368943787
0.002316481041905965,269.93543400407424
0.0025990324770879683,284.21813222378404
0.0028575912292835115,296.1020216664281
0.003088228912748557,305.800743495869
0.0032871189026222984,313.52123099700736
0.003450715144920346,319.4497998946101
0.0035752153274973453,323.7187575216846
0.003655224153235438,326.35566670196914
0.0036873042528173137,327.39015201476633
0.0036714734120060787,325.8070679336428
0.0036113101942948514,319.79074616252007
0.003512775915493226,309.9373182823576
0.0033828780338746697,296.9475301205019
0.003228174843672661,281.4772111003011
0.0030534754406256145,264.0072707955964
0.0028621493587535096,244.87466260838593
0.0026567231267928906,224.33203941232404
0.002440268798360225,202.68660656905743
0.00221457109142534,180.116835875569
0.0019789928288431653,156.55900961735148
0.001731349296762803,131.79465640931525
0.001468933790651485,105.55310579818347
0.0011899093054591682,77.65065727895178
0.000893163258203527,47.97605255338767
0.0005820784937909091,16.86757611212588
0.0002653223104683863,-14.79930446993256
-4.57963126846337e-05,-45.69737518652337
-0.0003402715528271586,-74.42311973075383
-0.0006083845738078954,-99.8849458615993
-0.0008397612063661498,-121.17021966189878
-0.0010294523893995748,-138.0633870939563
-0.001179249594587401,-151.01200926319277
-0.0012963796653854764,-160.88053267920782
-0.0013907136969301542,-168.65817989307882
-0.0014730631939195442,-175.3200998937291
-0.001554308996165791,-181.77373143204534
-0.0016428746991767739,-188.67184448285863
-0.0017437350372104406,-196.350893609296
-0.001858715732613274,-204.87240261751487
-0.001988542486077152,-214.19296267936548
-0.002129388603808728,-223.94054694626487
-0.0022722767385929604,-233.44113794110987
-0.0024051280011374502,-241.92424504518826
-0.002515397243316475,-248.71071272515408
-0.0025951763707397126,-253.47778654514482
-0.002643484005637901,-256.3064514659277
-0.0026663836422089553,-257.6321742805784
-0.0026770412320394356,-258.24585455247194
-0.002685518175411827,-258.7324680967719
-0.002693424821062128,-259.18514602739873
-0.0026929581074773817,-259.1384746689241
-0.0026680410526635457,-256.6467691875405
-0.0026059725146381552,-250.43991538500148
-0.002501956945409486,-240.03835846213457
-0.002357509318239833,-225.59359574516927
-0.002175119821797072,-207.35464610089312
-0.001956100562699778,-185.45272019116376
-0.0017003394900736329,-159.87661292854926
-0.0014097113989376183,-130.8138038149478
-0.0010929010252700886,-99.13276644819483
-0.0007640823502971755,-66.25089895090352
-0.00044012077959728073,-33.85474188091404
-0.00013447594876896368,-3.290258798082331
0.00014790436240955335,24.913696202499388
0.0004098854614814415,50.85783991816499
0.0006593126648247594,75.15325536838894
0.0009042918901685394,98.4558684298793
0.001150013969297401,121.11903481728318
0.0013964373397642132,142.99977296248377
0.0016388282557285743,163.5876798738578
0.0018695864517720663,182.25024067214576
0.0020797506969826296,198.40686586195073
0.0022599703589113542,211.60255714303554
0.0023985230074077945,221.32710950834792
0.0024878499506064866,227.40183601239355
0.002527341041787088,230.03870679278165
0.0025232890341620362,229.6335060302765
0.0024879553196717323,226.1001345812461
0.002436556243318406,220.96022694591346
0.002384883118641329,215.79291447820574
0.002347862899905209,212.09089260459376
0.0023407573727913657,211.33560250366978
0.0023697333296220247,213.40376739227693
0.0024286652415404014,217.5605984236388
0.0025004021114833934,222.53099095656827
0.002559501202179933,226.55169753330037
0.002583595336667365,228.17169430526098
0.0025592022385919496,225.73238449771944
0.002482862158341295,218.09837647265397
0.002358537120745913,205.66587271311576
0.0021954311029581592,189.3552709343404
0.002005508990052299,170.36305964375435
0.001801738601836008,149.98602082212528
0.0015976866560602496,129.58082624454943
0.0014065769345226037,110.46985409078485
0.0012407998913908083,93.8921497776053
0.0011059381289485184,80.40597353337631
0.0009977788809408283,69.5900487326073
0.0009032261102106528,60.13477165958976
0.0008046171641045677,50.27387704898125
0.000684913246427875,38.30348528131197
0.0005322019546993491,23.03235610845939
0.00034289513137750655,4.101673776275132
0.0001214704053648381,-18.026429134121113
-0.0001222837546231148,-42.24372178293217
-0.00037787082329787517,-67.28677053235577
-0.0006334724157626263,-91.78080582608172
-0.000876642577844536,-114.41026362461334
-0.0010961124022592409,-134.15677055003744
-0.0012840910349916428,-150.49256928339184
-0.00143775888924298,-163.41811857160187
-0.0015598123945817887,-173.39533347443356
-0.0016580209542906806,-181.23128055247884
-0.0017429985432220498,-187.87026983836387
-0.0018243205239487892,-194.0989998463794
-0.0019062521898339105,-200.24964861414782
-0.001988536207288217,-206.29949180147008
-0.002067403479024945,-211.97755586438453
-0.0021366871821540357,-216.86778981053084
-0.002189119208020494,-220.50756382253684
-0.002218031378235707,-222.49209580729
-0.0022185583503381997,-222.4174720796253
-0.002188383111685774,-219.3999482143827
-0.0021278735343644856,-213.34899048225384
-0.0020405602549333703,-204.61766253914234
-0.0019331425704163894,-193.87589408744427
-0.0018126531062474555,-181.82694767055088
-0.001684116873997333,-168.97332444553862
-0.0015512748679140037,-155.6891238372057
-0.0014172423276416935,-142.28586980997466
-0.0012848423818835398,-129.0458752341593
-0.001157832541664764,-116.34489121228171
-0.001036750339719245,-104.2366710177298
-0.000917771022107649,-92.33873925657021
-0.0007935771611691898,-79.9193531627243
-0.0006547366031524274,-66.03529736104805
-0.0004959753819845321,-50.15917524425851
-0.00031864648786984474,-32.42628583278978
-0.00012902143921372864,-13.463780967178176
6.557863248085331e-05,5.9954853866295235
0.00025843301879962686,25.247090544571986
0.00044385052047159223,43.64498646871022
0.0006182720746963486,60.780704558299384
0.0007800061799022054,76.46563549290522
0.0009278585386939248,90.59077454714937
0.0010606281841307537,103.07221768581961
0.0011777888579924014,113.90789621272576
0.001279683089700078,123.18376657101113
0.0013693774835800492,131.22773083357558
0.0014522555370295649,138.55432675865384
0.0015334804949044055,145.63186081473938
0.0016154549571672742,152.66773759014137
0.0016970401233449208,159.56017153271299
0.0017741815604766236,165.97348391773696
0.0018420745278327451,171.53261661358243
0.0018971697736570067,175.98412869357188
0.0019382285522343654,179.26628473910907
0.0019660594697396123,181.47375639820453
0.0019834501733833275,182.84601135442804
0.001995664872189302,183.80655169176683
0.0020063908622247007,184.64777885072286
0.002016544614010716,185.44218871002303
0.002024581316709994,186.0696265834839
0.002028533376762651,186.37773579947626
0.0020266781686792182,186.19160680306118
0.002017219096056765,185.24569954081588
0.001997957125087458,183.31950244388517
0.001965319015166618,180.05569145180112
0.0019141809241047822,174.94188234561756
0.0018377203208499804,167.2958220201374
0.001731940480464823,156.71783798162164
0.0015980893409518583,143.33272403032518
0.0014424450612536472,127.76829606050408
0.001274909428611841,111.01473279632346
0.0011037509435371901,93.89888428885837
0.0009327596740074972,76.79975733588908
0.0007608172672225552,59.60551665739488
0.0005836676331960328,41.89055325474265
0.00039673173807109485,23.19696374224885
0.0001966837157610268,3.1921615112420465
-1.875013440937518e-05,-18.337068670268913
-0.0002533050914983987,-41.64620277501757
-0.0005083710177750667,-66.65688816579464
-0.0007811193344690204,-92.79909599907906
-0.0010648747293050746,-119.10913977549967
-0.0013500939288314767,-144.43542192301564
-0.0016248044731389535,-167.60746790475312
-0.001874482287532843,-187.52971426605512
-0.002087907756856652,-203.65255907035788
-0.002259954843836818,-216.0238471462075
-0.0023919431062649843,-225.13148851484783
-0.0024899112820964907,-231.6758214700891
-0.002562634282090456,-236.41494485950972
-0.0026197221552725614,-240.06440836243797
-0.0026697047755833256,-243.20869141593994
-0.0027196133149202935,-246.30099012813832
-0.002772873335520392,-249.54897797478048
-0.0028288222388122048,-252.90341414202328
-0.002883066190511832,-256.0996418691055
-0.002928608490994893,-258.74080728873776
-0.002957442467491853,-260.3931170500233
-0.0029617149091675076,-260.6366392633846
-0.0029364906563287023,-258.1142139795041
-0.00288095003511726,-252.56015185835986
-0.002798765783173428,-244.34172666397666
-0.0026971367278215176,-234.17882112878561
-0.0025847266029824993,-222.9378086448838
-0.002469952455233594,-211.46039386999325
-0.002359741554164787,-200.43930376311255
-0.0022599235477570616,-190.45750312234
-0.0021719129544884508,-181.6564437954789
-0.0020917627499714175,-173.64142334377559
-0.002011579230159931,-165.62307136262694
-0.0019217313574127575,-156.6382840879096
-0.001812528734506403,-145.71802179727413
-0.0016746871762883247,-131.9338659754663
-0.0015034294907594764,-114.80809742258147
-0.0012998629808044122,-94.45144642707506
-0.0010703959784265553,-71.50474618928936
-0.0008248727231404368,-46.95242066067751
-0.0005751452245580101,-21.979670802434853
-0.0003344094227814895,2.0936480091546352
-0.00011291783532603796,24.20826882331272
8.396194903194955e-05,43.7374104106961
0.00025632562190344254,60.6582331737476
0.00040886115997526746,75.44403629871731
0.0005493445620665741,88.86916424824697
0.000686989762432168,101.81516684845018
0.0008308359909642107,115.09665805658074
0.0009895159065228462,129.4225601937163
0.0011667064449294572,144.97846662778989
0.001359579176359124,161.33866251659435
0.0015594285096365015,177.61874376061115
0.0017540108101633059,192.7795632510313
0.00193054006280597,205.924851721136
0.002078202966743518,216.4671157986307
0.0021894899297740006,224.13697986092333
0.002259459039845824,228.83773411895993
0.0022883372411870847,230.75052229554896
0.0022816557987351614,230.0823780503566
0.0022486841487625296,226.78521305309346
0.002199998391091574,221.9166372859979
0.0021449160289303036,216.40840106987085
0.0020898577484201736,210.90257301885782
0.0020379447529936907,205.71127347620956
0.001990126832968302,200.92948147367068
0.001943191745065035,196.23597268334393
0.0018899519535292965,190.9119935297701
0.0018209621782685577,184.0130160036962
0.0017269315213958197,174.6099503164224
0.0016011377706553903,162.03057524237948
0.001440802505965551,145.99704877339556
0.0012470928895751319,126.62608713435363
0.0010234754077826582,104.26433895510625
0.0007764820241922479,79.56500059606523
0.0005149448461251966,53.411282789360094
0.00024851004579329474,26.767802756169907
-1.4198948747238594e-05,0.4969033021165804
-0.0002668874914952656,-24.7398614462836
-0.0005061573543592676,-48.455363044931346
-0.0007319157534960149,-70.51563916908744
-0.0009466386466650061,-91.08858565158664
-0.0011538466291771117,-110.46295683370039
-0.0013558094345354514,-128.81261954989859
-0.0015545288769492614,-146.28577646348953
-0.0017519882810307173,-163.02176502204304
-0.0019491256294600615,-179.06376051098695
-0.0021451208129161844,-194.31916551591743
-0.00233794251022291,-208.62981180244554
-0.0025260234301927574,-221.90861835124565
-0.002706599633932398,-234.02049062288765
-0.0028757341271929944,-244.7995053497884
-0.0030291606329345836,-254.1082252562796
-0.003163486968931469,-261.89633390567485
-0.0032764846636926357,-268.19023708806253
-0.003366988883752105,-273.06413324026227
-0.00343457620216076,-276.6082958529863
-0.0034789263612254985,-278.89003457592344
-0.0034994910600965145,-279.9363394085262
-0.003495134916653371,-279.5007250642119
-0.0034647690876950165,-276.46414216837644
-0.0034079899384390827,-270.78622724278307
-0.003325052618597631,-262.49249525863786
-0.0032165279157340735,-251.64002497228213
-0.003082576161347495,-238.24484953362423
-0.0029226114280885406,-222.24837620772882
-0.0027353873340098616,-203.5259667998609
-0.0025195548488576957,-181.94271828464434
-0.0022744361680007716,-157.43085019895193
-0.002000414876001973,-130.02872099907208
-0.001699006830908184,-99.88791648969318
-0.0013720857594305155,-67.19580934192636
-0.0010226522593965788,-32.252459338532695
-0.0006549383795368089,4.51717900537712
-0.00027397223418160264,42.4241539778105
0.00011483794271747343,80.27079001107154
0.0005065121653941637,116.86670215078016
0.000896896844169485,151.25105044934097
0.0012827514691727375,182.7720398919502
0.001661218907262091,211.0566783904782
0.0020309392459487885,236.05835410278303
0.0023922702223558136,257.97900995436123
0.0027474519602028037,277.17761786549534
0.0031014646870802637,294.1202289897351
0.003457206968727339,309.1008754174113
0.003813525843550851,322.23313676775484
0.004165297121974118,333.5459077768023
0.004505006434003296,343.0853035608661
0.004823729261260295,350.94032601507
0.005112484873934496,357.246651580032
0.005363144652929866,362.16477837299385
0.00556871729920568,365.85056466599053
0.005724054165756979,368.4452396040149
0.005825811643522221,370.0618847955742
0.005872117926754651,370.7767462602043
0.005861123260378613,369.5318437826689
0.005793260256586047,362.74554340341234
0.005672368983447929,350.65641608960044
0.005504703522022897,333.8898699470973
0.005297012812254279,313.12079897023546
0.005054656226994394,288.885140444247
0.004780709821649883,261.49049990979586
0.004474437003858157,230.8632181306233
0.004132436355184737,196.66315326328132
0.003751306281335964,158.55014587840398
0.003329808561831576,116.40037392796519
0.002869152294752768,70.3347472200844
0.0023714537110861894,20.56488885342654
0.0018408391274298784,-32.37383514240761
0.001283392317321092,-86.46541067026048
0.0007069621374576178,-138.75888421600453
0.00012060961099577176,-186.56050050172897
-0.00046606676323995665,-228.04821086236973
-0.0010438459649168951,-262.51794398889814
-0.0016050663155600328,-290.24207742183614
-0.0021440921015776875,-312.08030854544046
-0.002658828101217549,-329.1483426631773
-0.00315059074853571,-342.53535326854455
-0.0036225041469860903,-353.1448084484732
-0.004077631043680138,-361.6588310600921
-0.00451777475499482,-368.5696878820492
-0.004943606251703987,-374.2367474732382
-0.005352970782754145,-378.90634868533823
-0.0057409199760813856,-382.74967168595373
-0.00610038629941079,-385.8900859535964
-0.006423392801236509,-388.42141282883017
-0.0067020386897704756,-390.41612691162345
-0.006929172231642087,-391.9290668442947
-0.007099516223285509,-393.00415854368526
-0.0072100769198915875,-393.6768232758722
-0.007259590446894962,-393.9720025119795
-0.0072470341473359675,-392.5774198988457
-0.007173664309221708,-385.24043608741977
-0.0070437400607589904,-372.24801124114805
-0.006863466992461145,-354.22070441136344
-0.006639616005361739,-331.8356057014229
-0.006377581713524798,-305.63217651772874
-0.006080678735433656,-275.9418787086145
-0.005749453573355794,-242.8193625008284
-0.0053826376430160154,-206.1377694668505
-0.004979316181440245,-165.80562330927347
-0.004540674518921466,-121.94145705739562
-0.0040683553015515945,-74.70953532040846
-0.0035624139237855484,-24.11539754380386
-0.0030241899917847503,29.57659731691938
-0.0024578807066703593,84.4680983220677
-0.0018716305495084006,137.47449466122012
-0.001277844425601229,185.56607874396292
-0.0006880542916779672,226.8759872103853
-0.00010907204274276933,261.01106956117206
0.00045555205168583505,288.51745221489335
0.0010039090244831634,310.35420317313606
0.0015351838389042554,327.57214823639185
0.002048936511187488,341.13143874727865
0.0025458276479837358,351.86021909364365
0.0030280937822181006,360.4397923418026
0.003497098470759126,367.3752605911009
0.00395186933237122,373.0249901108566
0.0043884659271057735,377.64084235678683
0.00480032918144989,381.4041269049467
0.005179544254498935,384.4522635064009
0.005518222545073334,386.8933428813499
0.0058095273960565436,388.81308450562756
0.0060477848616385796,390.2760902642247
0.006230014890544642,391.33724993447134
0.006356148663522489,392.04496140496803
0.006428521010518446,392.4417434004235
0.006451029565278621,392.5638166186278
0.006428335268015218,390.2943868922875
0.006365882734664001,384.04913355716576
0.006267933434687075,374.2542035594732
0.006136062825205757,361.0671426113414
0.005968334124548927,344.2942725456584
0.005760955263173102,323.5563864080759
0.005510730264721926,298.5338865629583
0.005216526604447795,269.11352053554515
0.00487917447879932,235.37830797069768
0.004499766627131769,197.43752280394258
0.004080538576674746,155.5147177582403
0.003625259928146612,109.98685290542691
0.003139738159260209,61.43467601678661
0.0026320318258458383,10.664042675349535
0.0021122828924470326,-41.06025909606873
0.0015915669220347183,-91.23345138605808
0.0010802424747371874,-137.42022314707194
0.000586881241568918,-178.07184200138659
0.00011574372831597119,-212.76146110797572
-0.0003334562048024807,-241.89750280108646
-0.0007642737443604207,-266.2793466666518
-0.0011813979183369454,-286.74094393033397
-0.0015886760426778092,-303.9740491403106
-0.00198792767728958,-318.49802180100664
-0.002378600100672286,-330.69908240216785
-0.0027584604841343102,-340.89336110529655
-0.0031229566742967943,-349.33121641151786
-0.003465539008594919,-356.2221852853556
-0.0037785608201889166,-361.7538256067991
-0.00405440969538353,-366.09899655523986
-0.004286811457626283,-369.41864414191963
-0.0044715909460411605,-371.857458585197
-0.004607346287451569,-373.5451601275957
-0.004695319473041908,-374.5946389221204
-0.00473857731704686,-375.09845412578466
-0.004740973223977235,-374.800956431798
-0.00470583935687026,-371.28756972110045
-0.004635293935264785,-364.233027560553
-0.0045299644768742086,-353.70008172149534
-0.004388885017096965,-339.592135743771
-0.004209869587398068,-321.69059277388135
-0.003989519116425819,-299.6555456766564
-0.0037260635127027123,-273.3099853043458
-0.0034203877320846984,-242.74240724254437
-0.0030758879513926004,-208.29242917333454
-0.0026974990451070244,-170.453538544777
-0.002291311343020544,-129.83476833612897
-0.0018643169154968046,-87.135325583755
-0.0014247114540712298,-43.17477944119752
-0.0009823096019147,1.0645996562724693
-0.000546571049036441,44.40862724399116
-0.00012498539996494407,85.28337421995428
0.0002774598110167065,122.5501833442126
0.0006576352472763907,155.637419797606
0.0010153143416248443,184.55228810547902
0.0013524364884183423,209.6606127977268
0.0016721473489137283,231.47568211175945
0.0019773187200120457,250.4786538511525
0.0022700498620296023,267.0696908213111
0.002551572569795086,281.56888932001453
0.002821626626899157,294.2014711532012
0.0030787461770553372,305.13537830782053
0.0033208603038533666,314.51833975454105
0.003547285065603719,322.54589953513744
0.0037560229663516492,329.3500617462917
0.0039430074005315984,334.9917777714072
0.004102089876646091,339.4754666024929
0.004224633184461713,342.7420558640128
0.004304968182518799,344.7989819479256
0.004342475855279596,345.737105929509
0.004340957581036256,345.30138516624703
0.004306328462930371,341.8384733556585
0.004245679739075589,335.7736009701803
0.0041674625431746245,327.9518813800838
0.004076098959043991,318.8155229670205
0.0039706710936294526,308.2727364255666
0.003846170685740749,295.82269563669627
0.0036963257721256354,280.83820427518486
0.003515688250050679,262.77445206768925
0.003299697040809189,241.17533114354026
0.0030440929049058295,215.61491755320435
0.0027425701654914805,185.4626436117694
0.0023921168015387266,150.41730721649404
0.001996070396369652,110.81266669958656
0.0015644637557896694,67.65200264158831
0.0011123975717111053,22.445384233731907
0.0006575483510759679,-23.005543477477534
0.00021845640147461523,-66.23912502404606
-0.00019202363425565184,-105.19673414802254
-0.0005690472117342877,-139.11603534634978
-0.0009151934762523952,-168.30876531071186
-0.0012381573756570995,-193.6522013996421
-0.0015466156516746028,-216.04201365810758
-0.0018480154069457876,-236.1645920977607
-0.0021473385610324444,-254.4369868129488
-0.00244738574146792,-271.0830579782861
-0.0027479737430159373,-286.1517925029682
-0.0030454991137490238,-299.5715401825508
-0.003332886466391925,-311.21668270187894
-0.0035998318638607845,-320.9605109024466
-0.0038354216545407258,-328.76741011742735
-0.004031047242220594,-334.7269495628983
-0.00418130456644936,-339.0031428557279
-0.004284902658488114,-341.8070518574698
-0.0043444336564844935,-343.36697794750955
-0.004365534664185234,-343.91111874364657
-0.004354479958073447,-342.8056481324679
-0.0043158152777631855,-338.93918010144176
-0.004251828844645179,-332.5405367896411
-0.004162293269867193,-323.5869793118425
-0.004044211203912984,-311.7787727164217
-0.0038911284213041506,-296.4704944555383
-0.0036975466000049154,-277.1123123256148
-0.0034610615971371076,-253.463812038834
-0.0031823503779707116,-225.59269012219443
-0.0028642318560184116,-193.7808379269644
-0.002511225393600253,-158.48019168514858
-0.0021294346513124804,-120.30111745637132
-0.0017271119037585408,-80.06884270097737
-0.0013150029258253192,-38.85794490765521
-0.0009050564558188819,2.1356098148947518
-0.0005086648604461798,41.58652061883553
-0.0001351257873056636,77.97520044640714
0.00020826543166197882,110.23009040085533
0.0005198474118423441,138.16261077252187
0.0008035006723602616,162.28002394175093
0.0010663319587071985,183.39051704420982
0.0013153457659398908,202.2253610117199
0.0015559575375147876,219.31147054521313
0.0017920112000289587,234.99754407293926
0.0020243497514651895,249.3993515240963
0.002251543355726699,262.5031723003533
0.00246907550437691,274.1664728982291
0.002669141253450505,284.1561797195819
0.002846199350352602,292.4301675476774
0.003002300673283216,299.30042121181225
0.003139590052488801,305.026446054851
0.0032545131440048503,309.60007443772525
0.00334285312983294,312.984004319767
0.0034036322713071323,315.2473706463833
0.003438907282630355,316.53719075320254
0.0034522157491682372,317.0193206416399
0.0034464234840246113,316.44009412727735
0.003421964215302989,313.99416725511514
0.003376624579912391,309.4602037160553
0.0033061882583611565,302.41657156093186
0.0032057121207496554,292.36895779978175
0.0030702087283044953,278.81861855526574
0.0028980789094114417,261.60563666596033
0.002691699582344907,240.96770395930693
0.0024564633937643313,217.44408510124933
0.0021988296515944037,191.68071088425657
0.0019250501228442525,164.30275800924147
0.0016412939814009666,135.92714386491286
0.0013536452208030658,107.16226780512278
0.0010688370381825736,78.68144954307357
0.0007948768897095576,51.285434695771976
0.0005415394294698557,25.951688671801787
0.00031550967913186875,3.3487136380030935
0.0001179058180938934,-16.40077926808043
-5.506207848380819e-05,-33.620756182059345
-0.000209305640042368,-48.86833526458852
-0.000350279953957079,-62.67532097694977
-0.00048108616960821694,-75.3467670863654
-0.0006024035528154751,-86.95642062687607
-0.0007136999343497666,-97.4697769200596
-0.0008145388894229903,-106.86992974826643
-0.0009056252456197321,-115.25017440361522
-0.0009883287582978665,-122.76226939767704
-0.0010640402593227992,-129.55426182018874
-0.0011340424315784022,-135.7587502245573
-0.0012006759485578024,-141.59506861401698
-0.0012654729507129976,-147.2034638595745
-0.0013288518187401577,-152.6234437925372
-0.0013906322898698444,-157.84275446188119
-0.0014502492512522168,-162.8181599204872
-0.001506698464301862,-167.47285145037233
-0.001557976674256981,-171.65290531763497
-0.0016001927306898917,-175.0593262568061
-0.0016265065296803757,-177.1664908193943
-0.001630586503999227,-177.4920951490559
-0.0016087294814566804,-175.30639289480123
-0.0015604326134970974,-170.47670609884293
-0.0014876137663905943,-163.19482138819262
-0.001394308960677365,-153.8643408168697
-0.0012865650980895405,-143.08995455808727
-0.0011695628106179658,-131.3897258109298
-0.0010466569967538762,-119.09914442452086
-0.00091928987711672,-106.36243246080524
-0.0007878034687507243,-93.21379162420567
-0.0006526613097834289,-79.69957572747612
-0.0005148244453486655,-65.91588928399977
-0.00037527036145817413,-51.96048089495064
-0.0002341984421530616,-37.85328896443938
-9.15512832821422e-05,-23.588573077347448
5.231507144008852e-05,-9.201937605124376
0.00019543005675137475,5.109229506717
0.00033383813698067294,18.936771246090423
0.00046168903067600773,31.67026744231949
0.000572205670729074,42.62609550420285
0.0006603986835623226,51.32306052652228
0.0007248545297799685,57.64827280861674
0.0007671953734396657,61.78731409398434
0.0007899634301080785,64.00740316068381
0.0007976008531538883,64.75120910713866
0.0007961903430764104,64.61015809939087
0.0007924818321808071,64.23930700983054
0.0007932791303449808,64.31560856454374
0.0008030945572897365,65.27119692591815
0.0008231071052426955,67.21711875926317
0.0008512537260672742,69.94832542171504
0.0008825195342766899,72.97420734419568
0.000912618902886463,75.87894591514184
0.000940952816376769,78.60563666930986
0.0009672207391188379,81.12664192097704
0.0009896363006089972,83.27255065966285
0.001004679855423952,84.70987614206892
0.001008489891782226,85.07353618955865
0.0009979972415420785,84.0242711655439
0.0009714975063564525,81.37429764698129
0.0009292895803801887,77.15350504935492
0.0008725826930171196,71.482816313048
0.0008019627425411,64.42082126544604
0.0007149702638621123,55.72157339754727
0.0006103207739961577,45.25662441095181
0.0004905045338055739,33.27500039189343
0.0003621321950517347,20.437766516509505
0.0002362376645030517,7.848313461641212
0.00012161963575300684,-3.613284086371841
2.154903123248608e-05,-13.614513300983987
-6.54348063567752e-05,-22.293642824307405
-0.0001428195434807809,-29.996797284940243
-0.00021460857072624776,-37.12233317324421
-0.0002857547761737119,-44.159874683807864
-0.0003587211687151932,-51.34782964940373
-0.00043331573092164253,-58.66034294331502
-0.0005079376511627809,-65.93444319195974
-0.000580896916738106,-73.00215414807363
-0.0006496240958192131,-79.61589437291713
-0.0007085577064494772,-85.25045322230284
-0.000751768103939529,-89.35886190555289
-0.0007744308941011269,-91.50556280925075
-0.0007739307038628342,-91.45554378542147
-0.000750445492800765,-89.10702267921455
-0.0007074681997967111,-84.80929337880917
-0.000651374439252422,-79.19991732438025
-0.0005900870348398676,-73.07117688312482
-0.0005313911470196841,-67.20158810110647
-0.0004813182248802699,-62.194295887165055
-0.00044310636394288697,-58.37310979342676
-0.0004166449444748835,-55.72696784662641
-0.0003988112429841574,-53.9435976975538
-0.000384878035066786,-52.55027690581665
-0.0003705789862162251,-51.12037202076056
-0.0003513900122696372,-49.20147462610177
-0.0003227953025084197,-46.342003649980015
-0.000281342357156574,-42.196709114795446
-0.00022582413728946984,-36.644887128085024
-0.00015737039547374446,-29.799512946512493
-7.823669294154785e-05,-21.886142693292832
7.01022671982871e-06,-13.361450727155173
9.23597911405687e-05,-4.826494285081173
0.00017179683936615126,3.11714967283125
0.0002408621196581758,10.021841436089973
0.00029763062536780697,15.6929968543822
0.0003422798821273108,20.149151929629785
0.0003761504681736773,23.526276401710955
0.00039957806000486505,25.860220274987835
0.0004135299887824714,27.24933008191695
0.0004202911582780993,27.922262452617016
0.00042284447528246987,28.176350162636023
0.0004242074390018013,28.311973090975144
0.0004269328094415679,28.583143746637273
0.00043353946047665977,29.240385743949087
0.0004445108435221993,30.331484681611208
0.00045792969018232604,31.665359569741625
0.0004702070838355115,32.885145774416884
0.00047660260003152806,33.52031001846706
0.00047439993262997127,33.30004327831138
0.0004640044656085328,32.26049657616753
0.0004481538368218004,30.675433697494288
0.00043046644176671816,28.906694191986066
0.00041464279865975157,27.324329881289408
0.000404952545168867,26.35530453220095
0.0004043513852462209,26.29518853993634
0.00041413828198211624,27.26953737836671
0.0004338674059369878,29.232693463877858
0.0004609994055960209,31.93013018977752
0.000492384979828231,35.046765488639394
0.0005247024877841959,38.25142283016648
0.0005546833645897722,41.21991498879069
0.0005791650536600676,43.6404957399741
0.0005965334506063898,45.35579197989559
0.0006085512080921118,46.541664897893526
0.0006181800419677271,47.49120230855253
0.0006284964654159612,48.50793580995793
0.0006417109088790345,49.80934098029657
0.0006590028875219211,51.51067474262243
0.0006797737602075013,53.55175126401524
0.0007013173145314004,55.66571913049054
0.0007196208937281127,57.459246461956894
0.0007299145068391165,58.46685012944531
0.0007271236766027057,58.18776710580424
0.0007053220907738756,56.00760852292124
0.000661453207927711,51.62072023830477
0.0005969461427237981,45.17001371791348
0.00051669595434539,37.14499488007267
0.00042722019024681864,28.197418470215545
0.00033561997360837426,19.03739680637111
0.0002493837257190242,10.413772017436104
0.00017355102100308532,2.8305015458422167
0.00010975002911619068,-3.54947121990051
5.650839664623037e-05,-8.872045107488809
1.0318844392637227e-05,-13.48695677527748
-3.3701523381612194e-05,-17.881626853080476
-8.110804311152682e-05,-22.609249653332558
-0.00013709098364909065,-28.183556386463536
-0.00020561083977986978,-34.99044010414415
-0.0002887166558370139,-43.21765116438481
-0.0003867570572318515,-52.873895237117594
-0.0004966281686634902,-63.61851762721889
-0.0006119155342873088,-74.7892340601959
-0.0007245453378018437,-85.58386849549498
-0.0008270078383833176,-95.28929830197157
-0.00091420147346391,-103.45387984078965
-0.00098414334979199,-109.93562981044059
-0.001037429678914968,-114.8314557834999
-0.0010754158832038628,-118.29833347897808
-0.0011009290895378056,-120.61572775251611
-0.0011181302779662953,-122.17300936286874
-0.0011315772686083217,-123.38750602529839
-0.0011453052255913283,-124.62472718511086
-0.0011617985693697255,-126.10760479326136
-0.0011814102969227836,-127.86572863653474
-0.0012028763980113154,-129.78364875805508
-0.0012246181178468972,-131.71925649497956
-0.0012437623305782098,-133.41777334488594
-0.0012563995607051336,-134.53595245557077
-0.001258246718045913,-134.69919181432593
-0.0012455183654554477,-133.4263565552794
-0.0012166576116917972,-130.54028117891437
-0.0011732681478271332,-126.20133479244797
-0.0011183704546184204,-120.71156547157669
-0.0010546610511375082,-114.34062512348548
-0.0009831911730838984,-107.1936373181245
-0.0009019190567092142,-99.06642568065608
-0.0008095702874022127,-89.83154874995594
-0.0007073651467951507,-79.61103468924973
-0.0005987560909430486,-68.75012910403954
-0.00048788999726555624,-57.6635197362903
-0.0003781158472580289,-46.68610473553756
-0.0002714496634705264,-36.01948635678731
-0.00016950879166565755,-25.82539917630043
-7.617812128432601e-05,-16.492332138167278
5.5331475979620534e-06,-8.321205249938473
7.487323250011711e-05,-1.387196759722966
0.0001333761184325406,4.462942746483345
0.00018438645500512693,9.56242580525423
0.00023190250276290615,14.30984444884814
0.0002797091446059302,19.082212987326134
0.00033144702582894815,24.24080646797621
0.0003917409183298276,30.24206381074992
0.0004622144192315343,37.23879954267858
0.0005393774123079587,44.872867324550526
0.0006174642899142601,52.56423521269833
0.0006910350420699244,59.77428290678005
0.0007562811536571885,66.13503175190701
0.0008112334151576074,71.46538588836214
0.000855767983346538,75.76583889754201
0.0008913958783937117,79.19301703621238
0.000920073646384601,81.9427458004703
0.000943756135193904,84.20733608347072
0.0009646882945594874,86.20416224458
0.000985607387696771,88.19517089298886
0.0010088840327278482,90.40507689222615
0.001035285363341331,92.90449091910642
0.001063507608096775,95.56768219008823
0.0010901350227156107,98.07202495178728
0.0011105758759249156,99.98889311084899
0.0011208665138146238,100.95203462481247
0.001117586107483892,100.6239939917393
0.001098321392648932,98.69752250824328
0.0010617697753592934,95.04236077927943
0.0010071946447642777,89.58484771977784
0.0009357465914169764,82.44004238504772
0.0008503010486938601,73.89548811273609
0.0007548819036215525,64.35357360550533
0.0006533649812475387,54.201881368103955
0.0005489642087760553,43.761804120955624
0.00044398771134561237,33.26415437791133
0.00033974897691670087,22.840280935020182
0.00023697476558547114,12.56285980189721
0.0001363934523942041,2.504728482770506
3.981886765014914e-05,-7.151859098435546
-5.1798376446017866e-05,-16.304641247660488
-0.0001390832408314744,-25.008175604532905
-0.00022413887796640918,-33.465855897128584
-0.0003101476289206412,-41.98674800186933
-0.0003991814815467342,-50.76560341552408
-0.0004913893361098634,-59.80370380614857
-0.000585263638728313,-68.9395942515717
-0.0006788311894369278,-77.97050312055781
-0.0007704331028485975,-86.73036327833054
-0.0008592030830860151,-95.13491498313064
-0.0009444776017743361,-103.12357212781477
-0.0010250991718777128,-110.59431486238694
-0.0010993323393892356,-117.39837882029639
-0.0011651338699644818,-123.36679159787121
-0.0012209315454665423,-128.37973320765425
-0.0012661430079190742,-132.40822676508228
-0.0013015768618253936,-135.54413231797437
-0.0013291668085758067,-137.97261776124262
-0.001350429951226035,-139.83620555839752
-0.0013649266945709947,-141.10272443723196
-0.0013719319430480711,-141.71356372770677
-0.0013726028857179331,-141.77202771032384
-0.0013670455950838905,-141.21629864691954
-0.0013529822982636145,-139.80996896489197
-0.0013267603266642058,-137.1877718049511
-0.0012848405455185305,-132.99579369038358
-0.0012238905830162254,-126.90079744015304
-0.0011398880286749079,-118.50054200602129
-0.0010312269516745,-107.63443430598049
-0.0008994989779081855,-94.46163692934907
-0.0007488117427464924,-79.39291341317976
-0.0005842155996928191,-62.93329910781243
-0.0004111184733698062,-45.623586475511146
-0.00023498454715488998,-28.01019385401952
-6.087779620168882e-05,-10.599518758699405
0.00010662506529604149,6.150122806728193
0.00026378571760196634,21.844831664377416
0.00040772342208704774,36.160386998351676
0.0005376823776119846,49.0055325459026
0.0006553232571664588,60.54443012212019
0.0007637375565510163,71.0865202172395
0.0008660588370181567,80.94193929754024
0.0009641217517583316,90.29033527637908
0.0010576752157427996,99.11132900265157
0.0011447540695854474,107.22903691115654
0.0012222423159748636,114.372278946661
0.0012872429639450879,120.30278581884961
0.0013376754134879671,124.8638317052247
0.001373116756589777,128.04741197070155
0.0013954140000628883,130.04094294962843
0.0014065183585868684,131.03102230418764
0.0014076342682902633,131.1304173770936
0.001399257904259199,130.29278097398716
0.0013820794980513521,128.5749403532025
0.0013569973239176089,126.06672293982817
0.0013247447590292597,122.84146645099324
0.0012851992935719982,118.88691990526709
0.0012365108261089687,114.01807315896414
0.0011750743446362478,107.87442501169205
0.0010955625166828374,99.92324221635101
0.0009939998268064976,89.76697322871702
0.0008695532171513814,77.32231226320542
0.0007247952800557875,62.84651855364602
0.0005648874626612873,46.85573681419601
0.0003952502481323902,29.892015361306303
0.00021957937380371944,12.324927928439225
4.1504889457740534e-05,-5.481886846942475
-0.0001329740678124195,-22.903537857936318
-0.00029991988589643336,-39.48981602167515
-0.00046046284051640785,-55.30854341391563
-0.0006177552564820315,-70.63351342416958
-0.0007744949692744128,-85.68928038164219
-0.0009321733231016571,-100.57637998605325
-0.0010910316303650125,-115.27288152185704
-0.0012500229418317432,-129.64190853288122
-0.001406851870344102,-143.4508051986021
-0.0015586630228664787,-156.44703704107573
-0.00170232521189275,-168.39028558166743
-0.0018345228945577069,-179.06191873959807
-0.0019519637256843728,-188.27820137362392
-0.0020521148139238353,-195.93705000954378
-0.002133992803437061,-202.05929758250278
-0.0021985769416110073,-206.79925829401694
-0.002248938306545404,-210.440485323007
-0.0022889789226224065,-213.30104963463916
-0.0023222002513333785,-215.6512144040886
-0.002350898714836422,-217.6644410099209
-0.0023758158149845073,-219.3996232105208
-0.002396044014275946,-220.7995380597036
-0.0024095131736805034,-221.72733995805328
-0.0024134729431396665,-221.99944145200723
-0.0024049403675432536,-221.14618389236594
-0.002381430734043845,-218.79522054242506
-0.0023416466411549488,-214.8168112535354
-0.002284630363961459,-209.11518353418643
-0.002209516730949612,-201.60382023300176
-0.002115764618614278,-192.22860899946832
-0.0020035990311429905,-181.0120502523396
-0.0018739609114170911,-168.04823827974965
-0.0017281052392172135,-153.4626710597619
-0.001567239883712946,-137.37613550933514
-0.0013919913277365339,-119.85127991169395
-0.001201827474215874,-100.83489455962797
-0.0009943826453268187,-80.09041167072243
-0.0007681999967337491,-57.472146811415485
-0.0005241746928674106,-33.06961642478162
-0.00026567439137410346,-7.219586275450916
2.3622825545822346e-06,19.56721684097178
0.00027430558333920574,46.553861950935975
0.0005446107910055092,72.94471983099118
0.0008082891526098077,98.05430863272092
0.001060845025088247,121.34036152339316
0.001298551074241513,142.44301938543015
0.0015186196483390328,161.18744075809857
0.0017192293196133515,177.55570852447633
0.0018992449857384499,191.62901916106105
0.0020589989869542425,203.61530001189954
0.0022002133622536393,213.80911349555245
0.0023250241422834617,222.50204868620204
0.0024349101416844157,229.9085063606365
0.002530133750976674,236.13968437768983
0.0026097213668121936,241.21481567719016
0.0026718668152905553,245.09390140807787
0.002714630353019459,247.7206678461189
0.002736737586192899,249.06506757482555
0.0027380061651936746,249.06542352301582
0.002719219201513427,247.1867271549911
0.002681690566698197,243.43386367346807
0.002626903769727189,237.9551839763673
0.0025563061586856934,230.89542287221775
0.002471276460703862,222.39245307403456
0.0023732722855639913,212.59203556004755
0.0022639172375987335,201.65653076352177
0.0021451199135517265,189.77679835882105
0.002017819705234724,177.04677752712084
0.0018814228721302248,163.40709421667088
0.0017341327994317742,148.67808694682583
0.0015738014492533863,132.64495192898704
0.0013986013060956583,115.12493761321423
0.0012071223064368387,95.97703764733228
0.00099987739111524,75.25254611517241
0.000779437841667149,53.208591170363306
0.000549822044737637,30.247011477412123
0.0003154922405229174,6.814031055940153
8.102447149080525e-05,-16.62197774245414
-0.00014859829653656354,-39.45602581480333
-0.00036936994437073063,-61.159451301606694
-0.0005786260116586306,-81.38649746146324
-0.000775270207589399,-99.9967161661864
-0.0009595311863309416,-117.01557265469589
-0.0011326418751404796,-132.58332514401567
-0.0012965064416555502,-146.90563156443696
-0.0014531983791277764,-160.19632037923012
-0.0016050675954384244,-172.6791887186641
-0.0017527351849014484,-184.42449133374276
-0.0018943548503641868,-195.31425297478577
-0.002026143900633679,-205.11162119082883
-0.002143383130889326,-213.5509345348366
-0.0022412970728250565,-220.39815961723852
-0.0023151086786971182,-225.43854042687957
-0.002362409008003613,-228.61365342315443
-0.0023839033320771576,-230.0423299159559
-0.0023826932910752056,-229.8546610876722
-0.002363185538245608,-227.9038858047125
-0.002330368204783763,-224.62215245852795
-0.0022897139818307383,-220.55673016322544
-0.0022448305858285274,-216.06839056300436
-0.0021967734470626134,-211.26267668641296
-0.002144385818091084,-206.02391378926
-0.002085010641733195,-200.08639615347113
-0.00201501298382727,-193.08663036287868
-0.001929943108014165,-184.57964278156817
-0.0018257471358822074,-174.1600455683724
-0.0016995361974801912,-161.53895172817076
-0.0015503711884234264,-146.6224508224943
-0.0013796216739576288,-129.54749937591453
-0.0011909406832493162,-110.67940030508328
-0.0009897446363436738,-90.55979561451902
-0.0007821450821132506,-69.7998401914767
-0.0005738266665798361,-48.96799863813525
-0.0003690734868223716,-28.492680662388803
-0.00017024315441976494,-8.609647422128136
2.220421772449413e-05,10.632524151555396
0.00020926717222151723,29.28645209939752
0.0003927558240574424,47.45702555694048
0.0005745295038465651,65.25890790565659
0.0007558750204485795,82.75146982580289
0.0009369357790108209,99.88493167392676
0.0011166058799517184,116.50033159637067
0.0012925777919534287,132.3499135441036
0.0014616188617413057,147.13967733781345
0.0016201259847422394,160.59019092915958
0.0017646553753957025,172.48239180816185
0.0018925993724150556,182.70169552176597
0.002002569147662306,191.2475499413484
0.0020945753699947818,198.22535883085715
0.002169946174771916,203.82326071072922
0.0022308856505773617,208.27083108204235
0.00227989046385737,211.79619743038458
0.0023190608790583994,214.5811756988676
0.0023497004814137827,216.7391994423394
0.0023721288829404827,218.30750950329428
0.0023858595136576548,219.26287654524657
0.002390246930782069,219.5673889811305
0.0023838161496559343,218.92431086851707
0.002364387407877208,216.98143669064444
0.002329571242210537,213.49982012397734
0.0022773997717207353,208.28267307499715
0.0022066803679551992,201.21073269844354
0.0021169899458289886,192.2416904858225
0.002008790988972987,181.42179480022236
0.0018831216071550118,168.85485661842483
0.0017412453407743597,154.6672299803596
0.001583942071734284,138.93690307635205
0.0014126442252493366,121.80711842785732
0.0012299145070825144,103.5341466111751
0.0010388578682960883,84.42848273253249
0.0008424349327239803,64.7861891753217
0.000643340414902209,44.87673739314457
0.0004446428241400298,25.006978316926656
0.0002480902293696535,5.351718839889028
5.376531244513434e-05,-14.074272442763588
-0.00013910245821087373,-33.28455043026744
-0.0003311096113391803,-52.250707521342726
-0.0005228243538475179,-70.9445820689698
-0.0007157471491595316,-89.42889693288022
-0.000910335506679522,-107.66277961847867
-0.0011054867071775666,-125.46484983192168
-0.0012986606070515426,-142.546954556667
-0.0014866332816059872,-158.60395788362396
-0.0016656634017660269,-173.34202900117901
-0.0018317546738081058,-186.50639164578303
-0.001981060306833655,-197.90834942478696
-0.002110058305288153,-207.42306878514094
-0.002216316644435696,-215.02336830268035
-0.0022987874719347357,-220.77360910526832
-0.002357614706572098,-224.79572809868034
-0.002393213474968294,-227.19746877504306
-0.0024071026901404968,-228.12794590308877
-0.0024019106327962175,-227.60874016866083
-0.0023803365420088777,-225.45133108992684
-0.0023442275933353565,-221.84043622257474
-0.002294272197934623,-216.8448966825014
-0.0022299704546623307,-210.41472235527215
-0.002150276632808271,-202.44534016986617
-0.0020542169579607535,-192.8393726851144
-0.0019416306411697538,-181.58074100601442
-0.0018134800561793584,-168.7656825069749
-0.0016715688888987552,-154.57456577891458
-0.0015182985160177391,-139.24752849081298
-0.0013567420086493425,-123.09187775397332
-0.001191388564702856,-106.55653335932465
-0.0010260615008391033,-90.02382697294938
-0.0008629275455589557,-73.71043144493464
-0.0007027499493793215,-57.692671826971214
-0.0005453641744456583,-41.95409433360489
-0.0003897562663354156,-26.39330352258062
-0.00023380179285830034,-10.797856174869098
-7.555226970683435e-05,5.026601750817967
8.60154262849916e-05,21.16235178390306
0.00025101778240728043,37.566843764364855
0.00041880595782838693,54.11401738075381
0.000587535804953199,70.56034880055098
0.0007536926195189277,86.51261554896139
0.0009142040766997765,101.64715220942308
0.0010683513539993408,115.88801844460824
0.0012159694572329105,129.2251002183577
0.0013565464872349975,141.62848357460578
0.001489144250483145,153.04360477766633
0.0016128831150082111,163.43403429849943
0.0017269350864633434,172.77793375811098
0.0018304207459607872,181.05674920531902
0.0019223531578689739,188.24854408152933
0.002001227762130736,194.29475892936935
0.002064799812985953,199.08356863863835
0.0021097190917403683,202.42152927106287
0.0021328909815781835,204.1285537343502
0.002132457887401387,204.08524431667055
0.0021080175549674004,201.6412110732719
0.0020605617899217637,196.8956345687082
0.001991828226265772,190.02227820310907
0.0019037089031593408,181.2103458924659
0.0017981985668039367,170.65931225692552
0.001677394698879977,158.57892546452953
0.00154333075372725,145.17253094925684
0.0013973224896750482,130.57170454403666
0.0012411392810963249,114.95338368616432
0.0010773232187901716,98.571777455549
0.0009086008579732664,81.69954137385848
0.0007373921678546164,64.57867236199348
0.0005659986932582152,47.43932490235338
0.00039764904794318645,30.604360370850504
0.00023493052901446058,14.33250847797792
7.929344311928768e-05,-1.2311620933225504
-6.859760923823117e-05,-16.011050748799118
-0.00020843807124557321,-29.94528561601834
-0.0003403403308441044,-43.020362478731556
-0.00046503103412636837,-55.293683595138546
-0.0005838656220459918,-66.89032341711763
-0.000698686793425379,-77.98387535679744
-0.0008113290329521723,-88.74415376250398
-0.000923098270927723,-99.28597473933196
-0.0010342234339582093,-109.61993693859611
-0.0011437591988034221,-119.65010269998179
-0.0012502583365512929,-129.24288847313517
-0.0013530933218421613,-138.34745997937344
-0.0014510743080238678,-146.87036353093274
-0.0015420428057902934,-154.64503254343572
-0.0016231350184153035,-161.45962005010287
-0.0016913364884164148,-167.10406313571633
-0.0017440604146152852,-171.4121056865871
-0.0017793818314190363,-174.27077837505382
-0.00179567658609615,-175.58208539246658
-0.0017904825826478925,-175.06268504764083
-0.0017623440286369729,-172.24882964654887
-0.001711500343608175,-167.16446114366912
-0.0016396626108567012,-159.98068786852173
-0.0015493372337133482,-150.94815015418638
-0.001443290349546433,-140.3434617374949
-0.0013242414813007366,-128.43857491292525
-0.0011946867912492813,-115.48310590777972
-0.0010570111638585438,-101.71554316870596
-0.0009135364957345342,-87.36807635630501
-0.0007665409968099185,-72.66852646384343
-0.0006179809918808028,-57.81252597093187
-0.00046927557007324063,-42.94198379017565
-0.0003215848692400381,-28.172913706855397
-0.00017634413343810314,-13.648840126661902
-3.4968723381593986e-05,0.48869524054235547
0.00010112902757495839,14.092347334213736
0.0002305025596744839,26.99323808811086
0.00035163862260209877,39.020939212895016
0.0004631551761512202,50.02982743565384
0.0005640615901062833,59.92422851067565
0.0006539605223852163,68.67544135945641
0.0007332028537533835,76.33250483190515
0.0008026023949733956,82.99023264488595
0.0008631019821754634,88.75446801774756
0.0009156725079800625,93.7313433231365
0.0009611752731182283,98.0139689998187
0.001000178808492133,101.66559045574695
0.0010326817788513971,104.69455895196545
0.0010585092507215865,107.0920963483885
0.0010774306706072836,108.843203279915
0.0010892303081422848,109.93289473902445
0.0010936441524442308,110.34004937239641
0.0010903551503491354,110.01114916288685
0.0010790612790942658,108.8817620373999
0.0010597929236057012,106.95492648854344
0.0010333848175151999,104.3141158794933
0.0010005543498105964,101.03106910903296
0.0009614366394796306,97.11929807593637
0.0009156354401426754,92.53917814224086
0.0008625079888063934,87.22643300861266
0.0008015542247175308,81.1310565997264
0.000732692592452426,74.24489337321593
0.0006560398295936325,66.57961708733657
0.0005713355281629854,58.10918694427187
0.00047908670510666385,48.88430463863971
0.00038100471765690574,39.0761058936639
0.00027983520945738414,28.959155073711745
0.00017883677080444236,18.85931120841757
8.132647061470325e-05,9.108281189443662
-9.637279359783147e-06,0.01190619199502085
-9.166494415728738e-05,-8.18970293988626
-0.0001631130667704916,-15.32804059687216
-0.00022278970215941035,-21.28285562867563
-0.0002692830847712651,-25.915638403639402
-0.00030238537173144674,-29.20981553857465
-0.0003236073511173799,-31.319614022274827
-0.00033566298860597586,-32.51734475140264
-0.00034156026548316136,-33.10302386557578
-0.000343760158878111,-33.32146571038144
-0.0003437365056939338,-33.31910039196371
-0.0003419103129318484,-33.13648111575518
-0.0003380304772623164,-32.74849754880197
-0.0003316078919156128,-32.10623901413162
-0.0003222349855304894,-31.168948375619273
-0.000309654152053813,-29.910865027951633
-0.0002936303564916578,-28.30848547173611
-0.00027407291527500714,-26.35274135007105
-0.00025110460829160924,-24.055910651731256
-0.0002253661016347402,-21.482059986044355
-0.00019809597175235254,-18.75504699780559
-0.00017109230395053843,-16.054680217624174
-0.00014642310087542308,-13.58775991011264
-0.00012580662799520356,-11.526112622090691
-0.00011021270865672648,-9.96672068824298
-9.996228104021022e-05,-8.941677926591355
-9.553675253257006e-05,-8.499125075827338
-9.639648016676551e-05,-8.58505806037727
-0.00010083087638533137,-9.028279505029305
-0.00010645879867801964,-9.590762157258304
-0.00011103831223549072,-10.048433178472042
-0.00011278899501840566,-10.223387267770116
-0.00011053769715967428,-9.998257481896978
-0.00010357476186155036,-9.301963952084586
-9.134338083856919e-05,-8.078825849786469
-7.360185176917654e-05,-6.304672942847204
-5.0464313658311296e-05,-3.9909191317606796
-2.2069391747988393e-05,-1.1514269407283892
1.2245537750789167e-05,2.280041254178123
5.2436066538928295e-05,6.298579862174749
9.736330266859536e-05,10.78914356069807
0.00014530892582328224,15.578295939394936
0.00019485568733764184,20.522555099618597
0.00024498046470749845,25.517945525134223
0.0002949589843579732,30.490629946336007
0.0003439565720278569,35.356326224345665
0.00039060731070021936,39.97898584072109
0.0004331640206518804,44.18639478431079
0.0004697966275782445,47.80005717189194
0.0004985587988346542,50.63170074869402
0.0005167929076891657,52.42414491777009
0.0005232723441955335,53.060561457338196
0.0005187340556623695,52.60673260402181
0.0005053578234146974,51.2691093792546
0.0004856045040823556,49.293777446020414
0.0004617631735454945,46.90964439233431
0.00043588179234407213,44.321506272192075
0.00040973417022995196,41.70674406078006
0.0003851149366521021,39.24482070299507
0.0003642223000321738,37.15555704100224
0.00035029489554962547,35.76281659274741
0.0003451180308598105,35.24513012376591
0.0003479822628242446,35.52925854199784
0.0003561099224787665,36.3353105274454
0.00036603588884425917,37.319294319465236
0.00037476836128794676,38.18457953178481
0.0003804691458529846,38.74926173886712
0.0003825921101810237,38.95950799709586
0.00038127581510272353,38.827878489265835
0.00037674215868233843,38.37451284722732
0.0003689332222104042,37.593619200033906
0.00035741682802717677,36.44197978171116
0.0003417186921600999,34.87216619500347
0.00032133962651631444,32.834259630624935
0.00029562859822768856,30.26315680176235
0.000263698886088991,27.070185587892592
0.00022419829730894816,23.120126709888307
0.00017472397234853974,18.172694213847468
0.00011098624860342072,11.798921839335566
3.0205861429474264e-05,3.72088312194092
-6.728763874816884e-05,-6.028039054620881
-0.00017783167105783762,-17.07233417843851
-0.0002956575254853239,-28.814489338404915
-0.0004140819258622756,-40.56510073704859
-0.0005264792399465605,-51.65155848436258
-0.0006273643461961256,-61.53329290703116
-0.0007124118563081751,-69.80364389586404
-0.0007781521709915608,-76.15408597779603
-0.0008208957909246203,-80.2615807610114
-0.0008393010392352641,-82.02477881729936
-0.000835521608277676,-81.64683572154057
-0.0008144225883628649,-79.53693373005945
-0.0007820471394152257,-76.29938883529553
-0.0007438843867005112,-72.48311356382408
-0.0007038392155003242,-68.47859644380537
-0.0006632324350529448,-64.41791839906743
-0.0006210782936842927,-60.20250426220221
-0.0005752698688660991,-55.62166178038286
-0.0005237316621211739,-50.46784110589034
-0.00046499262592302533,-44.593937486075475
-0.00039795017222920117,-37.88969211669306
-0.00032274490453318894,-30.369165347091844
-0.00024097819804135129,-22.192494697908085
-0.00015598002136923644,-13.692677030696599
-7.325139499125228e-05,-5.419814392898182
2.0527680708153404e-06,2.1105641664276624
6.654478744237898e-05,8.558424510888422
0.0001190855340006516,13.80817878963624
0.00016050157909445936,17.94302619966236
0.00019351539746967,21.23624517048961
0.00022240716605242692,24.115867622305235
0.00025226708600615253,27.089282218164755
0.0002882973748627721,30.673006214038832
0.00033515379004984746,35.32587691391442
0.00039681054127658214,41.433226762734115
0.00047436794759068117,49.08695980067019
0.0005653337420009842,58.01613393894233
0.0006643756747428373,67.66952319639442
0.0007648770609765755,77.38100036093688
0.0008604077730365914,86.52339139614455
0.0009457679993301995,94.61158485799407
0.001017601477962655,101.35409876251576
0.0010742769865175253,106.63004858029403
0.0011157050812297747,110.46109448940422
0.0011429329328256424,112.96688829699352
0.0011577509468030849,114.32649148779203
0.0011622535382542262,114.73904027602198
0.0011584686439866682,114.3605508492662
0.0011479376475830294,113.30745120890231
0.0011309572138553654,111.6094078361359
0.0011062642207514118,109.14010852574053
0.0010712269156581873,105.63637801641809
0.0010225302762499622,100.76671407559557
0.0009574481111421315,94.25849756481252
0.0008747633876690213,85.9900252175015
0.0007750505459111442,76.01874104171378
0.000660001272221985,64.51381367279787
0.0005329852369668217,51.81221014728155
0.0003987180380577175,38.38549025637112
0.00026249333357124396,24.763019807723765
0.000129559534126392,11.46963986323857
3.6049374974484785e-06,-1.1258013816216172
-0.00011386550730803848,-12.868258939842848
-0.0002232840101444985,-23.785808761060252
-0.0003263525559671226,-34.03685706363305
-0.00042543062348812736,-43.84792178870895
-0.0005231614182192898,-53.47239426400823
-0.0006216432195270215,-63.10600242898276
-0.0007220092516883927,-72.84549118075745
-0.000824213089389264,-82.67026799565777
-0.0009270033772160713,-92.4451382807365
-0.0010278095335241317,-101.91704255549683
-0.001122637822706962,-110.71495343050665
-0.0012075540986535914,-118.4942866237639
-0.0012796305507305203,-125.01984795906529
-0.0013374919126452956,-130.20472646473232
-0.0013812444259128532,-134.0925754899491
-0.0014123026671747417,-136.83490996556628
-0.001432905973664153,-138.64597070786817
-0.001445546857395999,-139.75387766188456
-0.001452496775924101,-140.36194372340609
-0.0014556286057653602,-140.63570938047653
-0.001456577844440979,-140.71865585094778
-0.0014557948775415696,-140.64035916100684
-0.0014522661634076605,-140.28748774761593
-0.0014438366932188623,-139.44454072873614
-0.0014280011435727092,-137.8609857641208
-0.001402493769045832,-135.3102483114331
-0.0013657183833475136,-131.63270974160127
-0.0013173716640087854,-126.79803780772843
-0.0012584734371385298,-120.90821512070286
-0.0011911435040422532,-114.17522181107522
-0.0011179604669140594,-106.85691809825585
-0.0010418420137251303,-99.24507277936293
-0.0009657361216377438,-91.63448357062428
-0.0008922891685237539,-84.28978825922529
-0.0008237115664713586,-77.43202805398576
-0.0007609188816595398,-71.15275957280387
-0.0007033528553197325,-65.39615693882314
-0.0006497374632106439,-60.03461772791428
-0.0005999346460926089,-55.05433601611078
-0.0005524220775904024,-50.30307916589013
-0.0005036114266597221,-45.4220140728221
-0.0004481638517140535,-39.87725657825524
-0.0003790794320942499,-32.968814616274884
-0.00029218594192989935,-24.279465599839828
-0.00018766623109698239,-13.827494516548132
-6.918717718125422e-05,-1.979589124975319
5.8499426637460396e-05,10.78631421904408
0.00019098967708178395,24.008022842630766
0.0003248581915630851,37.31237930364684
0.00045727874814516435,50.38937449684546
0.000584965392716621,62.89383122263064
0.000704727130158701,74.50649027725996
0.0008141341109561595,85.0004626282313
0.0009124236172598767,94.32279952642901
0.001000928147356157,102.62349164057039
0.0010828412482807655,110.22091146737034
0.0011625127318971465,117.52703728322071
0.0012429241944376713,124.81313345596092
0.0013243709441168058,132.09868581946196
0.0014041379816744652,139.13797300462878
0.0014775026769034663,145.52524116743322
0.0015389821490956414,150.81156320087442
0.0015834430571365426,154.59605193994017
0.0016073046887339815,156.61361120524188
0.0016087129151312887,156.7323825057369
0.001586938038618921,154.5548948545001
0.0015411636784845775,149.97745884106575
0.001472441757667752,143.1052667593832
0.0013845681561477064,134.31790660737866
0.0012835629781841973,124.21738881102775
0.0011762462196822565,113.48571296083365
0.001068770093679097,102.73810036051769
0.0009653845898950144,92.39954998210943
0.0008676800392268593,82.62909491529393
0.000774870989247918,73.34818991739981
0.000685139192605891,64.3750102531971
0.0005975398781651413,55.61507880912213
0.0005110874393374562,46.96983492635362
0.0004244557714512222,38.30666813773022
0.00033631363373176707,29.492454365784713
0.00024599121623985787,20.460212616593793
0.00015371098781753875,11.23218977436188
6.06421648751661e-05,1.9253074801246168
-3.123874099389469e-05,-7.261942571660768
-0.00011975667869042637,-16.105475419418642
-0.0002032725852687667,-24.434551768781567
-0.00028153867024690297,-32.220413111302086
-0.00035498147286246005,-39.503704582808396
-0.00042410659585165604,-46.33421021129975
-0.0004893620874466022,-52.75675671105957
-0.0005510595570014653,-58.80320086628311
-0.0006093992304653868,-64.49486464387695
-0.000664455889780292,-69.84121349223716
-0.0007160264780521808,-74.82529711659635
-0.0007633794687642292,-79.38020874310142
-0.0008054977878197213,-83.41329068874843
-0.0008412798287556073,-86.82547843869857
-0.0008696021470995644,-89.51674748379114
-0.0008894424564807232,-91.39686402013757
-0.0009000808129401315,-92.40319519223392
-0.0009011979308864768,-92.50879550948174
-0.0008930743682703099,-91.69643924786504
-0.000876524234040955,-90.04142582492956
-0.0008528075989874343,-87.6697623195775
-0.0008234435674934675,-84.7333591701808
-0.0007897464548342299,-81.36364790425705
-0.0007526685616915104,-77.65585858998512
-0.0007125440907797361,-73.64341149880768
-0.0006690517520417577,-69.29417762500984
-0.0006219429829814568,-64.58330071897976
-0.0005714293130245958,-59.53193372329365
-0.0005182106200234038,-54.21006442317446
-0.00046313210836320203,-48.70221325715428
-0.0004072674795413048,-43.11575037496455
-0.0003518275394617759,-37.571756367011666
-0.0002983811942153585,-32.227121842369925
-0.0002490497965462877,-27.293982075462846
-0.00020593370067280227,-22.982372488114304
-0.00017080651895054214,-19.46965431588829
-0.00014508497788977298,-16.897500209811376
-0.00013078912133981534,-15.46791455481561
-0.00012778090515482978,-15.167092936317056
-0.000132904063797309,-15.67862258803551
-0.0001412325026274879,-16.510075029537134
-0.00014774060038875872,-17.15969572905918
-0.00014788148557002819,-17.17375748955196
-0.0001369115583944867,-16.076764771997812
-0.00011239229396066303,-13.624838328615445
-7.468818993483255e-05,-9.854427926032399
-2.6183591545821878e-05,-5.003968087131332
2.9923949556467765e-05,0.6067843255825752
9.006686720393106e-05,6.620478690382257
0.0001503371664656018,12.643873471880864
0.0002072651832540728,18.327936516919106
0.00025822324614432787,23.409592474997773
0.00030186889258830796,27.755966851202412
0.0003383531497232133,31.38408628461912
0.00036947891115834963,34.47517944913858
0.00039852259655449987,37.35569858788231
0.0004288258529012146,40.35689145605629
0.00046269160381673353,43.705360127275775
0.000500564131374929,47.44249767506054
0.0005409995035780044,51.42307188018089
0.0005809216951925966,55.34278980480507
0.0006163456441967232,58.81164226329338
0.0006431953288746847,61.434765633729974
0.0006578913343818403,62.86819604612489
0.000658053413191235,62.88399567287595
0.0006427484813979788,61.35350249355032
0.0006124196811745495,58.32062247120739
0.0005683597897137734,53.91463332512978
0.0005133285657283272,48.41151092658516
0.0004514035574338783,42.21901009714027
0.00038722901914667345,35.80155626841978
0.00032510933206186896,29.589587559939332
0.0002675930060771003,23.83795496146247
0.0002149198025041881,18.570634604171246
0.00016526388314752749,13.605042668505188
0.00011570025434718446,8.648679788470886
6.317290935444562e-05,3.395945289197003
5.244946551847266e-06,-2.396812828168876
-5.9351026642591245e-05,-8.854917907944724
-0.00013074483313036862,-15.98696376986225
-0.0002081635805184248,-23.70892581258499
-0.00029059897548753535,-31.911165374398593
-0.00037592006691050504,-40.37138385863521
-0.00046066442700190335,-48.7375884371856
-0.0005407503149032458,-56.60349764408109
-0.0006124086537210014,-63.60330563711751
-0.0006727775723234544,-69.4689425290908
-0.0007198030350089511,-74.01649039900529
-0.000753311065582415,-77.24460526776276
-0.0007748418006979043,-79.31324773546089
-0.0007869369271806151,-80.47336017014622
-0.000792133044880153,-80.97130793800665
-0.0007923556145781787,-80.99263099195882
-0.000788740140111164,-80.63108354525734
-0.0007816598182151761,-79.92305135565856
-0.0007710162607180434,-78.85869560594527
-0.0007562789407506925,-77.38496360921019
-0.000736557880721083,-75.41285760624923
-0.0007105915895345014,-72.81622848759108
-0.0006768288259098146,-69.43995212512239
-0.0006342322729954854,-65.18029683368947
-0.0005828791517495026,-60.0449847090912
-0.0005242073059288084,-54.17780012702178
-0.000460819744928883,-47.83904402702924
-0.0003959570925597961,-41.35277879012055
-0.00033282933044990895,-35.04000257913184
-0.00027402122147091284,-29.159191681232226
-0.00022123461809448014,-23.880531343588956
-0.00017508420831032346,-19.265490365173292
-0.00013521122456717813,-15.278191990858756
-0.00010081227622089061,-11.838297156230006
-7.128528512710946e-05,-8.885598046851891
-4.563436464911929e-05,-6.320505999052875
-2.2256507679742573e-05,-3.982720302115204
5.33782788946191e-07,-1.7036912552463284
2.3864507247808068e-05,0.6293803690528907
4.8035473431524835e-05,3.046420337316927
7.246191431938661e-05,5.488779601807355
9.603567018124332e-05,7.845489522926214
0.00011759079847514324,9.999913798966395
0.00013633232733719668,11.872645120622352
0.0001519581665600313,13.433642205756437
0.0001650319462572124,14.739374150881869
0.0001771908535971283,15.95344717225937
0.00018996895933877844,17.22902387784124
0.00020425372360032744,18.654578400307088
0.00022007253860501666,20.232658009235543
0.00023691673419360762,21.91232060654693
0.0002538891754243431,23.603972336352236
0.0002698021038053747,25.18923852423496
0.0002834221323001776,26.545441741470114
0.000293491093472709,27.547650236935766
0.0002983937774348325,28.035508673468186
0.0002955589752725412,27.752028457239057
0.0002836681886303569,26.562949793020625
0.0002636993107008698,24.56606200007192
0.00023910039892763432,22.10617082274837
0.00021568693124158765,19.764824054143705
0.00019810956887040542,18.007087817025482
0.0001881493651197787,17.011067441962812
0.00018485474171838642,16.681605101823582
0.00018589003554009867,16.784950488000934
0.00018869660396632956,17.065096992594178
0.0001911005088959694,17.305036789986875
0.00019097191192418448,17.292177092808387
0.00018497529675560851,16.69251557595079
0.00017034538302316337,15.229524202706274
0.00014584211566276678,12.779197466666616
0.00011248592482233276,9.443578382623215
7.356472710931533e-05,5.551458611321475
3.4024629776510955e-05,1.597448878041036
-4.721198031748322e-07,-1.8522122118092677
-2.5099010605029528e-05,-4.314738257646468
-3.6724282124406555e-05,-5.4770824354896845
-3.413393657840166e-05,-5.218047880889194
-1.6896121294645594e-05,-3.494266352513588
1.2931059180848348e-05,-0.5115483049641943
5.072527761967977e-05,3.2678038622496337
9.048150561875025e-05,7.2427064412415865
0.0001263305189616109,10.825736702299189
0.00015382925425101645,13.573008073661262
0.00017059831854951643,15.247704195544612
0.00017578203477072588,15.76528505556244
0.00016851830016984673,15.038911595474525
0.00014979529535183054,13.166611113672905
0.00012269427091294745,10.456508669784597
9.181705015944908e-05,7.368786594434761
6.182172441034936e-05,4.369254019524789
3.644769052526094e-05,1.831850631015947
1.7908800802994915e-05,-0.022038329165690925
6.4861702917476825e-06,-1.1642975101999657
1.0930849460129081e-06,-1.703598310529653
1.7550623028356958e-07,-1.7953542703314143
3.281474352667241e-06,-1.4847574580930472
9.590523479301198e-06,-0.8538525454296516
1.7359237145669686e-05,-0.07698117879280299
2.435247591919753e-05,0.6223423199691853
2.8551742827272497e-05,1.0422673545971723
2.9001298717886485e-05,1.0872226513504222
2.608388181765556e-05,0.7954809613273297
2.1233945861869976e-05,0.3104873657487715
1.6219578187517292e-05,-0.1909493691023169
1.2236709162881606e-05,-0.5892357313256912
9.453033584748656e-06,-0.8676021830072257
6.844111087457082e-06,-1.1284925709407907
2.460001872230285e-06,-1.566897927429195
-5.955650180125914e-06,-2.4084403547306463
-2.073233020364255e-05,-3.8860097548076236
-4.435236826240668e-05,-6.247610455543444
-8.076169793258925e-05,-9.886982508323783
-0.00013177387357850485,-14.983043597237007
-0.0001957002833228262,-21.361972752168757
-0.0002677690306486802,-28.539851764743528
-0.0003414039762849647,-35.85419278335983
-0.00040983154579579207,-42.62926714150546
-0.00046699389048651,-48.26978570165256
-0.0005073166701542347,-52.23683721470112
-0.0005238996692819052,-53.86526101344963
-0.0005129530186492147,-52.770595950180585
-0.0004755829149786854,-49.03358558312765
-0.00041681676636037265,-43.156970721296375
-0.00034344137467859527,-35.81943155311864
-0.00026241168691035416,-27.71646277629453
-0.00017947335705074423,-19.422629790333538
-9.902722574113553e-05,-11.37801665937267
-2.432053255009233e-05,-3.907347340268351
4.2210050935754174e-05,2.7456593539968948
9.847588374286298e-05,8.371055157237969
0.00014382365823667053,12.9025326151339
0.00017919316983763516,16.43462768437825
0.00020546495802219143,19.056537871235896
0.0002199069812927759,20.497146096934785
0.00022107335530560548,20.61347001456684
0.00021042422593308075,19.548557077314367
0.00019256921428188555,17.763055912194844
0.0001755246445360475,16.05859893761104
0.00016491926580260678,14.998061064266969
0.00016216297125021205,14.722431609027495
0.00016555222742383916,15.060879925711307
0.00017346266726082858,15.850723417211295
0.0001855269236253157,17.055073103416145
0.0002026859220748336,18.767470994120366
0.0002260781650804468,21.100776652206545
0.0002551936713558946,24.00289151778673
0.00028754123807025263,27.22411977937662
0.0003187237313246822,30.325909563858804
0.00034598314323362403,33.034411581065434
0.00037035097022576705,35.45298000277569
0.00039638821151569684,38.034293135887495
0.00043084221006772994,41.44499127907196
0.0004786610637180891,46.168319414865124
0.000540798799931794,52.28595637371481
0.0006141553334367915,59.47532630160745
0.0006932069542507015,67.17804973070366
0.0007719175966792775,74.79590010504812
0.0008447961045828855,81.7986219455112
0.0009078987879233675,87.81933164466741
0.0009584987519689516,92.61665233532503
0.0009951416905056294,96.07296773802491
0.0010182039738133454,98.24039864549985
0.0010290578547638308,99.25830953970336
0.001030406521694571,99.38469448577789
0.0010261912333071003,98.96316564703082
0.0010213093302402767,98.47497534034846
0.0010201957297116535,98.36283418007527
0.0010252506448084797,98.83699650403715
0.0010358826674075224,99.83331792480884
0.001048432685499829,101.00764052787387
0.0010571795505476607,101.82497760660945
0.0010556667207103076,101.67369462287414
0.001039185831292581,100.02560568110148
0.0010060018154152692,96.70720409337032
0.0009570040305883706,91.80742561068045
0.0008944818490553666,85.55520745738005
0.0008209776549826282,78.20478805010622
0.000738417366597523,69.94875921159569
0.0006483353991308952,60.940562464932924
0.0005521980146432767,51.32682401617106
0.0004512801981186887,41.23504236371227
0.00034633725708179384,30.74074826002278
0.00023714804365241433,19.821826917084827
0.00012255659132338531,8.362681684181927
4.028956884323775e-07,-3.852482529544179
-0.00013170842728235175,-17.052948666115046
-0.00027519681821998505,-31.345980116159364
-0.0004296320945615876,-46.6365886715813
-0.0005928792678438229,-62.646221852884686
-0.0007628243038797184,-79.0910983126214
-0.0009352721413846039,-95.4918549730626
-0.0011038257132393436,-111.19317249471248
-0.001261303233845549,-125.52876596184896
-0.0014013184754397927,-137.97653923853514
-0.0015186253270241046,-148.17373421966957
-0.001608053773156879,-155.7984684744719
-0.0016674491520527056,-160.78894311698755
-0.0016982113894565415,-163.35007029905574
-0.001704685777628885,-163.88703142924712
-0.0016927576413841494,-162.69421780477356
-0.0016683879156061897,-160.25724522697757
-0.0016368282544557999,-157.1012791119386
-0.001601816604333165,-153.6001140996751
-0.0015663118262547278,-150.04963629183138
-0.0015307825024136743,-146.49670390772602
-0.0014927891677623047,-142.69737044258906
-0.0014477861922039866,-138.19707288675727
-0.001390204103899273,-132.4388640562859
-0.0013144943147994838,-124.86788514630699
-0.0012153164671243487,-114.95010037879348
-0.0010902136483613902,-102.43981850249763
-0.0009404358912828988,-87.4620427946485
-0.0007703244742173602,-70.45090108809464
-0.0005858406519260268,-52.002518858961295
-0.0003933171620780674,-32.75016987416535
-0.00019845509576878716,-13.263963243237328
-5.833950796622948e-06,5.997362290266928
0.00018126387885084472,24.674779669375685
0.0003609267371030977,42.506847607269
0.0005325886624148585,59.38340203066425
0.0006971349416536777,75.35574296466957
0.0008564905876749631,90.58523702773589
0.0010127963384213151,105.25322867119414
0.0011671410362190401,119.4383928055764
0.001319001459436888,133.07396977794727
0.0014659478318313013,145.93897349148816
0.0016038842518649738,157.7007663855839
0.0017279746400090121,168.00859945547558
0.0018331589710834848,176.5357470230107
0.0019150229666037957,183.03543020761973
0.0019703408632868137,187.35845804472825
0.0019972223059098616,189.43892075987327
0.0019958358073047305,189.30027089936013
0.0019682420851102403,186.54089867991115
0.0019174033805439443,181.45702822328153
0.001844779396411007,174.1946298099878
0.0017536166008618073,165.07835025506782
0.0016499384231105927,154.71053247994635
0.0015421326288606518,143.9299530549523
0.001440951924540068,133.8118826228939
0.001353292449444348,125.0459351133219
0.0012799544186191947,117.71213203080659
0.0012168350619977647,111.40019636866359
0.0011583039422078379,105.5470843896709
0.0010990740377579571,99.62409394468284
0.0010345572293771236,93.17241310659948
0.0009621017359383678,85.92686376272388
0.0008801443171398509,77.73112188287222
0.0007881912586166065,68.53581603054776
0.0006866267206795498,58.3793622368421
0.0005776418972821491,47.480879897102035
0.00046607673666295996,36.32436383518312
0.00035840636920929044,25.557327089816166
0.0002614199533032431,15.858685499211434
0.0001805376584492624,7.770456013813368
0.00011931538354856813,1.6482285237439396
7.677201703467187e-05,-2.6060578769280593
4.730420972210907e-05,-5.552460896172706
2.2949690015646617e-05,-7.987123387880543
-4.0016126591944925e-06,-10.680638924582361
-3.874043563875383e-05,-14.150899666666339
-8.319393493821543e-05,-18.588292930900682
-0.00013665878383380608,-23.918799982437157
-0.00019682076473479838,-29.906378979876287
-0.000260937417653548,-36.27218563898277
-0.00032617107401021424,-42.72932543274988
-0.0003898174400316584,-49.007093549534694
-0.00044963320735299324,-54.884191278776946
-0.0005040629380624303,-60.210672383932746
-0.0005532124259611768,-65.00127428019599
-0.0006001831094853104,-69.56121936541939
-0.0006530143322375355,-74.66727569300204
-0.0007190745132281541,-81.01548179359858
-0.0008017255254023379,-88.89660700521726
-0.0008993193133261815,-98.10720000479097
-0.0010060348343095163,-108.05010876668219
-0.0011136474998724188,-117.92938705787549
-0.0012133008018663468,-126.93667507503311
-0.0012959538613437989,-134.29838314233717
-0.0013511853783397443,-139.1603510232394
-0.0013717592246443489,-140.95939977518773
-0.0013553537167667318,-139.318848987426
-0.0013045174233590365,-134.23521964665647
-0.0012250032124633845,-126.28379855709129
-0.0011246645900615166,-116.24993631690452
-0.0010119433141311327,-104.97780872386613
-0.0008948880093168908,-93.27227824244194
-0.0007805227188767455,-81.83574919842741
-0.0006734104564017722,-71.12452295093009
-0.0005752748482569849,-61.31096213645135
-0.00048541182889915574,-52.32466020066844
-0.00040306611858617906,-44.09008916937077
-0.00032472595087958096,-36.25607239871097
-0.00024409788356342713,-28.19326566709558
-0.00015467909568648466,-19.251386879401338
-5.2460951785756264e-05,-9.029572489328501
6.382103287802692e-05,2.5985497145758725
0.00019462050843707746,15.67050848239066
0.0003370353686172664,29.863765083170186
0.00048520120292967626,44.54837885745126
0.000632271832259161,59.00300330095496
0.0007728060869752313,72.66727815335446
0.0009035313989344461,85.21994814073167
0.0010232978315808756,96.56569556543941
0.0011325627839725788,106.77242441089938
0.001232622780780546,115.98768764337777
0.0013251859520693851,124.392503169257
0.0014121013121875781,132.17346581535352
0.0014950721154893645,139.4962145787615
0.0015751952701018623,146.4663179830633
0.0016523084779842018,153.07735156477753
0.0017245443582701208,159.1812168985723
0.0017880881238727373,164.47768885313465
0.0018375352807356558,168.551075813836
0.0018667678005592915,170.9391414774801
0.001869932428840862,171.19676562937082
0.0018424712817230458,168.4506509175892
0.0017815315584816817,162.35667859345278
0.0016864744398556754,152.85096673085215
0.0015585990259303767,140.06342533832225
0.0014003417525079401,124.23769799607862
0.001213963621639075,105.59988490919211
0.001003067367445489,84.5102594898335
0.0007730541575643617,61.50893850172077
0.0005302942908564541,37.232951830930006
0.000280897207617934,12.293243507078007
2.9668909384729017e-05,-12.824779556348952
-0.00022025451116118968,-37.7028461249522
-0.0004671495301321686,-61.98457471766877
-0.000709655260570233,-85.37531344139667
-0.0009465009231999157,-107.63023344894536
-0.001176190255995935,-128.53248121981284
-0.001396926208953279,-147.8932983423452
-0.0016068327308708054,-165.57446090831908
-0.0018040887354848116,-181.4951434883721
-0.0019871751381643245,-195.6410575336239
-0.0021547433115467448,-208.03954968363283
-0.002305548242206066,-218.74202290598703
-0.002438618569760193,-227.82459726773854
-0.0025534285516947593,-235.38824645622026
-0.0026499406951229435,-241.55157092036075
-0.0027285349863118177,-246.43975440696943
-0.0027899699142306025,-250.17932167324318
-0.002835110072503743,-252.88173946332006
-0.0028647271135531327,-254.63408038758934
-0.002879187428850884,-255.48369346319407
-0.0028782763471240083,-255.39258529050645
-0.002861265520501955,-253.69150262830112
-0.002827083939099219,-250.27334448802756
-0.0027743650659505436,-245.00145717316
-0.0027018761045252537,-237.752561030631
-0.002608665365178667,-228.43148709597233
-0.00249417065723696,-216.98201630180165
-0.002358255879440157,-203.39053852212137
-0.0022013584325005927,-187.7007938281649
-0.0020246785686164914,-170.03280743975478
-0.001830141387977324,-150.57908937583804
-0.0016203492344862387,-129.59987402672948
-0.0013984898512889312,-107.41393570699874
-0.00116841263899504,-84.40621447760962
-0.0009333945096807354,-60.904401546179166
-0.0006956108688669508,-37.1260374648007
-0.0004561341629806409,-13.17836687616972
-0.00021539410590762188,10.892009015732114
2.6375797160668317e-05,34.97292340613459
0.0002688557849347262,58.85747140200283
0.0005113258600936076,82.30309463853793
0.0007527488799807721,105.05593139161718
0.0009920534456031671,126.8897346124763
0.001228824453752655,147.67327018136584
0.001461992189775702,167.25415128293508
0.0016894396842867733,185.44139803665806
0.0019082436656781515,202.04331959592645
0.002115423203457478,216.93116203880174
0.0023084286234816916,230.06247768991213
0.0024854705218119123,241.48079141446945
0.0026455916069690324,251.29474747907932
0.0027883271780798475,259.637403378527
0.0029133668893910154,266.6363905262633
0.0030200510950942495,272.3833641335154
0.003107615090949312,276.9483928503822
0.0031753415109228586,280.38667249711125
0.0032224969145259854,282.7335481285159
0.003248190639697978,283.9961828792729
0.0032512032375846206,284.070793370028
0.0032299897169061733,281.9494413021833
0.003183036489372085,277.25411854877444
0.003109146211333234,269.8650907448893
0.0030075389333623645,259.7043629478024
0.0028776952162066567,246.7199912322316
0.0027204455390865065,230.99502352021656
0.002538242395087288,212.77470912029472
0.0023348118121681335,192.43165082837928
0.0021144973854502003,170.40020815658596
0.0018815581336985893,147.10628298142484
0.001639839344476258,122.9344040591917
0.0013928241009864139,98.2328797102073
0.0011442014830089955,73.37061791246548
0.000896872478104448,48.63771742201073
0.0006525591764076436,24.20638725233029
0.0004118563145281227,0.13613399757164887
0.0001746274363492889,-23.55409809042944
-5.955231864894598e-05,-46.766577185624286
-0.00029096741660934646,-69.38073020708494
-0.0005194546866037625,-91.25171677244018
-0.0007444172815966347,-112.21832553273019
-0.0009647285139279717,-132.10277947506373
-0.0011789438009797417,-150.73926421627547
-0.00138557432494806,-168.00230337435957
-0.0015836284757486628,-183.84778115540462
-0.001772029564572333,-198.255982958539
-0.0019494308737224495,-211.21393518666034
-0.0021144749879881642,-222.73095818931247
-0.002266061513260293,-232.8492862111709
-0.0024032938126328763,-241.63052676187726
-0.0025250340871299745,-249.120914871127
-0.002630490129519385,-255.38380819489663
-0.002719241928585393,-260.49408196406364
-0.0027909852884550846,-264.5188781003437
-0.002845224190093481,-267.4992916350232
-0.002881331236255601,-269.4538172608922
-0.0028989591540165118,-270.39950935990936
-0.0028975388472678135,-270.1774277550619
-0.0028762012861779747,-268.043671646078
-0.0028340869678876667,-263.8322398170472
-0.0027707885774771643,-257.502400775997
-0.002686350065129052,-249.05854954118573
-0.0025809851876213534,-238.52206179041585
-0.0024556636338728564,-225.98990641556614
-0.002312187188603059,-211.64226188858638
-0.0021530226799112606,-195.7258110194066
-0.0019809579159997637,-178.5193346282569
-0.0017989479370057846,-160.318336728859
-0.0016100262453083642,-141.42616755911698
-0.0014169918312254644,-122.12272615082699
-0.001222269671706833,-102.65051019896384
-0.001027957305963229,-83.21927362460346
-0.0008361070696041751,-64.03424998869806
-0.0006480068863358512,-45.22423166186568
-0.0004639124488845347,-26.814787916734026
-0.00028342036151451726,-8.765579179732288
-0.00010597138428720822,8.977544136280612
6.877986861532467e-05,26.41242205777451
0.00024076146175948623,43.46900420059107
0.0004094707345992432,60.04184797463864
0.0005741157579536656,76.00863195986119
0.0007336957111003224,91.24155255908074
0.0008870757507775992,105.61749057990635
0.001033212367401333,119.04042245965576
0.0011715067508343724,131.4715180945811
0.0013011596259719647,142.86712379759103
0.0014209708296005752,153.16155454847691
0.0015295615891961095,162.286747565731
0.0016256754679248233,170.19493634562406
0.0017083139866382357,176.864474278178
0.001776649412325556,182.28714400399622
0.0018299116298692855,186.4548162415703
0.0018672137972313976,189.3426348637592
0.0018874490345314212,190.8984329420168
0.00188942060018537,191.049612389073
0.0018720144625507633,189.3089986256123
0.0018345411199285535,185.56166436339132
0.0017769941021953744,179.80696259007343
0.0017000894139133692,172.1164937618729
0.0016048794484751834,162.59549721805433
0.0014921282091680502,151.320373287341
0.001362896352095821,138.39718758011804
0.001218768676878306,123.9844200583666
0.0010618599869516437,108.29355106570036
0.0008945734338134091,91.56489575187689
0.0007194167542952868,74.04922780006466
0.0005387650598045676,55.98405835099275
0.00035475659139849286,37.583211510385276
0.00016925843316543094,19.03339568707908
-1.6048777304249788e-05,0.502674640111008
-0.000199701132281504,-17.850569190991425
-0.00038009151658180434,-35.80390979265916
-0.0005553955079126227,-53.110689252454094
-0.0007237400392618701,-69.539020916555
-0.0008834006265572758,-84.89599024531772
-0.0010325886013574238,-99.00890982352111
-0.0011688064723712709,-111.66606917082338
-0.0012902662905316868,-122.74801916540783
-0.001396295934746774,-132.2525141405713
-0.0014873158983151114,-140.27799178352927
-0.0015642969457462593,-146.96508825524924
-0.0016285361999142168,-152.47250759738287
-0.0016814999876559277,-156.96217619660572
-0.0017245264564205167,-160.57485896821132
-0.0017588315604956336,-163.43271530427336
-0.0017854755033063956,-165.63839814667745
-0.001805756719281471,-167.3091152108057
-0.0018199258664936917,-168.47208691082506
-0.0018267043252637148,-169.02720727651223
-0.0018237144322616327,-168.728217976304
-0.0018083036982766672,-167.18714457780746
-0.0017783239329483829,-164.18916804497903
-0.0017326289245479598,-159.61966720493675
-0.001671089006995016,-153.46567544964233
-0.001594308648867969,-145.78763963693766
-0.0015032612099490693,-136.6828957450477
-0.001399016742549234,-126.25844900506415
-0.0012827625130316794,-114.6330260533087
-0.0011558336735264683,-101.94014210278759
-0.0010193733831281057,-88.29411306295134
-0.0008735950619331762,-73.71628094345839
-0.0007188317709010181,-58.239951840242576
-0.0005558243869087801,-41.939213441018765
-0.00038576903069673546,-24.933677819814303
-0.00021011219321529962,-7.36799407167072
-3.064515055413155e-05,10.576083345515405
0.0001503145903373796,28.622539662322357
0.000329996591683171,46.4223263138885
0.0005052232944065592,63.598132398407344
0.0006724359982752447,79.76170519760346
0.0008274922255012215,94.50643773880213
0.0009675055152836895,107.58633214981032
0.001091610991462515,118.9723721821772
0.0012007213943374846,128.80755065220464
0.0012966410556329035,137.3097051281215
0.0013813898940680583,144.70413261481877
0.0014567087455290735,151.17973847988335
0.0015238201199082773,156.87129862017446
0.0015835506310210815,161.87329833592412
0.0016365786430008022,166.26286043323944
0.0016839616945161047,170.1438151395487
0.001725928272014628,173.5481480069753
0.0017614347725034322,176.40399801039067
0.0017883853778756786,178.55660796965722
0.0018044157999587784,179.83079138127593
0.0018076182858717457,180.08478556701866
0.0017970410680172553,179.02706378156958
0.0017727426795085836,176.59722493070242
0.0017352777885562512,172.85073583546918
0.0016856169920001776,167.88465617986182
0.0016248298096210988,161.80593794195394
0.0015538317467620627,154.70613165605033
0.0014732866400548631,146.65162098533037
0.0013835917324284271,137.68213022268677
0.0012849430621507591,127.81726319491997
0.0011773227015709723,117.0552271369413
0.0010605057854080008,105.37353552064415
0.0009341193368465095,92.73489066449503
0.0007977706657019373,79.1000235500378
0.0006513271635405747,64.45567333390154
0.0004949897283306501,48.82192981290908
0.00033011926704210954,32.33488368405503
0.0001594701758408761,15.269974563931685
-1.3376175103613374e-05,-2.0145842565967635
-0.00018470754874225153,-19.13275198148481
-0.00035112122373933606,-35.69162720285183
-0.0005094328840876473,-51.32899261908237
-0.0006575946579811958,-65.81848004255974
-0.0007948337212795563,-79.08069696005354
-0.0009213956066833643,-91.15013621704236
-0.0010381035020525927,-102.12416192173917
-0.0011461458237590275,-112.1362658630913
-0.001247002313883775,-121.34437123984446
-0.001342023138703149,-129.88965332802135
-0.0014322080757079442,-137.8770570680909
-0.0015181821339102502,-145.37500352741716
-0.001600600201191134,-152.45203786989143
-0.0016789876420792126,-159.0791567128652
-0.0017515206804643313,-165.11877466995782
-0.0018155042887032153,-170.3710515783472
-0.0018682782681947153,-174.64901674687985
-0.0019077496270644752,-177.81624649444478
-0.0019326302252577622,-179.79832398302793
-0.0019423494321010014,-180.56955648464782
-0.001936595681206105,-179.99418139515817
-0.0019152092640282174,-177.85553967736942
-0.001878029470552532,-174.1375603298009
-0.001824813839730672,-168.8159972476149
-0.0017548760622514378,-161.82221949969147
-0.0016681398213560688,-153.14859541015457
-0.001565418252301486,-142.8764385046963
-0.0014480486249080157,-131.13947576534926
-0.0013173218104151885,-118.06679431606655
-0.001174272053294487,-103.7618186039964
-0.0010197993258762195,-88.31454586216967
-0.0008550572375756705,-71.84033703211476
-0.0006818800389797255,-54.52261717252026
-0.0005028597662367977,-36.620589898227486
-0.0003211465098954463,-18.44926426409235
-0.0001398947180702724,-0.3240852690645513
3.817554468119225e-05,17.47072352091304
0.0002109198731265165,34.66493795911738
0.00037647217586746,51.019736699164085
0.000533451922860112,66.365203903275
0.0006809163067869129,80.59557906671968
0.0008181907013171995,93.64996197007142
0.0009448153474250304,105.50325285226391
0.001060527745892754,116.15997041952485
0.0011652807846052953,125.6512845081588
0.001259343759088629,134.0395561512636
0.001343398584153726,141.422335828876
0.0014179357429610724,147.87645057071782
0.0014829709943892226,153.43442819583865
0.0015380311603251438,158.08518403776947
0.0015824121799218982,161.7966924206197
0.0016154590780309598,164.53847321818145
0.0016367974694297671,166.2988249426997
0.0016462345784134256,167.0748355880067
0.0016435126718248399,166.80264492914813
0.0016280515973513766,165.2565374818018
0.0015986254581261087,162.31392355927503
0.0015543155088435384,157.882928631018
0.0014948955401372587,151.94093176039
0.0014211616157835951,144.56753932502363
0.0013347977506873356,135.9311528153977
0.0012372405359091885,126.17543133758298
0.0011284085091994253,115.29222866660666
0.0010093624748217364,103.38762522883778
0.0008847961405518564,90.93099180184979
0.0007589246113415035,78.3438388808145
0.0006327954406073387,65.73092180739802
0.000505663169312418,53.01769467790596
0.0003767597485517754,40.1273526018417
0.0002459954869023473,27.050926436898898
0.00011415530289805387,13.866908036469555
-1.7310263272430466e-05,0.7203514194211258
-0.00014690664635613081,-12.235462967024322
-0.0002734440107428423,-24.860528322226838
-0.00039606541566654467,-37.04698115707331
-0.0005138093534260358,-48.68277217725425
-0.0006251617185768485,-59.60931292876133
-0.0007281910220075762,-69.6375004557331
-0.0008210053491905902,-78.59361330653122
-0.0009023763492722407,-86.37761931541822
-0.0009722448623403602,-93.00612601142991
-0.0010316670058385315,-98.60071215229921
-0.0010824056827462658,-103.34491440851514
-0.0011262986311285446,-107.42360234152677
-0.0011647483498859923,-110.97645882501632
-0.001198344463688031,-114.06509616019446
-0.0012268674839653682,-116.6755633046959
-0.0012495363017227734,-118.74238980212574
-0.001265248154703673,-120.17077678098444
-0.001272836202246524,-120.85939215497497
-0.0012711142303488778,-120.68719496521034
-0.0012589352710271862,-119.46929903304118
-0.001235283942172864,-117.10416614760896
-0.0011994848599656456,-113.52425792688713
-0.0011514414006291863,-108.7199119932412
-0.0010917791216307367,-102.75368409339625
-0.0010217902189228764,-95.75479382261022
-0.0009431253452607968,-87.88830645640226
-0.0008573726842571407,-79.31304035603664
-0.0007657489723113869,-70.15066916146128
-0.0006689892996554966,-60.47470189587225
-0.0005674241698319934,-50.31818891352192
-0.00046124771327438636,-39.70054325776123
-0.00035078951673011763,-28.654723603334357
-0.00023672501472487924,-17.24827340281052
-0.00012007124081410258,-5.582896011732854
-2.090248467860132e-06,6.2146730293865176
0.00011582037953976264,17.993458040985956
0.00023222994756502615,29.590760874918082
0.000345725099162984,40.84852745785144
0.0004549884545108402,51.62365688053761
0.0005588316222485586,61.792571557492245
0.000656305343426209,71.26228351211559
0.0007468111061483839,79.98024749443447
0.0008301708798121756,87.93900078354143
0.0009065883082922449,95.16988439646845
0.0009765000705886973,101.72672756653817
0.0010403939023679095,107.66741708560431
0.0010986410440477336,113.03791272943315
0.0011513297359289222,117.85726910384952
0.0011982286126698569,122.11510800285227
0.0012388459750999152,125.77767173246045
0.0012725407203285524,128.79799735189127
0.001298620411160484,131.1243104281298
0.001316383643554413,132.70301476712302
0.0013252217468123209,133.48673971489922
0.0013246488238863939,133.4294474223065
0.0013143702005580268,132.4015850894698
0.0012943188850877577,130.39645354244288
0.0012646949557635976,127.43406061002686
0.0012259523702514573,123.55980205881282
0.0011786709838899356,118.83166342266065
0.0011234497293642288,113.30953797008998
0.0010608171403104197,107.04627906470907
0.0009912254979100776,100.08711482467487
0.0009150710714645665,92.47167218012376
0.0008327564316862062,84.24020820228773
0.0007448101233721982,75.44557737088694
0.0006519538334317055,66.15994837683766
0.0005550975418207753,56.47431921574464
0.00045529484865973637,46.49404989964075
0.0003536853980578204,36.333104839449156
0.0002514618437311926,26.110749406786375
0.0001497600598377886,15.940571017445981
4.9583151641564996e-05,5.9228801978236225
