Desplacment,Force
0.0,0.0
-7.772395310371336e-07,-0.07772395044215208
-2.39844896156789e-06,-0.23984481794663987
-3.561679521678922e-06,-0.35616769605232523
-3.315500637285654e-06,-0.33154980761299846
-1.3164133997632023e-06,-0.1316410838607532
2.2296112630640845e-06,0.22296132407818903
6.839734677824424e-06,0.6839719145861799
1.2169372258386715e-05,1.2169272706448222
1.809396174806691e-05,1.8093628567696873
2.460078279168964e-05,2.459994147952767
3.165228084084676e-05,3.1650485998266906
3.904392159356594e-05,3.9040550660016162
4.629174921905154e-05,4.628612948075603
5.267800970972364e-05,5.266972764063775
5.7714529644423565e-05,5.770363728256872
6.142831067873233e-05,6.141517729768486
6.430399883287494e-05,6.428893328914739
6.700352886325866e-05,6.698648524418967
7.012283787181454e-05,7.0103301555070265
7.411119757658054e-05,7.408813504007176
7.892978514223622e-05,7.89019262184836
8.410273493097909e-05,8.40690331154928
8.896626270826533e-05,8.892637137351036
9.298003259842122e-05,9.293449680631523
9.564950493855973e-05,9.559993496483154
9.628496588223086e-05,9.623440173489056
9.431000025850075e-05,9.425943611116047
8.932290763681779e-05,8.92723434894775
8.134913722374448e-05,8.12985730764042
7.095189395199796e-05,7.090132980465768
5.890698285924381e-05,5.885641871190352
4.58942213950988e-05,4.584365724775851
3.256818724420587e-05,3.251762309686558
1.964587490535445e-05,1.9595310758014157
7.6947856517679e-06,0.7644221504427609
-2.880456846820737e-06,-0.2931018416455208
-1.2248633713087443e-05,-1.22990912097401
-2.122387460625425e-05,-2.1273891686634676
-3.0972576969386196e-05,-3.1021447325236102
-4.273179280815406e-05,-4.277791708670487
-5.7250214969752186e-05,-5.729011473411195
-7.464166293382283e-05,-7.466861269974796
-9.457693245061395e-05,-9.457949196195704
-0.00011685083673337189,-11.681092393712722
-0.00014085194070948364,-14.074414636204455
-0.00016538515026046395,-16.51795367862157
-0.00018868858681890026,-18.83589734655066
-0.00020833179064418342,-20.787097332527594
-0.00022264327468190953,-22.206996223346096
-0.00023131395389592416,-23.066508770433
-0.00023531375207593908,-23.462807651497446
-0.00023640454635625278,-23.57086139086419
-0.00023615874941526504,-23.546281696765423
-0.00023531855282251578,-23.462262037490497
-0.0002342673069668845,-23.35713745192737
-0.00023357251902935094,-23.28765865817401
-0.0002339227467644413,-23.322358015436134
-0.00023590022095649045,-23.518261223846615
-0.00023975486799607262,-23.90004178807318
-0.00024555537237144304,-24.47432238730665
-0.00025234536637212915,-25.14621519628557
-0.0002582617154810162,-25.73134038160372
-0.00026117744393779334,-26.01959412147314
-0.0002593482812272009,-25.836677850413892
-0.00025226353987156897,-25.128203714850706
-0.000240612693576436,-23.963119085337407
-0.00022569321592094625,-22.471171319788432
-0.0002085296226212182,-20.754811989815625
-0.00018971286721509366,-18.873136449203173
-0.00016964682188061196,-16.866531915755
-0.0001484317196400196,-14.745021691695765
-0.00012603708556075343,-12.50555828376915
-0.00010237648824580176,-10.139498552273983
-7.731560266670494e-05,-7.633409994364301
-5.021752176080974e-05,-4.923601903774782
-1.9536274372054543e-05,-1.8554771648992632
1.6151760002097166e-05,1.7132964748544572
5.722405881766893e-05,5.819435728326792
0.00010361455320660982,10.453117170948447
0.00015561568876338244,15.637974481249836
0.000212740836347506,21.31704820907781
0.0002732845775130322,27.31023522672772
0.0003348241021507371,33.36753343486917
0.0003947638938890487,39.22694185363065
0.0004512901198370016,44.71006391088951
0.0005037156075962668,49.75364186689447
0.000552228511065152,54.38129258863981
0.0005974062358998035,58.653774650851325
0.000639747268236135,62.62332707262164
0.0006795437409703692,66.32196369591408
0.0007168035536624867,69.75501444441888
0.0007512219764591429,72.89954546370966
0.000782758938390743,75.75747941588362
0.0008117078212080235,78.36062292281
0.0008384315634466128,80.74601327103541
0.0008629906651022771,82.92289158532238
0.0008849608036351237,84.85763156903931
0.0009036238982548339,86.49160112456902
0.0009184122930919348,87.78002758807203
0.0009297338943344414,88.76260279876918
0.0009382314479870156,89.497898103171
0.0009442737123820751,90.01958908928313
0.0009478974603559799,90.33200528802587
0.0009487416227739362,90.40473396177899
0.0009461255402695755,90.14312571134292
0.0009389201045971611,89.42258214410145
0.00092630509728011,88.16108141239636
0.0009080363260262535,86.3342042870107
0.000884514939100611,83.98206559444644
0.0008568752224112134,81.21809392550668
0.0008259623465144244,78.1268063358278
0.0007920259951130448,74.73317119568983
0.0007547938996889916,71.0099616532845
0.0007139365076307525,66.92422244746061
0.000669225557788879,62.45312746327326
0.0006204910704381512,57.579678728200484
0.0005675269210456284,52.2832637889482
0.0005098766509071219,46.51823677509755
0.0004467824612959315,40.20881781397851
0.0003773070674087976,33.261278425265125
0.0003009303646776286,25.623608152148226
0.00021802363738906896,17.33293542329226
0.0001293416751372956,8.464739198114923
3.484982030314049e-05,-0.9844125297558646
-6.456745879370308e-05,-10.918476721298477
-0.00016677259143065863,-21.092172230564415
-0.00026880603879823515,-31.174250586221294
-0.0003679333658014006,-40.865258326723314
-0.00046172344661073037,-49.912678217559126
-0.0005480530334551337,-58.114596602696345
-0.0006249186394914628,-65.30116404628957
-0.0006899481973249098,-71.28669754791878
-0.0007410116630406881,-75.92156755558216
-0.0007764120477270742,-79.09938087574326
-0.0007947243805559815,-80.73151137454633
-0.0007936930587070242,-80.6283791896506
-0.0007728061954259122,-78.5396928615394
-0.0007341001669365497,-74.66909001260314
-0.0006814767422285924,-69.4067475418074
-0.000619853092808393,-63.24438259978748
-0.0005526884459820652,-56.5279179171547
-0.00048108024336450156,-49.36709765539835
-0.0004045397453006579,-41.713047849013975
-0.0003224018248304833,-33.49925580199652
-0.00023474201675587067,-24.733274994535247
-0.0001424524009469122,-15.504313413639403
-4.66434183647287e-05,-5.923415155421057
5.207569065701514e-05,3.948068087568009
0.00015383255294267568,14.10827468047266
0.00025890090551691536,24.5469787913462
0.00036711267880880073,35.202551061356075
0.000477413086270751,45.92274860870815
0.0005873361009676858,56.42470144646483
0.0006931584556404667,66.32894448789047
0.0007923587974649016,75.4027154992311
0.0008860353795180352,83.76345073724647
0.000976117467147262,91.59720293159374
0.0010633694670234397,98.97982051525271
0.0011472160828373212,105.87480869325299
0.0012262238313998602,112.18621096253158
0.0012984684211804862,117.7952685592747
0.0013620765420597552,122.60308269199787
0.00141524646656445,126.5267620373508
0.001456082336039124,129.4809225878694
0.0014821784097703333,131.34165009399106
0.0014903735600862327,131.9216147079371
0.0014773967827164316,130.62393697095698
0.0014406555678330134,126.94981548261515
0.0013782554430994771,120.70980300926152
0.0012880269001575122,111.68694871506504
0.0011699371197394347,99.8779706732573
0.0010264911077620782,85.53336947552164
0.0008618026078169338,69.0645194810072
0.0006801340137898426,50.89766007829808
0.00048494956399790457,31.379215099104286
0.0002788718029461724,10.771438993931069
6.37822512630779e-05,-10.729713601576881
-0.00015855786030683264,-32.760341862323145
-0.0003859929830956693,-54.72859452472464
-0.0006156771885670194,-75.98489893762563
-0.0008452904322232603,-96.01069931256586
-0.0010737357570597087,-114.50591947884637
-0.0013010362265842943,-131.36006708326016
-0.001528517072588481,-146.6209747546252
-0.0017561430038939446,-160.2859360638124
-0.0019816048384561965,-172.2906013047119
-0.0022006961532940604,-182.58101917559665
-0.0024083192537376467,-191.1757354424063
-0.002599239895806378,-198.17019239838567
-0.002768730385042787,-203.71502801704017
-0.0029131293081671493,-207.98881075376198
-0.0030299890526288256,-211.16836576333714
-0.00311808700206653,-213.4114691180558
-0.0031769738774442414,-214.8409764161278
-0.0032069151888154536,-215.54714546922716
-0.003208630839835706,-215.5871952772303
-0.003183134933155124,-213.03760460917215
-0.003131962502829896,-207.92036157664936
-0.0030566204871689917,-200.38616001055888
-0.0029580284769637546,-190.52695899003515
-0.0028356676092038276,-178.29087221404245
-0.0026872640182340492,-163.45051311706465
-0.0025096658001212816,-145.69069130578785
-0.0022998359354977765,-124.70770484343737
-0.002055114937050512,-100.23560499871093
-0.0017720628291689497,-71.93039421055468
-0.0014507543452522884,-39.799545818888554
-0.0010958714830641575,-4.3112596000754655
-0.0007153114455647762,33.46024014395819
-0.0003176353538771491,71.0490828755477
8.933271078102447e-05,105.83040190151014
0.0004986666131261762,135.9775845643417
0.0009041282886439827,160.72563867666534
0.001299717025128398,180.19974299424047
0.0016796332704733547,195.0709159889088
0.0020389448597805566,206.2302541406563
0.0023737118960052996,214.5445272853888
0.0026812481846412916,220.74588896637468
0.002959065607210251,225.38673226608714
0.0032038741249711374,228.85508567582747
0.003411787605510326,231.41887788605516
0.00357824356630481,233.25515488184033
0.0036982074530920632,234.47346931937437
0.0037644767291480363,235.1120319111789
0.0037728120198853225,234.9052137081765
0.003724048337431359,230.02884546278014
0.003624447422876911,220.06875400733531
0.0034842664615754074,206.050657877185
0.003315472043810459,189.17121610069015
0.0031289838271612016,170.5223944357644
0.0029315236966122606,150.7763813808703
0.002726008223522128,130.22483407185703
0.0025135627387167818,108.9802855913224
0.0022949629990339777,87.12031162304201
0.0020721958151507496,64.8435932347192
0.0018475303093593853,42.377042655582756
0.0016228281622711793,19.906827946762164
0.0013996699959337184,-2.406053396689513
0.0011781248006954102,-24.425395313129457
0.0009582661862192416,-45.81180149318774
0.000743801331246729,-65.91983689295384
0.0005479943447626711,-83.41126610021388
0.0003807543623559049,-97.57498591509209
0.00024230144903731945,-108.70500793642474
0.00012088879880202576,-117.99635412759407
-8.364818385788953e-06,-127.39125826257194
-0.00016710917141082344,-138.2179038823808
-0.00036695126224294027,-150.73140319380852
-0.0006083464724886047,-164.2255112081699
-0.0008852066550453741,-177.63552279536052
-0.0011880302797795223,-190.00128195180858
-0.0015062857005565368,-200.72729287199007
-0.0018291926208136736,-209.59721975895678
-0.002143919429722591,-216.6298612681024
-0.0024354687815612507,-221.98440870768704
-0.0026855624034461158,-225.8484204412632
-0.0028803697788974533,-228.46778153482117
-0.0030153859713385606,-230.10950551995077
-0.0030955944604271995,-231.02409638659648
-0.0031330861776810415,-231.43705438899792
-0.0031430214927094294,-231.5449849100944
-0.0031406672481429972,-231.30896294144256
-0.0031393522356103665,-231.13725225694427
-0.0031502160164916535,-231.25800171040433
-0.0031786280886169334,-231.57019967389965
-0.0032230858487568245,-232.04848526551373
-0.0032768945483295873,-232.6112121240774
-0.003328486484570698,-233.1347667858761
-0.003360001019899834,-233.44714249256725
-0.0033533464897428284,-232.559656140099
-0.0032987737610876418,-227.10238327458032
-0.003199998693195002,-217.22487648531637
-0.0030718784109888472,-204.41284826470087
-0.0029327516511784787,-190.50017228366403
-0.0027963259732979584,-176.857604495612
-0.0026671915151907683,-163.944158684893
-0.002541846332054366,-151.40964037125278
-0.0024133471751094306,-138.5597246767592
-0.002275736594458258,-124.79866661164193
-0.002125142621083015,-109.73926927411765
-0.001960206378348189,-93.24564500063507
-0.0017796158288187617,-75.18659004769232
-0.0015799628317684927,-55.22129034266542
-0.0013557237968867437,-32.797386854490526
-0.001102848302569106,-7.509837422726761
-0.000822273679509919,20.47319006221053
-0.0005216743148255452,49.7439337879503
-0.00021406421288988872,78.1068557014829
8.621430867969403e-05,103.58912088520154
0.00036736393100907664,125.09807099858811
0.0006222961980457027,142.4938296289837
0.000846962636222512,156.1506698221032
0.0010410386119014286,166.7213586684285
0.0012064657221951232,174.87499642330917
0.0013464973417740519,181.19300875201736
0.0014651644667770687,186.15011478214845
0.0015667887704951464,190.12035355340439
0.0016558870270028823,193.40230900843716
0.0017371636935603328,196.24114898347455
0.0018166934787223082,198.88185147113748
0.0018987609771404781,201.47067805008285
0.001984438209152254,204.0324584637322
0.0020708433556874636,206.47714932931797
0.002149351720787546,208.58334509934633
0.002207679206344688,210.0803396405377
0.0022345659324437776,210.75158304614456
0.0022266773911196218,209.8722001243855
0.0021895354888890124,206.15800990132462
0.0021333400358894564,200.53846460136904
0.0020676304239525744,193.96750340768082
0.0019987590194725006,187.08036295967338
0.001929479462967016,180.15240730912495
0.001860030740108519,173.20753502327526
0.001790108342163545,166.21529522877788
0.0017210156670762985,159.3060277200532
0.0016564716178823628,152.85162280065964
0.0015984320720461751,147.04766821704087
0.0015450226490956785,141.70672592199122
0.0014895232667832723,136.1567876907506
0.0014213485108580384,129.3393120982272
0.001330335701886187,120.23803120104208
0.0012112809410195367,108.33255511437704
0.0010657651254384292,93.78097355626628
0.000899249535460949,77.12941455851826
0.0007214889991108737,59.35336092351074
0.0005440465528108999,41.60911629351337
0.00037640316115812133,24.844777128235513
0.00022399541672796642,9.604002685220024
9.018516823645799e-05,-3.776361807913736
-1.930069691670226e-05,-14.705792603759587
-0.00010087837898187653,-22.811890188046373
-0.00015509728277625302,-28.171773454935632
-0.0001869588898950997,-31.30869538550664
-0.00020446095246966393,-33.02734462547145
-0.000217379745775722,-34.29375068781213
-0.00023569169562702991,-36.085520388532174
-0.0002669623845552858,-39.13576896347243
-0.0003154148854851472,-43.83640898113603
-0.00038247860987720555,-50.285684157769616
-0.00046997683359346773,-58.58759077920697
-0.000575669687750733,-68.42218591641999
-0.0006925882319872432,-79.02142756933587
-0.0008112063018800791,-89.43972682280763
-0.0009224641612054526,-98.87742075407064
-0.0010198816790535682,-106.85841115637646
-0.001100184552744775,-113.23028251494263
-0.0011619340887489876,-117.99928336805529
-0.0012019045222456176,-121.02468834815905
-0.0012194664786898156,-122.33853893807304
-0.0012175034138681912,-122.11297765427683
-0.0012017546279893055,-120.53809906638824
-0.0011788465745577374,-118.24729372323142
-0.001154295647055183,-115.79220097297595
-0.0011316570595468682,-113.52834222214447
-0.0011130916600369917,-111.6718022711568
-0.0011021807666010345,-110.58071292756108
-0.0010992085574100744,-110.28349200846507
-0.001099443412457394,-110.30211819774003
-0.0010950538412404754,-109.86316107604817
-0.0010783992479411124,-108.19770174611186
-0.00104417925886169,-104.77570283816962
-0.0009890325681221326,-99.26103376421388
-0.0009141743513743465,-91.77521208943527
-0.0008246912314932815,-82.82690010132876
-0.0007277233105065764,-73.13010800265826
-0.0006305648798260318,-63.4142649346038
-0.0005395757282796814,-54.315349779968756
-0.00046029406607667287,-46.3871835596679
-0.0003971772901905395,-40.07550597105457
-0.0003541783768112291,-35.77561463312353
-0.0003315243708671173,-33.51021403871235
-0.000324193543838641,-32.77713133586472
-0.0003231497015008199,-32.67274710208262
-0.0003177065105673082,-32.12842800873145
-0.0002977508446286513,-30.132861414865754
-0.0002547073739910305,-25.828514351103674
-0.00018541787927262753,-18.89956487926338
-9.285806108901628e-05,-9.643583060902255
1.554305560853148e-05,1.1964854319122793
0.0001303556626608523,12.666247798981562
0.00024274087546211453,23.839147789393394
0.0003456372830053583,33.98111043022011
0.0004341962403816621,42.61532719306608
0.0005054548455228573,49.48399038390531
0.0005578526144221379,54.48309442610871
0.0005903331231883627,57.558012791153466
0.0006051179140455886,58.95130058406631
0.0006082112776540733,59.24229525861971
0.0006078609288522113,59.206956106543046
0.0006119528419831419,59.591636251823076
0.0006258056201674389,60.89156282055803
0.0006511021563279485,63.25572746238788
0.0006865922787887178,66.55091344566983
0.0007306836821586672,70.60799813277274
0.0007798561155033238,75.08232855254508
0.0008296191812573071,79.55380894562241
0.0008760346208026735,83.67090977486228
0.0009170622800427448,87.2654428809471
0.0009525432962834894,90.33920188787268
0.0009833199747120054,92.97863322794159
0.0010108099285986698,95.31474497972081
0.0010363439851109651,97.46622254136452
0.0010605187071863866,99.48658746080241
0.0010821285380711605,101.27878396014346
0.0011003976427479182,102.78364602495557
0.001115764262334911,104.04207568759306
0.0011291194698436196,105.13029269788123
0.0011413734624602001,106.12426267570527
0.0011513751234817056,106.9323179146424
0.0011554840159392725,107.26344264815405
0.0011490652824566615,106.62156929989294
0.001128209743702855,104.5360154245123
0.001090716389516278,100.78668000585462
0.0010356642300024766,95.28146405447448
0.0009648109472963556,88.19613578386237
0.0008821367959391433,79.92872064814114
0.00079236397283413,70.9514383376398
0.0006997270609973605,61.68774715396285
0.0006079060904184483,52.50565009607163
0.0005204996531556365,43.76500636979045
0.0004414823878214297,35.86327983636977
0.0003752077569219839,29.235816746425197
0.0003255375824600696,24.268799300233763
0.00029506918808177386,21.22195986240419
0.00028392706697893933,20.107747752120737
0.00028989298323632676,20.70022074839209
0.0003099449133779838,22.68972985317605
0.0003428599362789775,25.948772977647785
0.0003873417987032866,30.33801376144075
0.00044109093189847055,35.614870574915415
0.0005011359811893275,41.469447524245794
0.00056430629665967,47.575734430131384
0.0006277144478283862,53.643000226431596
0.0006889530490847367,59.436965742309
0.0007461093501335665,64.78094860849644
0.0007975616775321846,69.53496457894623
0.0008416773331368871,73.56576961483911
0.0008767917520524942,76.74284601583403
0.0009009647517671564,78.91330808209639
0.0009120697852966832,79.90576435440236
0.0009084592581000369,79.54471163473774
0.0008893711887957167,77.63590470430572
0.0008544385700363009,74.14264282836413
0.0008019636803973225,68.8951538644663
0.0007321220130740647,61.91098713214051
0.0006480807953601939,53.50686536075344
0.0005545985279132894,44.15863861606298
0.00045615714957259785,34.31450078199383
0.0003572127743417167,24.420063258905717
0.0002635963719675516,15.058423021489208
0.00017902697350509616,6.601483175243664
0.00010417151624166891,-0.8840302659183477
3.700791767999208e-05,-7.597553855672398
-2.575092385339821e-05,-13.859988646579934
-8.83040625858239e-05,-20.083041090872904
-0.00015569876341755683,-26.75732859885115
-0.00023270394706302467,-34.33223447997203
-0.00032328951651683455,-43.15439532740491
-0.00043126923002995273,-53.51559899899982
-0.0005622770867583321,-65.8115367368648
-0.0007177935099056871,-79.94180976928911
-0.0008930913225917624,-95.16580214058149
-0.0010782033740466077,-110.33378387494963
-0.001261254822286908,-124.34087550164878
-0.0014313638368804872,-136.4343512790675
-0.0015798915704267425,-146.255127815771
-0.0017020014771367909,-153.81531261853013
-0.001795753165879202,-159.30927020410002
-0.0018595987588759045,-162.8987708030659
-0.0018882320131171965,-164.46911954613253
-0.0018796616308707481,-163.5536367828332
-0.0018382967426521177,-159.41714796097017
-0.001774515048704871,-153.0389785662455
-0.001703858964311962,-145.9733701269546
-0.0016386462296000396,-139.45209665576238
-0.0015836791483932289,-133.9553885350813
-0.001534736523255643,-129.0611260213227
-0.0014819743590868588,-123.78490960444428
-0.001414678059789605,-117.0552796747189
-0.001325724405966715,-108.1599142924299
-0.0012130536460582915,-96.89283830158755
-0.001077832252304732,-83.3706989262316
-0.0009220701760168866,-67.79449129744707
-0.0007466848732827274,-50.255961024031144
-0.0005522945470297653,-30.816928398734934
-0.00034122362914454,-9.70983661021241
-0.00011739492587115121,12.660329301028662
0.00011657582622903772,35.7906624706363
0.000355324050605006,58.709994749302545
0.0005913918358527971,80.31699285814486
0.0008182519947684257,99.8111591904326
0.001033269398036641,116.96047213507946
0.0012376506657286648,131.9690811466624
0.001434312089303533,145.18425563199614
0.0016236771196950052,156.77335311604165
0.0017990490769795905,166.53553530033076
0.001952111824080119,174.32196179386844
0.0020761359666322753,180.15159924077724
0.0021680830647586315,184.20823654721642
0.0022283271868599225,186.74808372065883
0.0022594285854545654,188.02364217763804
0.002264782432279105,188.18959323248336
0.002248057029144298,186.51705291900268
0.0022150838191202066,183.21973191659347
0.0021703351820008057,178.74486820465341
0.0021149473300240283,173.2060830069757
0.002045778009071818,166.28915091175466
0.001956946398919454,157.40598989651826
0.0018418140807520962,145.89275807978245
0.0016932128477306057,131.0326347776334
0.0015080343144583408,112.51478145040691
0.0012880084598741253,90.51219599198537
0.001038249443409849,65.53629434555772
0.00076522912423425,38.23426242799784
0.0004762303447386228,9.334384478435112
0.00017973991786211235,-20.26095355847029
-0.00011529511294671829,-49.08187717501798
-0.00040019430273838816,-75.58359809364117
-0.0006676933200768602,-98.76041129934711
-0.0009124528030069511,-118.22750859562194
-0.0011341782526449714,-134.2977534110644
-0.0013381045631294423,-147.72594393293494
-0.0015324793184062436,-159.3272023118888
-0.0017254732675486808,-169.72426087355444
-0.001923566495119398,-179.29044121676552
-0.002131566373540323,-188.20931003488306
-0.002350346320578361,-196.4496846959548
-0.002576620621742626,-203.8648993777711
-0.002803378444014678,-210.29517810157932
-0.0030216086831961197,-215.65466760968434
-0.003221623831395343,-219.94334427866977
-0.0033945421485016033,-223.22936612710535
-0.0035339174192901596,-225.62497383920373
-0.003635933123669708,-227.24864160636585
-0.0036988781032705038,-228.19959621777645
-0.003721039799971289,-228.52557947175598
-0.0037037210128981085,-226.79370076443794
-0.0036520600415692744,-221.62760363155454
-0.0035741099425082735,-213.83259372545442
-0.003479251079804725,-204.3467074550996
-0.0033773549073414753,-194.1570902087747
-0.0032798355328488332,-184.4051527595105
-0.0031936755293477353,-175.78915240940069
-0.003116655967488633,-168.08719622349042
-0.003036015872753009,-160.0231867499281
-0.002934744327806054,-149.89603225523257
-0.0027995549838172496,-136.37709785635212
-0.0026253423842395344,-118.95583789858061
-0.0024145062080136643,-97.87222027599358
-0.0021709299451643134,-73.5145939910585
-0.0018990124683416583,-46.322846308793004
-0.001602743956280007,-16.695995102627883
-0.0012863419108792773,14.905982422954256
-0.0009558945849254583,47.190158016426174
-0.0006199624474277154,78.15404131969356
-0.0002884741785662175,106.0070856362086
2.9666347396345926e-05,129.72057329995937
0.00032845536812434526,149.13205432721412
0.0006079884206730135,164.8179901278533
0.0008737998740182632,177.64405153330023
0.0011337128859044267,188.38662202006142
0.0013944746356067622,197.56938556176914
0.0016598714702531177,205.48079180938333
0.001930246413057203,212.26276504378265
0.0022030881931448558,218.00200623424882
0.0024740574094236846,222.78558246869792
0.0027377719004567803,226.7151833179748
0.0029887627887497845,229.9056788484065
0.003222627821399489,232.47850886489698
0.0034379796601257933,234.56231379971007
0.0036341513392234423,236.25914774541482
0.0038104548287949077,237.64377623812766
0.0039661091193855715,238.7702432134595
0.004100443099026298,239.67852867099592
0.00421301182775968,240.3987437307176
0.004303469985310042,240.95281737922085
0.00437124774971494,241.3545769056257
0.00441422184205972,241.6036827856449
0.004430468210547081,241.6967583766334
0.004418895792617517,240.5395165836769
0.004378715719658395,236.5215092877648
0.004308611527850797,229.51109010700497
0.004207596246991836,219.40956202110883
0.004076744895379926,206.32442685991782
0.003918821351110542,190.53207243297945
0.0037374840489208046,172.3983422140057
0.003536306606885077,152.28059801043293
0.003317846528211739,130.43459014309914
0.0030834226786563383,106.9922051875591
0.002833410881533459,81.99102547527114
0.0025687204496906728,55.52198229099254
0.0022920846816018013,27.858405482105393
0.00200567648793914,-0.7784251918359409
0.0017090356888572538,-30.16745387149942
0.0014010931325147116,-59.551679431725944
0.0010820790870011928,-87.93806988740239
0.0007536265331566479,-114.3129973461564
0.00041843519549951343,-137.85932888005493
7.991657353090987e-05,-158.10468988694413
-0.00025879871363919095,-174.98300921463863
-0.0005941998044864742,-188.70044165608746
-0.0009224001484238854,-199.6304289749225
-0.0012392681158475347,-208.21650581380075
-0.0015406670144855607,-214.90084988304304
-0.0018230438009965012,-220.08598832009153
-0.0020836641009634588,-224.1109989770748
-0.002320316866250492,-227.2418265593579
-0.0025300322413332917,-229.66663125610708
-0.0027110350369250863,-231.5342115887637
-0.0028633363647625723,-232.96511427016588
-0.00298822583687336,-234.05343515215313
-0.0030876810000300715,-234.87047230535467
-0.0031642783797619163,-235.47202222245184
-0.0032220861441320707,-235.91100670768554
-0.0032642657720609114,-236.22354335363323
-0.0032921716893183585,-236.42683428519456
-0.003305661292312543,-236.5241319377133
-0.0033037026033904088,-236.22148311140708
-0.003283997465944489,-234.25096936681513
-0.0032409150385219283,-229.94272662455904
-0.0031681389932036066,-222.6651220927269
-0.003062232434349608,-212.07446620732705
-0.002925116797015993,-198.3629024739655
-0.002764062211660444,-182.25744393841063
-0.0025875086574263803,-164.6020885150043
-0.0024016635185207308,-146.01757462443933
-0.0022086935189614956,-126.7205746685158
-0.002007877421372898,-106.63896490965601
-0.0017975737198076785,-85.60859475313407
-0.0015770454916637663,-63.555771938742865
-0.0013473713316973863,-40.58835594210486
-0.0011101986284349165,-16.871085615857876
-0.0008660473113490311,7.53648088658323
-0.0006125141410995149,32.63829850071055
-0.00034685192716225546,58.12335757198957
-6.84709108291797e-05,83.36337513470556
0.00021952650392815216,107.40725899841144
0.0005097292958408092,129.1776773741097
0.0007935775194451323,147.94567894542283
0.0010637747237520173,163.5062818385945
0.001315765906755284,176.09243823808063
0.0015479179055296307,186.16673585194297
0.0017601233320602694,194.21410535303278
0.0019527677613093892,200.65169386742906
0.0021260907546246733,205.8065271905315
0.0022802142562313864,209.93154564798914
0.0024154997089409925,213.22830820014403
0.0025326220104626793,215.85791331080864
0.0026324076489213795,217.9460383082756
0.0027151901491302348,219.57893372510605
0.0027806402766684616,220.80962609494844
0.0028275598840713815,221.66054214375174
0.0028541681803335188,222.131841702399
0.0028585632965616005,222.1147422577518
0.002838525769248863,220.11098952647805
0.0027929349654232964,215.5519091439214
0.002722357434294833,208.49415603107508
0.002629329291822897,199.19134178388148
0.002517720395634427,188.0304521650345
0.0023913604580074166,175.39445840233344
0.002252865482015923,161.54496080318407
0.0021028216371171537,146.54057631330713
0.0019400846487696226,130.26687747855405
0.0017621719686919622,112.47560947078802
0.0015676321971277948,93.02163231437127
0.0013570945787242325,71.96787047401504
0.0011329293278928647,49.551345390878275
0.0008983445510613572,26.092867707727528
0.0006562781505693163,1.8862281561051657
0.0004090126011702314,-22.7540909728266
0.00015910548691643124,-47.142754091130584
-8.911915835902431e-05,-70.38620349178103
-0.0003316529758387028,-91.7782227094275
-0.0005665658337981092,-110.9970295067412
-0.0007931333239245644,-127.98328922723677
-0.0010111376089388825,-142.82599076451015
-0.0012208616930083007,-155.71013377555826
-0.001422919905916718,-166.8624359094005
-0.0016176210849055182,-176.49192331380897
-0.0018045457650869262,-184.76835747985527
-0.001982162785706398,-191.81627647693855
-0.0021479110025201566,-197.73131189510758
-0.0022985502319207763,-202.59716539736704
-0.002430898034365507,-206.5028565248801
-0.0025419776858211316,-209.53376044160956
-0.0026293181098876097,-211.76870495641174
-0.00269143062876444,-213.28287426460125
-0.0027280882588003714,-214.14830135827884
-0.0027401764138208994,-214.4292002543886
-0.002729401605085921,-213.35171938089076
-0.002697661228650408,-210.1776817373395
-0.0026463727096366157,-205.04882983596025
-0.002576114164276615,-198.02297529996017
-0.0024866396583032055,-189.07552470261922
-0.002376955358318214,-178.10709470412007
-0.002244876748353992,-164.89923370769785
-0.0020893960353755648,-149.35116240985516
-0.0019113549453617519,-131.5470534084739
-0.0017133843405063298,-111.74999292293167
-0.0014991126353432111,-90.3228224066198
-0.0012724378241327705,-67.65534128557574
-0.0010373606115199007,-44.14762002428876
-0.0007980317450403586,-20.21473337633455
-0.0005596788799119739,3.618536613113688
-0.0003262686432146826,26.825792495566535
-9.933506010463685e-05,48.893812576331676
0.00012157924081379733,69.5689319629302
0.0003380411144173106,88.78783148317399
0.0005520862871045094,106.58348610721498
0.000766488394479682,123.07057734527726
0.0009823049030508804,138.23932757653262
0.001198114780825651,151.9556070540745
0.0014099243665495933,164.0305820487648
0.001611036345726869,174.2768020646672
0.0017949297797632071,182.6666384133448
0.0019566221455915482,189.32201672402758
0.002093302903340987,194.45694962828262
0.002204001472655566,198.3070793958154
0.002289538511261262,201.10341828794293
0.002352423168206781,203.0644109026322
0.002396095147418388,204.3806710803354
0.00242462619400742,205.22091272917984
0.002442257832284323,205.73252585499418
0.002453610605741247,206.05889233064255
0.002461620687304314,206.28773476612133
0.002466188908851632,206.417718650498
0.00246379343765031,206.17817153036574
0.0024483539580565255,204.6342235709873
0.0024129614307907147,201.09497084440622
0.0023513567330609073,194.93450107142547
0.0022607374348944348,185.87257125477822
0.0021425351604522566,174.05234381056042
0.0020008124981890016,159.8800775842349
0.0018403699029590583,143.83581806124056
0.0016655977715421344,126.35860491954817
0.0014800312488284788,107.80195264818259
0.0012871109283521007,88.50992060054479
0.0010905169721545746,68.85052498079219
0.000893782092163423,49.17703698167702
0.0006993683481442133,29.735662579756056
0.0005076663644876264,10.565464214097366
0.000316963916571842,-8.499634614572317
0.00012444794743786007,-27.61903518807832
-7.17368775027097e-05,-46.734131446891574
-0.00027181797672981713,-65.60951108948106
-0.00047419988518067026,-83.85188499122766
-0.0006754563700911158,-100.97173739180596
-0.0008712045131709094,-116.52545216238799
-0.0010573421171372374,-130.24291813045076
-0.0012314395120729409,-142.098610010939
-0.0013916800979273097,-152.1758010551466
-0.0015363108105557169,-160.594378954488
-0.0016633724067257644,-167.4739373850242
-0.0017702832960026843,-172.89990145441067
-0.0018557015018235935,-177.00449266460134
-0.00192019560732241,-179.97184903775693
-0.001965932736729656,-182.00913797341227
-0.001995648868963568,-183.30351335707226
-0.002011793764357939,-183.99720216407212
-0.0020158949411936233,-184.17235151921233
-0.002008435030225895,-183.42636042243947
-0.0019895068369365967,-181.53354109350965
-0.0019586549659807106,-178.44835399792103
-0.0019152499690498876,-174.10785430483875
-0.0018588577886045317,-168.46863626030316
-0.0017892749850011778,-161.51035589996775
-0.0017062744483023007,-153.21030223008003
-0.0016093833762884906,-143.52119502869903
-0.001498005597585128,-132.38341715836276
-0.0013718562006718035,-119.76847746703031
-0.0012312929872068416,-105.71215612053412
-0.0010774605607059475,-90.32891347044472
-0.0009124124546175555,-73.82410286160552
-0.000738808729657337,-56.463730365583665
-0.0005590155286897563,-38.4844102688256
-0.00037429512138285745,-20.012369538135715
-0.00018532353835312525,-1.1152112351625019
7.409353389354128e-06,18.12113040433819
0.0002027473771837058,37.37835535022013
0.0003981151423303276,56.160885738116875
0.0005917031132165883,74.09090879710402
0.0007840933723677176,91.06374911796316
0.0009761257022302506,107.02861518597369
0.0011673467182282196,121.86189093271956
0.0013558230498055184,135.38790654061802
0.0015386216656956002,147.44829328431217
0.001712381791446943,157.9519424571497
0.0018739815742215653,166.90065886677684
0.0020209792773901807,174.37940899584626
0.002151729153184607,180.52490949489894
0.0022652184160401145,185.49009095563036
0.002360798581888702,189.41758293125807
0.002438016978223183,192.42781769282152
0.0024966235876104957,194.61883549791696
0.0025363866746449127,196.0606502770689
0.0025570156547354175,196.79469126895594
0.0025583471308205305,196.8417447465286
0.002540402940974707,195.04732576194627
0.0025032257315281397,191.3296048172895
0.002446088867971782,185.61591846165373
0.0023687690675043647,177.883938414912
0.0022720213292788567,168.2091645923612
0.002157344546385013,156.74148630297682
0.0020265459381633164,143.66162548080717
0.001882040242559001,129.21105592037566
0.0017276011900618272,113.76715067065827
0.001566370993787355,97.64413104321103
0.001400164538074418,81.02348547191735
0.0012295104236818518,63.95807403266074
0.001054304797154115,46.43751137988705
0.0008741733993864872,28.424371603124282
0.0006886163101084599,9.868662675321557
0.0004968643264047813,-9.299285196898932
0.00029720815100214165,-29.103388718079778
8.861081226277576e-05,-49.35213017869458
-0.00012854298082666928,-69.66420817324394
-0.00035221732550197123,-89.49863571987801
-0.0005791032243089902,-108.2691758048211
-0.0008050293959193332,-125.46002901247144
-0.0010253714953049502,-140.70864748945863
-0.001236039925969746,-153.87362259519097
-0.001433871436026509,-165.0041307773935
-0.0016169544407387232,-174.28538515569275
-0.0017845236254975822,-181.96755110370856
-0.001936791294730488,-188.31563920694427
-0.0020746376420938202,-193.57608109765403
-0.0021992719772739562,-197.95977557706382
-0.00231197710974315,-201.63819139078262
-0.0024135280053917923,-204.73399962914328
-0.002503862230908228,-207.32349734875194
-0.002582211511527415,-209.45058190748924
-0.0026476246764250036,-211.14579444456754
-0.002698474722238538,-212.4148739737635
-0.0027324167758775134,-213.2389915692995
-0.0027464906719830216,-213.57542271795984
-0.002737645880332846,-212.69094355294226
-0.0027037047211430124,-209.2968276339589
-0.002644056454081741,-203.33200092783176
-0.002560469478817622,-194.97330340141986
-0.002456537854979803,-184.58014101763797
-0.002336116326671435,-172.5379881868012
-0.002201914773755598,-159.11783289521745
-0.0020551952671805053,-144.44588223770816
-0.00189608765215755,-128.53512073541265
-0.0017247892469529577,-111.40528021495341
-0.0015422320710531722,-93.14956262497488
-0.0013500556264929439,-73.93191816895204
-0.0011500541365431674,-53.931769173974395
-0.0009434688041901097,-33.273235938668634
-0.0007307905274240217,-12.005408262059838
-0.0005123335142851048,9.831614326452206
-0.00028911138462690296,31.940939553769834
-6.312574073815044e-05,53.75359694901156
0.00016274869472123946,74.64765822324071
0.00038564627837370133,94.10595497704408
0.0006040264542931365,111.85909375038618
0.0008166113909186955,127.77806189656975
0.0010217706545840384,141.81313106351257
0.0012174388436299126,153.97791901104418
0.0014012960503572843,164.3447116173534
0.0015707482229965638,173.0214246030535
0.001723021994426826,180.13509591152044
0.001855487402624353,185.8252481473106
0.001965826580305109,190.22987066866293
0.0020516205341342057,193.4544050106532
0.0021092600802828125,195.52630584103332
0.0021364741264393275,196.4788966333274
0.002133321647782744,196.02528984055212
0.0021022335254380414,192.91647760608183
0.0020472898505906867,187.42211012134638
0.0019734735414739264,180.04047920967034
0.0018856582345472051,171.25894851699823
0.00178725297875057,161.4184229373347
0.0016801463069885268,150.70775576113041
0.0015653489275612355,139.22801781840127
0.0014444663186909624,127.13975693137395
0.0013186380201942992,114.55692708170763
0.001187686487903352,101.46177385261291
0.0010504683070134621,87.73995576362391
0.0009052241760784907,73.21554267012678
0.0007503390911466887,57.72703417694657
0.0005842175309139987,41.114878153677566
0.00040833249030492147,23.52637409276985
0.0002280660068827782,5.499725750555525
5.0836269550387794e-05,-12.212027720754245
-0.00011614909607144692,-28.77829936005684
-0.00026669773836118354,-43.48409487491762
-0.0003941359649774483,-55.68091022395634
-0.0004957001948859936,-65.19445202235144
-0.0005732199317609761,-72.31389099936192
-0.000631853115109316,-77.60975932290755
-0.0006779420638051551,-81.71560759769791
-0.0007180306538134108,-85.24443512345668
-0.0007587340066148048,-88.78563645692657
-0.0008053443358630054,-92.78757113390803
-0.0008613674777449184,-97.52032629103306
-0.0009287176991527621,-103.09472357002632
-0.0010089773145245853,-109.56808742651064
-0.0011003746922378275,-116.70855707013529
-0.0011968443827067355,-123.97139079829954
-0.0012893683896027523,-130.66799456762115
-0.001368196415405785,-136.16318763459515
-0.001427057268108737,-140.13983637137403
-0.0014649612783766525,-142.64332174545166
-0.0014862225786614232,-144.02795378362805
-0.0015004417375611915,-144.9461047634451
-0.001515115511056562,-145.88700857700252
-0.0015319747736961791,-146.95977999017524
-0.001545880786287619,-147.8379872132401
-0.0015454880673370795,-147.79871531818617
-0.0015219258222966831,-145.44249081414654
-0.0014721542067616695,-140.46532926064518
-0.0013976614524438616,-133.0160538288644
-0.001300424780151566,-123.29238659963482
-0.0011812131986540676,-111.37122844988495
-0.0010389988588213276,-97.14979446661097
-0.0008734820658429827,-80.59811516877647
-0.0006891998702713877,-62.16989561161697
-0.0004952042120829327,-42.77032979277147
-0.0003034133569642084,-23.59124428089905
-0.0001240129038559151,-5.651198970069717
3.8797643154043194e-05,10.623093723009937
0.00018682600166856296,25.3380085367372
0.00032611051671995063,39.014182160976546
0.0004633184927811635,52.241234147702784
0.0006030907409153777,65.38720184473101
0.0007461847328336796,78.42872594577895
0.0008898024074714537,91.0283667989695
0.0010288153752121912,102.70539376690142
0.001156870487455353,112.9766347929503
0.0012672269436685894,121.43714321432736
0.0013513596981278811,127.63734578778053
0.001403829861273288,131.39323336393534
0.0014241728471015207,132.82636078951626
0.0014166423982137188,132.07331590073608
0.001389442937319708,129.353369811335
0.0013526067027641313,125.66974635577733
0.0013164584413262515,122.05492021198936
0.0012909150602913027,119.50058210849447
0.0012869016291186676,119.07045842275838
0.0013095124299991935,120.78132323688153
0.0013553234197197519,124.19970611635308
0.0014129300770937703,128.4065018755462
0.0014646242178808333,132.09390197206713
0.0014946837032439912,134.19980132578797
0.0014936564428559632,134.0970752869852
0.0014589711308747645,130.6285440888653
0.0013929051376127763,124.0219447626665
0.001301083391230329,114.83977012442176
0.0011911381948803174,103.84525048942061
0.001071823335251321,91.91376452652096
0.0009527842574762498,80.00985674901385
0.0008437078217547787,69.10221317686674
0.0007538207597130859,60.11350697269748
0.0006872600565345858,53.45743665484746
0.0006405850569084856,48.78993669223745
0.000603587678943749,45.09019889576379
0.0005628661346364169,41.018044465030584
0.0005059708043649765,35.32851143788655
0.00042475854937443246,27.20728593883214
0.0003174574776693641,16.477178768325306
0.00018795853401139655,3.5272844025285512
4.3364855987750916e-05,-10.923902175054925
-0.00010950996241193614,-26.11251901414799
-0.0002633608458081615,-41.18775773404823
-0.00041041130588255985,-55.2950670749936
-0.0005433552056091996,-67.71851978036298
-0.000656938252722488,-78.03729725868659
-0.0007491599378549967,-86.19124999391556
-0.0008218393814346456,-92.46491929674399
-0.0008804001151140373,-97.4172297779213
-0.0009322467430368644,-101.72266582023609
-0.0009838926659531848,-105.93565851524951
-0.001037872144775772,-110.25640590800904
-0.001093545095970923,-114.62256918584313
-0.0011480291695178959,-118.80543146484754
-0.0011970713642833746,-122.49333286146343
-0.0012359093416604734,-125.36152466906944
-0.0012602628214335727,-127.13628022371635
-0.0012669518253886746,-127.61844239762203
-0.0012542996528964014,-126.35322514839469
-0.0012222890924207348,-123.15216910082802
-0.0011731488245691857,-118.23814231567312
-0.0011116357213477276,-112.08683199352731
-0.0010429712784270138,-105.22038770145593
-0.0009709191173767134,-98.0151715964259
-0.0008980019814529852,-90.72345800405307
-0.0008259132612241342,-83.51458598116797
-0.0007559511738836882,-76.51837724712337
-0.0006902407041921527,-69.94733027796983
-0.0006288391307139344,-63.807172930148
-0.0005689388827174328,-57.81714813049784
-0.0005054189107149225,-51.46515093024681
-0.0004316876048586697,-44.092020344621524
-0.00034420977403648844,-35.344237262403404
-0.0002442117832569022,-25.344438184444776
-0.00013629804081218247,-14.553063939972807
-2.5502431631693482e-05,-3.4735030219239107
8.391587877924688e-05,7.466131061148409
0.0001886757685849398,17.911928651189847
0.0002871222676369909,27.66848391212012
0.00037882611892037525,36.67666838383328
0.0004633852290657521,44.892961431993264
0.0005399695435377585,52.244116984215374
0.0006078932537845149,58.68144602110754
0.0006669462264125512,64.20814820329414
0.0007190091062819514,69.02229924845219
0.0007678634533772174,73.48685879849698
0.0008172581260303621,77.94595461383052
0.0008689249678346881,82.54837501499675
0.00092194887703854,87.2031401500316
0.0009732126070633272,91.63480418133368
0.001019007197411359,95.53475661464076
0.0010565620826085919,98.69040920004903
0.0010849033191755119,101.04594389710962
0.00110471811426412,102.6793918002587
0.001118320421972657,103.79425289107823
0.0011300262593488368,104.74944218927794
0.001143022965704605,105.80535191984139
0.0011582214071060274,107.03394943677502
0.0011742446518294258,108.32195327417223
0.0011890670972203427,109.50675255953391
0.0012008474705789403,110.44378884347294
0.0012080060160736736,111.01119668150284
0.0012091005177806147,111.0978167451578
0.0012019584417814722,110.38360914524357
0.0011832567347164857,108.51343843874493
0.0011481473029946406,105.00249526656042
0.0010935673040067084,99.5444953677672
0.0010201458285514656,92.2023478222429
0.0009321996788870235,83.4077328557987
0.0008368311583384153,73.8708808009379
0.0007400394262129757,64.19170758839394
0.0006444751401373001,54.635278980826385
0.0005489708924945223,45.08485421654861
0.000449871095360953,35.17487450319167
0.0003432848885395998,24.516253821056356
0.00022645717918494268,12.833482885590644
9.772096978131164e-05,-0.04013374680675899
-4.547182913590501e-05,-14.341569043024741
-0.0002039112315551179,-30.043453895480496
-0.0003754992283038795,-46.757885133908786
-0.0005557215588243722,-63.82487197541677
-0.0007383720181229801,-80.45317061080155
-0.0009156507800185199,-95.82061344371147
-0.0010777429029673565,-109.12285465882243
-0.0012169209206273665,-119.9316061804695
-0.00132945335498117,-128.24036199162376
-0.0014158748852450306,-134.3548719429942
-0.0014798772092179957,-138.7329398002474
-0.001527131329370315,-141.8831793268228
-0.0015641828394154964,-144.30447249662552
-0.0015972264217665587,-146.4277471779996
-0.0016318622298707307,-148.61688687396597
-0.0016713809001285393,-151.0692365593055
-0.0017159667003039778,-153.77819347133033
-0.0017623653746098576,-156.5325859833459
-0.001804881310402916,-158.99896348414146
-0.001837042750210138,-160.8284009545112
-0.0018528122266391548,-161.71407180674615
-0.0018486274586333557,-161.2730743155015
-0.0018239010953512926,-158.80043798729517
-0.0017810306833482903,-154.51339678699497
-0.0017246847832529187,-148.8788067774578
-0.0016606689294565767,-142.4772213978236
-0.0015950483088193106,-135.915159334097
-0.0015332872604240956,-129.7390544945755
-0.0014803355466072596,-124.44388311289191
-0.0014377659358601016,-120.18692203817609
-0.00140270384087172,-116.68071253933795
-0.0013688547978015374,-113.29580823231967
-0.001328437375050074,-109.25406595717332
-0.0012738050710795184,-103.79083556011778
-0.0011980057727766405,-96.21090572982999
-0.0010978031135653137,-86.19063980869733
-0.0009744133267216118,-73.85166112432714
-0.000832716542569696,-59.68198270913556
-0.0006796627724703476,-44.37660569920071
-0.000523265962309183,-28.736924683084258
-0.0003723816655392688,-13.648495006092839
-0.0002338043600604915,0.2092009245669688
-0.00011103999203150975,12.472575099335396
-3.953201679989123e-06,23.11701174501409
9.06376199754769e-05,32.444151804448936
0.00017798949748855838,40.970266970038296
0.0002644114670956332,49.30255347876005
0.0003562624796040039,58.024822406887985
0.00045993499111359083,67.67865261693132
0.0005784960615132664,78.43653498066904
0.0007104295941516822,90.01122138173059
0.000849847422785862,101.74359144127138
0.0009880129260120545,112.82688412356097
0.0011155804868023778,122.55516621290383
0.0012245489014937564,130.46984853619432
0.001309260273443832,136.367537037186
0.0013657868869170245,140.17824588642583
0.0013938792847870626,142.0349308491498
0.0013971043618451174,142.24650572357854
0.0013818381702648535,140.71988656555217
0.00135575361074048,138.11143061311483
0.0013260633767181531,135.14240721088214
0.0012981536753374043,132.35143707280724
0.0012749544729813596,130.03151683720276
0.0012574243179742032,128.27850133648712
0.0012428200885795707,126.81807839702388
0.0012250674591418403,125.04281545325082
0.0011964908222048694,122.18515175955375
0.0011499626378504736,117.53233332411416
0.0010807603447410931,110.61210401317612
0.0009873523796063103,101.27130749969784
0.0008710358176186746,89.63965130093428
0.0007344344930080157,75.97951883986838
0.0005820418162584678,60.74025116491358
0.0004198106014245388,44.517129681520686
0.00025426629565587663,27.962699104654465
9.128306722906136e-05,11.664376261972944
-6.48762146011218e-05,-3.9508879779861523
-0.00021206468579000723,-18.633723664758506
-0.000350640962091849,-32.335427991845975
-0.00048290881883019846,-45.22208308281204
-0.0006118782512821971,-57.539064971634616
-0.0007394423618791845,-69.42146399013116
-0.0008670953163009568,-80.96117045126238
-0.000996175625020186,-92.22722332669589
-0.001127187554126378,-103.20838598664555
-0.0012593459708604444,-113.79061477041193
-0.0013910146513430321,-123.81545271322408
-0.0015209441131054785,-133.18576541713915
-0.0016469900235085812,-141.77327726101558
-0.0017661155347364124,-149.43345201615526
-0.0018750559205201315,-156.05399607890195
-0.001971286976450875,-161.60093648179583
-0.0020533116097309354,-166.1099858175397
-0.0021206264446571098,-169.66273307591996
-0.00217343871468042,-172.3585639289109
-0.002212052342298125,-174.2795034862621
-0.0022364904294926106,-175.47363745730877
-0.002246088013120131,-175.93806690363448
-0.002239716772040134,-175.30094279563477
-0.002216371208939778,-172.9663864855992
-0.0021755816613338447,-168.88743172500585
-0.0021174865702616413,-163.0779226177855
-0.002042377947451287,-155.56706033675007
-0.0019502706645069879,-146.3563320423202
-0.0018406582736020726,-135.39509295182864
-0.0017126915051872158,-122.59841611034295
-0.0015657128677937153,-107.90055237099293
-0.0013996819542973498,-91.29746102135637
-0.0012154108252794167,-72.87034811956306
-0.0010140660009553754,-52.735865687158935
-0.000797674559909378,-31.096721582559198
-0.0005690145262555695,-8.230718217178337
-0.0003311121684395597,15.532707159070858
-8.690408047617925e-05,39.581669272260115
0.00016116100083670974,63.18592750154215
0.00041107429715552614,85.70539525458408
0.0006610459926095872,106.6349393097006
0.0009090094011721006,125.6027580636715
0.0011535389514752054,142.45134843568565
0.0013941781694167925,157.21667061889383
0.001631738902574421,170.07887895196762
0.0018691465444624744,181.3300139463913
0.0021080765027445118,191.16613723784644
0.0023476703756401397,199.68005463015803
0.0025846319249278747,206.92284237646027
0.0028142960042186155,212.96433300065823
0.003031148029360568,217.90004809097803
0.0032296219090421794,221.84840680294178
0.0034046158122873174,224.9350064253545
0.0035515959388236046,227.274530798035
0.00366704971869102,228.96643537680043
0.0037484215905166708,230.08802809312382
0.0037938932572835304,230.69075346301773
0.0038013993078576786,230.63915732238996
0.0037704378807890387,227.54301461552598
0.003703116767952718,220.81090333189394
0.003603813821655757,210.8806087021978
0.0034780964141680167,198.30886795342377
0.003331484389299243,183.64766546654639
0.0031679132733372093,167.29055387034302
0.002987178157230561,149.21704225967824
0.002785448867610797,129.0441132977018
0.0025582055850052986,106.31978503715196
0.00230312629325957,80.8118558625791
0.0020209511504659518,52.59434158321729
0.0017139081853705337,21.890045073675488
0.0013853256841962135,-10.945564512858972
0.0010384314455924551,-44.948301297817224
0.0006760523702144853,-78.40589495863992
0.00030132199322183476,-109.61154791543004
-8.124750443639614e-05,-137.17827265409647
-0.0004654545872632163,-160.29913052245223
-0.000844263560972366,-178.85187628171872
-0.0012108702018064157,-193.25487084801085
-0.001560773187506945,-204.24308521689622
-0.0018924091133964234,-212.60736610607614
-0.002206376902501092,-219.0303303429669
-0.0025041845462081777,-224.0346758474074
-0.002787351639200484,-227.9980559238385
-0.003057469615219598,-231.19295769599432
-0.0033148515510430456,-233.80362562403582
-0.003558348497524636,-235.95423152754137
-0.0037854916322891804,-237.72921390139297
-0.003992940499953415,-239.1874436661018
-0.004176777661906596,-240.36960262522467
-0.0043326926999498324,-241.30226471712803
-0.004456715897705525,-242.0037335364932
-0.0045456754944794365,-242.48693567232593
-0.004597167348105806,-242.75954057045777
-0.004608847283410547,-242.73503854024784
-0.004580173736380549,-239.86768383724805
-0.004513338308579697,-233.18414105716278
-0.004412694888236571,-223.11979902285017
-0.004283987426240818,-210.2490528232749
-0.0041329521914178395,-195.14552934097705
-0.003963188475241584,-178.1691577233515
-0.0037747162207936013,-159.32193227855322
-0.0035651415783332333,-138.3644680325164
-0.0033323201741813904,-115.08232761733213
-0.0030764147332884326,-89.49178352803634
-0.0027986309644100677,-61.71340664019987
-0.00249892551036676,-31.742861235869103
-0.0021771919142589582,0.4258008177000018
-0.0018339777620454242,34.34898114989069
-0.0014718244621619726,68.41206239897981
-0.0010968015261116524,100.53447257934515
-0.0007158976554242279,129.01751331007202
-0.0003345942379128272,153.02944085207375
4.2462150625261315e-05,172.48989369059097
0.00041116881004356917,187.81656653609195
0.0007684272128706091,199.68255388609148
0.001112028711742835,208.80197466612123
0.0014412533649493823,215.82789065003354
0.001757192593019894,221.30435901879667
0.0020609831361388838,225.63450627459852
0.00235285320038632,229.10353902568514
0.0026316677191411853,231.9101433578487
0.0028949514280530103,234.19358076895577
0.003139361390292499,236.0539414987675
0.0033611626280193804,237.56419257132654
0.00355653379766517,238.77701764035743
0.003721411284956441,239.72741783194033
0.0038526809907427875,240.44222435402753
0.0039486953102311935,240.9439384030611
0.004009449872112515,241.25288911408472
0.00403651728593842,241.38851196313962
0.004032826349216269,240.83588589958225
0.004002819317174554,237.83518269541077
0.003951266166528281,232.67986763078343
0.0038823601456556204,225.78926554351736
0.003798831102012774,217.43636117923273
0.003699922917461379,207.54554272409325
0.003580434929000862,195.5967438780415
0.0034338701807545956,180.94026905341488
0.0032561774613538317,163.17099711333853
0.0030470077100614792,142.25402198410328
0.0028101142292472213,118.56467390267748
0.0025510572065011814,92.6589716280735
0.0022746292784218206,65.01617882013743
0.001983708860294814,35.924137007436755
0.0016802423166720189,5.57748264515725
0.001367123204059245,-25.570509740722443
0.001049577986430847,-56.14093799476786
0.000735271631799332,-84.4932894433171
0.0004311762523000911,-109.4936403920477
0.00014099502947459793,-130.78745879053818
-0.00013578304578122682,-148.65827143007928
-0.00040267931395836134,-163.67048167948903
-0.0006639196223737277,-176.37069224605185
-0.0009224143793525243,-187.15879488955747
-0.0011787773225232863,-196.2943145250912
-0.001431710631994697,-203.96698880469296
-0.001677833220475675,-210.32506504757146
-0.0019123500440798229,-215.50901988899318
-0.002129967502094573,-219.66443332225856
-0.002325659823471861,-222.93709874482045
-0.0024953166359298813,-225.46465857685592
-0.0026359453956337968,-227.36699983105453
-0.0027459866640595007,-228.7457792868082
-0.0028253242254612674,-229.6848055701879
-0.002875040403831409,-230.25111350306005
-0.002897124815749511,-230.49741166928862
-0.00289399209635203,-230.05722454471004
-0.0028682205659754352,-227.48007150705058
-0.0028223636271678507,-222.89437762629214
-0.002758578094725201,-216.51582438202718
-0.0026773579158157843,-208.3938064910855
-0.0025755314739908126,-198.2111623085883
-0.002448867324389158,-185.54474734842287
-0.0022946150058977756,-170.11951549928463
-0.0021130446748557855,-151.96248239508563
-0.0019072785078836137,-131.38586569786847
-0.0016823218964068494,-108.89020455019202
-0.001443596408126017,-85.0176557221088
-0.0011962412570076899,-60.28214061027608
-0.0009454279558921153,-35.20081049871863
-0.0006957175671016124,-10.229771619668343
-0.0004509458388409176,14.225373873488136
-0.00021447033374265005,37.54480206427102
1.0539879660372905e-05,59.067331464513
0.00022280450764732996,78.48200470281404
0.0004233261553186481,95.82819354636432
0.0006149956611039023,111.37515258461659
0.0008010661271511536,125.42346209448475
0.0009840182267739318,138.19337731335693
0.001164931685349574,149.79405992065904
0.0013429582234696135,160.22565827403685
0.0015159045045254774,169.45370526491973
0.0016812237037456671,177.47727753495704
0.001837944417631142,184.40270470704996
0.0019847434112758473,190.3248997580808
0.002119197050498612,195.30010792515313
0.0022374417345321224,199.3432233921063
0.0023335072934412976,202.4125425020093
0.0024032800220050747,204.52686787553102
0.002446137517920068,205.77949565388238
0.0024645427969097102,206.30694539988772
0.0024624183535998973,206.00618643437298
0.002444613493532691,204.2257004276523
0.002417345591167504,201.4989101911336
0.0023845821525402067,198.2225663284039
0.0023466320427551843,194.42755534990164
0.0022999313171867355,189.75748279305677
0.002239157237100638,183.68007478444704
0.002159434865963625,175.70783767074573
0.002057059053381077,165.4702564124909
0.0019292574900645107,152.6901000808343
0.0017719914898095955,136.9635000553428
0.001583195149272594,118.08386600164262
0.0013644703470614163,96.21138578052486
0.0011213212911740178,71.89648019178502
0.0008625006265108266,46.01441372546589
0.0005989308096361393,19.65743203799716
0.00034296011208194486,-5.935893427310917
0.00010349171275397124,-29.71497508858299
-0.00011603773518635023,-51.006336192303735
-0.0003174631237566881,-69.83532817449729
-0.0005062099196697077,-86.67508886349178
-0.0006882638648774957,-102.05018654470337
-0.000868713335586559,-116.35952292460499
-0.0010509991586189467,-129.81605771356382
-0.0012372046046997688,-142.49597362852853
-0.0014274615710318647,-154.33674549417455
-0.0016196347857803798,-165.17643170677567
-0.001809249611965644,-174.81256219897435
-0.0019894909303990534,-183.0507573323407
-0.0021527750471950946,-189.78861158887347
-0.0022926250295438135,-195.0484502436837
-0.0024043076747219633,-198.93209646368595
-0.002485791853956272,-201.59800559122448
-0.002537902298920168,-203.2319695908658
-0.002563927108574409,-204.02788556799734
-0.002568299581567225,-204.16031450110688
-0.0025552879488699716,-202.85915123138156
-0.0025283818818919272,-200.16854453357712
-0.0024894678857608665,-196.27714492047104
-0.0024379440628015015,-191.12476262453453
-0.002369114598389696,-184.241816183354
-0.0022772072784247983,-175.05108418686422
-0.0021579857532040654,-163.12893166479094
-0.0020100926525131327,-148.33962159569765
-0.0018350999096602724,-130.84034731041163
-0.0016369429972747753,-111.02465607186193
-0.0014208727385974739,-89.41763020413177
-0.0011928823830218418,-66.61859464656857
-0.0009595566693167381,-43.2860232760582
-0.0007274807001056726,-20.07842635495167
-0.0005028101793059607,2.3875979032220758
-0.00029092609439804103,23.485994406126697
-9.678566395560636e-05,42.4937818253565
7.812344088686758e-05,59.15887825424037
0.00023631075193063767,73.7268875721579
0.00038292401470639147,86.7168192238882
0.0005232404989836865,98.62901274069436
0.0006613929496714788,109.81885449928913
0.0008002548569767837,120.49732116563067
0.0009402827213085822,130.6678042269706
0.0010801063596610706,140.21427615827474
0.0012161584055833644,148.9176125432916
0.0013427654551428408,156.50307537961686
0.0014563610610009356,162.89545677153308
0.001559192337298779,168.35303921548726
0.0016531831247065683,173.07541160281684
0.0017352238681439072,176.995655497786
0.0018010848188783207,180.01046573435394
0.0018489206596029489,182.12809360224796
0.0018796091839828187,183.4553021060695
0.001895908148746287,184.15036646398104
0.0019010093228522878,184.3665136468178
0.00189675886384364,183.94146774595302
0.001882900673612014,182.5556487227904
0.0018571122190819075,179.9768032697798
0.0018156146798111966,175.8270493427087
0.0017537446698337887,169.6400483449679
0.0016690183580235242,161.16741716394145
0.0015620716758689352,150.47274894848255
0.0014362642600023177,137.89200736182076
0.0012962314402161657,123.8887253832056
0.0011464900086204431,108.91458222363333
0.0009910231181514517,93.3678931767342
0.0008332198383371279,77.58756519530183
0.0006767864042118066,61.94422178276969
0.0005267013843097754,46.935719792566566
0.0003898713935668478,33.252720718273814
0.0002713869705838679,21.40427841997583
0.00017229251815560376,11.494833177149419
8.971966432820485e-05,3.2375477944095277
1.885108844939259e-05,-3.848937253401336
-4.502246590350348e-05,-10.230265439549187
-0.00010485916448373208,-16.195386545084453
-0.0001615887371873863,-21.832555272434867
-0.0002148597607543337,-27.104424657709426
-0.00026407595244262407,-31.952038742597875
-0.0003094278521815141,-36.396122084486066
-0.0003517446195861319,-40.52032479386295
-0.00039204237779656806,-44.42542673831197
-0.0004312766204362675,-48.20465269510147
-0.0004709899505035961,-52.00529581058052
-0.0005117866161912459,-55.88186139859718
-0.0005532359227960801,-59.78974444457378
-0.0005946157877225901,-63.658357008996006
-0.0006354493761603576,-67.44209323670404
-0.0006755797373576569,-71.12633851232108
-0.0007145442412089105,-74.6695557213899
-0.000750476790272442,-77.90623221406243
-0.0007789347374346127,-80.44796024966767
-0.0007953330679058939,-81.90368295167949
-0.0007965906586914645,-81.99870277593953
-0.0007817601964185565,-80.5156565486487
-0.0007517226833981752,-77.51190524661058
-0.0007091281526700449,-73.25245217379756
-0.0006583554705509055,-68.17518396188363
-0.0006032734021142441,-62.66697711821749
-0.0005461411103419005,-56.95374794098313
-0.0004872750594565063,-51.0671428524437
-0.00042591630494487765,-44.93126740128084
-0.00036163300389915757,-38.502937296708836
-0.0002949697278189563,-31.83660968868871
-0.00022708627042849686,-25.048263949642763
-0.0001587850013995286,-18.218137046745937
-9.040344038421637e-05,-11.379980945214715
-2.196967627683137e-05,-4.536604534476216
4.590665469100237e-05,2.2509372472114544
0.00011145854305262825,8.802410225520788
0.00017142830605165643,14.785068785902448
0.00022151409658312363,19.768260218890717
0.0002583594729196334,23.42370336143668
0.00028102744043132215,25.667400144193138
0.0002907541424890477,26.62882482943222
0.00028942041372189114,26.495451952716564
0.0002802303676358143,25.576447344108878
0.00026740160210000414,24.293570790527863
0.0002553792438541241,23.091334965939865
0.0002484716341940375,22.400573999931204
0.000249320061351397,22.484694907252827
0.00025838858986059474,23.38348887424315
0.00027420700456380674,24.949713116730834
0.00029355699734225874,26.862748336433004
0.00031401693525744546,28.881849997644753
0.0003358444685447761,31.03145162881889
0.00035913588994273665,33.319772288081744
0.00038241480131850713,35.60085499057272
0.00040264362394028903,37.57787748694671
0.00041659752496790345,38.93868243084865
0.0004219604665945345,39.46102253153066
0.0004177783101585766,39.04280688793487
0.00040474305038476537,37.739280910553745
0.0003840785562771112,35.67283149978833
0.000356173398143292,32.88231568640641
0.0003187365697681304,29.138632848890246
0.0002701158510242813,24.27656097450534
0.000211452047794504,18.41018065152761
0.00014707063448299358,11.972039320376567
8.473197198871868e-05,5.738173070949077
3.0573183632149194e-05,0.3222942352921276
-1.3388693813602703e-05,-4.073486542822224
-4.8590162444404324e-05,-7.591475663699292
-7.777250370562219e-05,-10.505535088144775
-0.0001037962505056166,-13.101630484574999
-0.0001300636252891733,-15.718957694999087
-0.00015811661024059376,-18.510114200240324
-0.00018768409702001653,-21.446589294770494
-0.00021777932207726658,-24.428951311592233
-0.0002477388643524537,-27.39044902866508
-0.0002765165902519033,-30.227343630577465
-0.0003008575489279648,-32.62033832393767
-0.00031701691910981786,-34.2054465746329
-0.0003216786861718471,-34.66218118872027
-0.0003127233833303597,-33.76665090457153
-0.0002897677609837856,-31.47108866991412
-0.0002547883941892051,-27.973151990456067
-0.00021204111370287846,-23.698423941823407
-0.00016713718492881468,-19.20803106441703
-0.00012571630257877085,-15.065942829412647
-9.213333296701428e-05,-11.70764586823699
-6.863345452487452e-05,-9.357658024023014
-5.497802736322067e-05,-7.992115307857628
-4.8782561216375166e-05,-7.372568693173078
-4.663675224700598e-05,-7.157987796236159
-4.565037658218912e-05,-7.0593502297544735
-4.282757741092261e-05,-6.7770703126278224
-3.513027830170668e-05,-6.007340401706229
-2.0147556639661145e-05,-4.509068235501676
3.071479730290303e-06,-2.1871645985065316
3.392584012353873e-05,0.8982655445144233
7.110193101075561e-05,4.615347846142382
0.00011160529434292155,8.662624172575093
0.0001513718342425112,12.631633586038944
0.0001863470662657805,16.11693891595091
0.00021366198845989136,18.834342464458445
0.0002323428354682682,20.690109320805238
0.00024292352090430694,21.740137838090526
0.00024666513021310557,22.111261839197397
0.00024388145069383703,21.83289388727054
0.00023519024699146293,20.963773517033133
0.00022210045071889328,19.65479388977617
0.00020663246663685695,18.107995481572537
0.00019088836773222304,16.533585591109144
0.00017671043971408053,15.115792789294897
0.00016600925894137014,14.045674712023857
0.00015924849508791814,13.369598326678656
0.00015516521850738338,12.96127066862518
0.00015131886850524597,12.57663566841144
0.0001444651947806804,11.89126829595488
0.00013288964427308082,10.733713245194926
0.00011713467793984449,9.15821661187129
9.929582035263042e-05,7.374330853149885
8.18653813591207e-05,5.631286953798913
6.716675597930705e-05,4.161424415817548
5.7863219322470516e-05,3.2310707501338936
5.5726715761613656e-05,3.017420394048208
6.153723087366166e-05,3.598368610504824
7.508409248693554e-05,4.95264555133581
9.485639189407065e-05,6.928709250923923
0.00011901167191645122,9.34155132752946
0.00014551568235875344,11.986875968660915
0.00017215768751643626,14.643112747332996
0.00019652879940630386,17.069887399606785
0.0002171529928593658,19.120911222271058
0.00023498254838920653,20.89182016287729
0.00025189086944055504,22.569168210571583
0.0002699493943624554,24.358222079392363
0.0002907253659697138,26.413184505310994
0.0003151453630743953,28.823676076512736
0.000342892188514072,31.55556079671542
0.00037211040621451763,34.42355005108681
0.0003999764068313203,37.149724400127226
0.00042308833412334896,39.403582760849815
0.00043778668986363856,40.83336477833579
0.000439714522247878,41.02068105108567
0.000426579554933246,39.70718431962246
0.0003993218432583805,36.98141315213591
0.00036129865570249666,33.17909439654753
0.0003168834239921753,28.737571225515392
0.00027073629892612625,24.12285871891049
0.0002277754011839987,19.826768944697733
0.00019119011217147544,16.16824004344541
0.00016185397018575164,13.234625844873031
0.00013863627231318665,10.912856057616532
0.00011918998619481058,8.968227445778924
0.00010034345539292694,7.08357436559056
7.84710690368442e-05,4.896335729982287
5.0116266487845956e-05,2.0608554750824637
1.253267529570933e-05,-1.6974695604487016
-3.58419886938922e-05,-6.533319711374468
-9.552192890439584e-05,-12.491651340018812
-0.0001645856644160786,-19.36741226760047
-0.00023868968964327165,-26.709822238132467
-0.00031225423281150855,-33.94995956505796
-0.00038011534666923644,-40.57466955607078
-0.00043888044408197887,-46.261820815799815
-0.00048738879168891327,-50.91715898638912
-0.0005262145271386495,-54.61535842585911
-0.0005562426524989789,-57.4574424866623
-0.0005792313939461754,-59.62207660633543
-0.0005978047787900394,-61.363628372420116
-0.0006148720003079295,-62.95802467717476
-0.0006330450399033676,-64.64933815057734
-0.0006539305799839071,-66.58477181977263
-0.0006777049675404888,-68.77680606940791
-0.0007034730037989914,-71.13895063798712
-0.000730199969203954,-73.57352407230836
-0.0007559175436099955,-75.90088117675954
-0.0007778547264072768,-77.8740078996176
-0.0007929112694921628,-79.2216808351161
-0.0007983186708750973,-79.70436050431461
-0.0007929305976636737,-79.16555318317225
-0.0007779070220524243,-77.6631956220473
-0.0007553816068001744,-75.41065409682231
-0.0007271460337217263,-72.5870967889775
-0.0006937006139143415,-69.242554808239
-0.0006532458301838328,-65.19707643518815
-0.0006046550252664065,-60.33799594344551
-0.0005487612996143878,-54.74862337824365
-0.00048806676029694313,-48.67916944649918
-0.00042551375595296036,-42.42386901210091
-0.0003633222676695799,-36.20472018376286
-0.0003025629063410483,-30.1287840509097
-0.000243913336476811,-24.263827064485966
-0.00018980453072504392,-18.852946489309257
-0.000142199763350991,-14.092469751903966
-0.00010164146221720377,-10.036639638525244
-6.722681706182119e-05,-6.595175122986987
-3.6875811023143604e-05,-3.5600745191192287
-8.065198657323562e-06,-0.6790132825372241
2.1648373269582954e-05,2.2922773701820427
5.4756555992001376e-05,5.6021652119721566
9.46600342506732e-05,9.588504150884251
0.00014263791221173598,14.374414997391353
0.0001962312049292587,19.707049078202317
0.00025137334921462797,25.173792533637375
0.00030433393512641527,30.400095944042302
0.0003526439960209079,35.14271837840741
0.0003951436317441609,39.29248719904493
0.000431862045131607,42.85894487944012
0.00046378290661781764,45.94401924497275
0.0004919779898845225,48.656288609325934
0.000517407690356989,51.09174486792368
0.0005413003087909246,53.37023381977517
0.0005654151405333104,55.659934774981416
0.0005914285650509268,58.11822919121893
0.0006199766346588459,60.80155784177864
0.0006502377390680221,63.62868968158013
0.0006798347848713606,66.37598972192825
0.0007054927735758054,68.74291889219106
0.0007243692260726219,70.47527228458242
0.0007339985291926419,71.35599335679721
0.0007326474784078451,71.22088827831755
0.0007193902999030368,69.8951704278367
0.0006936923836083106,67.32537879836408
0.0006563673016619061,63.59287060372363
0.0006094082919634595,58.89696963387897
0.0005555322093324035,53.50936137077337
0.000497226692687075,47.67880970624052
0.0004364353851605,41.59967895358302
0.00037447396965212867,35.40353740274589
0.0003120493542933083,29.161075866863854
0.0002496012541856313,22.916265856096157
0.00018771355536836447,16.72749597436947
0.00012785261966167123,10.741402403700148
7.0818456228735e-05,5.037986060406526
1.6170507859791896e-05,-0.42680505732688695
-3.767736735660854e-05,-5.8104441628493255
-9.310810314239637e-05,-11.346236728187135
-0.00015162821889664347,-17.17754213658423
-0.0002132778076882654,-23.298961545130094
-0.00027688269141943917,-29.583113424147673
-0.00034100754530001765,-35.877983363251204
-0.00040457302454295375,-42.06951215130607
-0.00046718423122882617,-48.11332713419948
-0.0005286067016869068,-53.98260935820084
-0.0005881499684991161,-59.60962961108291
-0.0006445454196953237,-64.87710954088755
-0.0006961495104521896,-69.64023018151765
-0.0007415854678008016,-73.78636437305062
-0.0007802114411600062,-77.27431049930918
-0.0008124827991306207,-80.16157318087227
-0.0008397722191036005,-82.58348430837547
-0.0008632001555186264,-84.64802174025243
-0.000882453543841372,-86.33435828542976
-0.0008970098690643741,-87.60302437297378
-0.0009077595171987083,-88.53641457971861
-0.0009148182320648824,-89.14769133614654
-0.0009164806347423214,-89.29146469383942
-0.000909994477871572,-88.64284900676448
-0.0008927782794108974,-86.92122916069702
-0.0008625458838134667,-83.89798960095395
-0.0008165751988150425,-79.30092110111153
-0.0007539009009444045,-73.03349131404774
-0.0006757329327796935,-65.21669449757663
-0.0005848372336675306,-56.12712458636034
-0.00048437166790252467,-46.080568009859746
-0.0003775923397422714,-35.40263519383442
-0.0002678327647607344,-24.426677695680716
-0.00015833003130734998,-13.476404350342275
-5.2224546742631414e-05,-2.86585589387042
4.7752380968184604e-05,7.129814933319884
0.00013940522903429394,16.27239830647997
0.00022213601387679362,24.485824423909584
0.00029720951178506435,31.890621791055764
0.00036698360481974505,38.71908995421782
0.00043380887077553625,45.20052327151008
0.0004990039375772588,51.46007823836161
0.0005623123671681992,57.4706482670089
0.0006222590004577729,63.09411264537882
0.00067661773992898,68.1315170911466
0.0007234174104236911,72.41818340945207
0.0007613005335461384,75.85236606931765
0.0007900437300884392,78.43585154231829
0.0008109450306913174,80.30217762851872
0.0008252015674002708,81.56911890778187
0.0008333651188735229,82.29235402912538
0.0008355106640613901,82.48216245763281
0.0008320049629924412,82.13159235073793
0.000823549301750667,81.28602622656051
0.0008108700625306072,80.01810230455452
0.0007941104810423386,78.34214415572765
0.0007720875352486481,76.13984957635861
0.0007422228889325778,73.15338494475158
0.0007005590984645132,68.98700589794512
0.000644085148599272,63.33961091142099
0.0005720831278115353,56.13940883264733
0.0004862989941146914,47.56099546296294
0.0003902942782598585,37.960523877479645
0.0002876878635686775,27.699882408361553
0.00018070985201185474,17.00208125267928
7.153924655014949e-05,6.085020706508751
-3.576422784981415e-05,-4.6446610808387065
-0.0001385242598783947,-14.90231697535682
-0.00023767640764730792,-24.749643932705307
-0.00033547425800415005,-34.38240594274612
-0.0004336895336716289,-43.946052139211204
-0.0005331794058026748,-53.491767907966256
-0.0006339993601596608,-62.99065844555016
-0.0007354636230477616,-72.34588685483484
-0.0008361758977694148,-81.40464384544636
-0.0009344746488046988,-90.00749341670351
-0.0010285402049156243,-98.00284060841533
-0.0011163514580479132,-105.24583184153477
-0.0011957321002869707,-111.60254107584659
-0.001264809315606623,-116.98241357791072
-0.001322575058502333,-121.37077228445996
-0.0013692946218649112,-124.8453701164575
-0.0014067601290062967,-127.58313146234977
-0.001437518075177027,-129.79824000960875
-0.0014640657995951612,-131.68649459881163
-0.0014882466309336705,-133.38729167899484
-0.00151088894076777,-134.9633340485517
-0.001531555428083952,-136.38786894725163
-0.0015486786054306914,-137.5580527349746
-0.0015599848883604294,-138.32569041690272
-0.0015630566691767613,-138.5335578986359
-0.001556056336613698,-137.83352464232954
-0.001538284625729408,-136.05635355390055
-0.0015094482757397544,-133.1727185549352
-0.001469247969271449,-129.15268790810464
-0.0014173402795695938,-123.96191893791914
-0.0013536482905759965,-117.59272003855939
-0.001278478427433846,-110.07573372434433
-0.0011924340387952114,-101.47129486048088
-0.0010962843355584765,-91.85632453680739
-0.000990552923565714,-81.28318333753114
-0.0008749529136746397,-69.7231823484237
-0.0007477238961426646,-57.0002805952262
-0.000607612619169503,-42.98915289791005
-0.00045497597668518313,-27.725488649478066
-0.0002919461913040047,-11.422510111360223
-0.000121813296825099,5.588961193610562
5.163599494956232e-05,22.86205758389134
0.00022474872060360512,39.866023579547075
0.0003943823808582949,56.14249255261876
0.0005577993780942318,71.33053990347874
0.0007127447054321386,85.18626017623444
0.0008574531082201253,97.57886727364894
0.0009906136638423934,108.47175494789711
0.0011111914708176736,117.88805344046004
0.0012191247375029112,125.9434051498841
0.0013153979995187187,132.82487174383195
0.0014014160593028453,138.72884399629604
0.0014782511321250926,143.80700174273656
0.0015462001188184503,148.14450058250404
0.0016046770705012714,151.76271439538766
0.001652378884970872,154.63621408581753
0.0016877194533351045,156.72019724555625
0.0017094931717189395,157.98525303344323
0.001717349140489851,158.43816055912134
0.0017117605283480369,157.87929934493994
0.0016937177216917833,156.07501867931458
0.0016645022727486008,153.15347378499632
0.0016253945294257086,149.2426994527071
0.0015774700942055861,144.45025593069485
0.0015216501553548274,138.868262045619
0.0014588499394390065,132.5882404540369
0.0013902225718537093,125.72550369550719
0.0013163348662214528,118.33673313228154
0.0012367605530551795,110.37930181565422
0.0011502481135695088,101.72805786708714
0.0010552439246226493,92.2276389724012
0.0009503173563043431,81.73498214057058
0.0008342282496429273,70.126071474429
0.0007071143390232793,57.41468041246419
0.0005706493345353815,43.76817996367441
0.00042759291154613596,29.46253766474986
0.0002809973480303317,14.802981313169434
0.00013390615675807138,0.09386638528391572
-1.044916018959024e-05,-14.323490280606041
-0.00014964332754468604,-28.128228555804082
-0.000282202948466292,-41.10430403831535
-0.00040762684371752674,-53.16196147215151
-0.0005261211304646486,-64.30480207240068
-0.0006383953065800552,-74.59971319214924
-0.0007455504043597415,-84.15586489496856
-0.0008488723464078293,-93.09744895941999
-0.0009500438155355829,-101.57504842037012
-0.001049680773562037,-109.64096382214274
-0.0011467188664360025,-117.21577074938025
-0.0012386651321810676,-124.13038886653852
-0.0013221866455691185,-130.18586358824754
-0.0013937059601164888,-135.1987506841154
-0.001449481523351526,-138.99726148458163
-0.0014874616352599376,-141.52818300817583
-0.0015078894648314124,-142.87081684063432
-0.0015128061295120285,-143.1920232236575
-0.0015052415316914919,-142.43556344160382
-0.0014887159954172875,-140.78300981418337
-0.0014672966415139777,-138.6410744238524
-0.001443853713005372,-136.29678157299182
-0.0014193081287402548,-133.8422231464801
-0.0013928548045123437,-131.196890723689
-0.0013626024465471162,-128.17165492716626
-0.0013260505268583678,-124.5164629582914
-0.0012801726886133343,-119.92867913378805
-0.0012221668299508142,-114.12809326753604
-0.0011498497830441424,-106.89638857686887
-0.001062167535722603,-98.12816384471492
-0.0009595524815268318,-87.8666584251378
-0.0008441145460539779,-76.32286487785242
-0.000719459542832594,-63.85736455571403
-0.0005899746079508009,-50.90887106753472
-0.00045991377083362886,-37.90278735581752
-0.0003324973337151395,-25.161143643968586
-0.00020936661519473635,-12.84807179192827
-9.056790497048267e-05,-0.9682007695029038
2.5031338674021954e-05,10.58451965181033
0.00013911739497128977,21.938114927958193
0.0002532622882047194,33.200261371370964
0.0003684648195632221,44.419512853169536
0.0004848279651604327,55.5544695366976
0.0006016074170377985,66.48542049534582
0.0007173030893474092,77.03421662003348
0.0008298117599032604,86.99125730672856
0.000936714463417242,96.15164445056907
0.001035548589805295,104.34257556498275
0.0011242631856067035,111.45644240314967
0.0012015445538010997,117.46365850897223
0.0012670518299783982,122.41422814873061
0.0013214666691361023,126.42647727952034
0.0013662380970650455,129.6590160397756
0.0014031663993747758,132.27838631923527
0.0014338637761863915,134.42343046042174
0.001459409617831642,136.18606686092068
0.001480161420406222,137.60290617158222
0.0014958485764710115,138.6650188963237
0.0015060361495325449,139.35065682332655
0.0015096197481552613,139.59106661311787
0.0015049552793556932,139.12461973316104
0.0014902788729450733,137.65697909209908
0.0014642077194853835,135.04986374613011
0.001425965184982727,131.22561029586444
0.0013753068498651322,126.15977678410496
0.0013125598578110612,119.88507757869787
0.0012383888322228826,112.46797501988001
0.0011535725673332815,103.98634853091991
0.0010585180075034701,94.48089254793878
0.0009541352972765853,84.0426215252503
0.000842172396840265,72.84633148161826
0.0007247205566911915,61.10114746671091
0.0006036617222977296,48.99526402736472
0.0004805930053834693,36.688392335938694
0.0003573797285331394,24.36706465090571
0.0002349747631001617,12.12656810760794
0.00011323279519565587,-0.047623181174438235
-8.463368353271947e-06,-12.205996171094005
-0.0001304776573340769,-24.332883986097407
-0.00025311926445685117,-36.39763703565247
-0.0003774561798821122,-48.441893607976255
-0.0005038834253958245,-60.43676930489043
-0.0006317472420944826,-72.25411480310768
-0.0007594186522093123,-83.68899538835429
-0.0008848238162948552,-94.52469698893532
-0.0010055248419605846,-104.55163200990809
-0.0011188643800740439,-113.58636614664013
-0.0012222150407365671,-121.4906653490858
-0.0013130505790839133,-128.16808547218957
-0.001389473448363336,-133.5878733567774
-0.0014504376302824046,-137.78069826650022
-0.0014956698554779973,-140.8164787109513
-0.001525091510187383,-142.75680713092677
-0.0015395633537369099,-143.70129501264736
-0.001540982396760012,-143.76615574241683
-0.0015315342794268245,-142.82134400909808
-0.001512968070855743,-140.96472315198992
-0.0014862082905381488,-138.2887451202305
-0.0014511139377570681,-134.77930984212244
-0.0014067643751658177,-130.3443535829974
-0.0013520346698744205,-124.87138305385767
-0.0012864072743397467,-118.3086435003903
-0.0012103834682607633,-110.70626289249196
-0.0011252621300334679,-102.19412906976241
-0.0010327887433674396,-92.9467904031596
-0.0009350202827438686,-83.1699443408025
-0.000834818629641558,-73.14977903057144
-0.000734399787349535,-63.10789480136915
-0.0006348322653707803,-53.15114260349367
-0.0005364599577458437,-43.313911841000014
-0.0004393428876384232,-33.60220483025797
-0.00034319925875534916,-23.987841941950563
-0.00024695609454138747,-14.363525520554395
-0.0001494614985043094,-4.614065916846589
-4.990526736797139e-05,5.340600228147264
5.217966298941398e-05,15.527505558096792
0.00015688236052292787,25.917302543416728
0.00026341214224040465,36.389131658139775
0.0003696105314588321,46.69093408516599
0.0004734928054262959,56.60086073564349
0.0005746888272779053,66.06561506635073
0.0006730932452312684,75.06523595217263
0.0007681943910526203,83.55093365589534
0.0008590507987943698,91.4472246783053
0.0009447324296127244,98.69314414421966
0.001024407698640092,105.24790587800142
0.0010973366675953468,111.0873025658156
0.0011628520934590782,116.19895617471596
0.0012200247890802004,120.5540000232294
0.0012674426031702845,124.09028496346676
0.0013028712982277304,126.68727949122793
0.0013241977325173565,128.23182652263748
0.001330115463830269,128.65604408228356
0.0013202949252994459,127.67399022920124
0.0012954571573722447,125.19021343648112
0.0012569475097534322,121.33924867459986
0.001206195573844297,116.26405508368634
0.0011445469237998118,110.09919007923783
0.0010732296284049086,102.9674605397475
0.0009933009848281911,94.97459618207576
0.0009052821968971551,86.17271738897216
0.0008101488894195311,76.65938664120975
0.0007096046370434724,66.6049614036039
0.0006055902734861879,56.20352504787544
0.0004998294241071624,45.62744010997288
0.00039390532679286133,35.03503037854278
0.0002900366783615349,24.648165535410136
0.00018993206719515463,14.63770441877211
9.446985677080012e-05,5.09148337633666
3.99942653863141e-06,-3.9551306525148977
-8.133949714584642e-05,-12.478019026528676
-0.000161693056263008,-20.474931912262996
-0.0002376787669221866,-27.996141684439113
-0.0003104096644272785,-35.14438613953893
-0.0003813727192804092,-42.05918063738538
-0.0004520276220001037,-48.87446737253803
-0.0005233946063358776,-55.677566021973014
-0.0005956390681064686,-62.47127269002839
-0.0006680099665333482,-69.17321422536344
-0.0007393638432318373,-75.67046007260963
-0.0008091815614450211,-81.9137752474846
-0.0008765506504933099,-87.82462162434149
-0.0009398833291617578,-93.27454501144577
-0.0009971344492279953,-98.1084889035789
-0.0010462234812312734,-102.18101780299985
-0.0010854503154711379,-105.38627880609639
-0.0011136254443191722,-107.66114321844779
-0.0011297466451542842,-108.95237525708527
-0.0011321014509528009,-109.12370207767412
-0.0011196210255044756,-107.8756595328416
-0.0010924113075577678,-105.15468773817082
-0.0010516153302100866,-101.0750900034027
-0.000998923074913408,-95.80586447373484
-0.0009361557668517217,-89.52913366756621
-0.000865000762150295,-82.41363319742354
-0.000786919986755402,-74.60555565793425
-0.0007033211054829464,-66.24566753068869
-0.0006156688931072761,-57.48044629312166
-0.0005255210602740963,-48.465663009803684
-0.0004342779046467568,-39.34134744706974
-0.0003429462935551435,-30.2081863379084
-0.0002522881454994571,-21.142371532339755
-0.0001632067423112095,-12.234231213514999
-7.655404085066764e-05,-3.5689610674608154
6.808446708459178e-06,4.766672132269171
8.594799194385324e-05,12.669395279042554
0.0001598392405407901,20.023848511027264
0.00022754950046722144,26.730829983183657
0.0002884736747990185,32.73058848439295
0.0003424959252574701,38.016855502978586
0.0003900767956371693,42.642427846239464
0.00043198557161065114,46.69030488274366
0.0004690020796115593,50.243363346575194
0.0005018244151266783,53.37513472293554
0.0005309860850584167,56.14203929580244
0.000556763266821923,58.57504842122229
0.0005790129022105179,60.66510579863577
0.0005974994747138346,62.394409263022226
0.0006119855004695997,63.74476727790259
0.0006222700079218533,64.70090520201883
0.0006281314176748729,65.24486910948869
0.0006293153765854469,65.3546599953743
0.0006255770081012023,64.98082314694985
0.0006169212303794516,64.11524537477477
0.0006039609857348177,62.81922091031139
0.0005872233809099088,61.145460427820495
0.0005667946735215133,59.10258968898095
0.0005423450076238486,56.65762309921447
0.000513337108392434,53.756833176073016
0.00047932173295271946,50.35529563210156
0.0004401496556585733,46.43808790268694
0.0003958084025657217,42.00396259340179
0.0003459882721939689,37.0219495562265
0.0002909412130736811,31.517243644197723
0.00023180316689879293,25.603439026708905
0.0001704570402842512,19.468826365254735
0.00010913528880922665,13.336651217752282
5.00838217278261e-05,7.4315045096122265
-4.657812323084409e-06,1.9573411045211773
-5.35387399128469e-05,-2.9306292699561416
-9.553018044134528e-05,-7.12791556137023
-0.00012988992260112755,-10.559339524279478
-0.00015565578702999054,-13.129832253174577
-0.00017272357446740136,-14.830991978292364
-0.00018223635020948084,-15.778516399275667
-0.00018618987716373825,-16.172169372571716
-0.00018674270809689337,-16.22720804856106
-0.0001855916745817024,-16.112104697041964
-0.00018366870842414072,-15.919808081285794
-0.0001811362683018292,-15.66656406905464
-0.00017771799791913384,-15.324737030785103
-0.00017304528959851388,-14.857466198723108
-0.00016688075836577613,-14.241013075449333
-0.00015912194811269187,-13.465132050140907
-0.00014964889887726093,-12.517827126597812
-0.0001383767385777196,-11.390611096643681
-0.0001253006801242589,-10.08300525129761
-0.0001107480244866323,-8.62773968753495
-9.547394610589638e-05,-7.100331849461358
-8.066194891731909e-05,-5.619132130603629
-6.771835952456124e-05,-4.324773191327843
-5.780365152825864e-05,-3.333302391697584
-5.1526938682521185e-05,-2.7056311071238386
-4.902319483511946e-05,-2.4552567223836665
-5.0576212882415856e-05,-2.610542575624818
-5.574968590229544e-05,-3.127821026362117
-6.32973862497241e-05,-3.8824394939439726
-7.15532889390722e-05,-4.707779009658747
-7.903115941349659e-05,-5.455246809649055
-8.462886714516254e-05,-6.014712457588369
-8.768214948992192e-05,-6.319847980301835
-8.780433901937514e-05,-6.332058815803014
-8.462533831076849e-05,-6.014158744942349
-7.792113516338895e-05,-5.343738430204395
-6.767896365327599e-05,-4.319521279193099
-5.3890974249330435e-05,-2.9407223387985435
-3.596328676401168e-05,-1.1479535902666684
-1.3857972557545196e-05,1.062569684964707
1.163631642865246e-05,3.6117226891956102
3.932756481071521e-05,6.379606296765673
6.830843171592455e-05,9.274580494513794
9.802131842442129e-05,12.239902398274433
0.00012815191244412315,15.243141095819174
0.00015827518689279072,18.240942118701852
0.00018750676828533722,21.144640645367353
0.00021461480936739005,23.831949687512182
0.00023827183717825459,26.172338138308312
0.00025706606744048047,28.028153582813527
0.0002690736428918049,29.21209890466256
0.00027345933693889116,29.64417802635146
0.0002708306186643384,29.38130619889619
0.0002627841860938836,28.576662941850707
0.00025099351617418654,27.397595949880998
0.00023688187526498203,25.98643185896055
0.0002216322197051383,24.461466302976174
0.00020624167249699875,22.922411582162223
0.00019181244985742448,21.479489318204795
0.00017986927835060646,20.285172167522994
0.0001728226021567586,19.58050454813821
0.00017204832412032867,19.503076744495218
0.00017707206094389456,20.002092980011717
0.00018589155697657493,20.877731999108622
0.00019603632052295114,21.884268015983267
0.00020545013097186243,22.817599971293685
0.0002129777732257452,23.563437340734872
0.00021841218234311402,24.101598039377045
0.00022197451448015422,24.454239935019437
0.00022382723396532363,24.637602782698075
0.0002238157716265249,24.636456548818202
0.00022145746024218954,24.400625410384666
0.00021626890148292833,23.881769534458545
0.00020783755302504318,23.03863468867003
0.00019574204043309697,21.82908342947541
0.0001794609314043082,20.20097252659653
0.00015814618138647747,18.069497524813457
0.00013012996078834928,15.267875465000639
9.226169030012251e-05,11.481048416177963
4.245156996329676e-05,6.500036382495387
-1.9141880360607864e-05,0.3406913501049259
-8.99719963375452e-05,-6.740639671978773
-0.00016605662428272942,-14.334299313744859
-0.00024287636369130098,-21.97290739866299
-0.00031605760063038035,-29.2094237076001
-0.0003820876705262552,-35.69430738052078
-0.0004382104128875329,-41.16595105118889
-0.00048210798754858003,-45.41622119361745
-0.0005110629382376915,-48.20419115571847
-0.0005239225489855927,-49.438218152577726
-0.0005220243801330648,-49.248401267324944
-0.0005086756195430771,-47.91352520832616
-0.00048806930605011027,-45.85289385902948
-0.00046403474519632923,-43.449437773651375
-0.00043927218441012144,-40.973181695030604
-0.00041457834938968746,-38.50379819298721
-0.0003890907573833277,-35.95503899235123
-0.00036123866287872966,-33.169829541891424
-0.0003296325144042037,-30.009214694438832
-0.00029344140725178907,-26.390103979197367
-0.0002520922423553724,-22.2551874895557
-0.0002057894441581413,-17.62490766983259
-0.0001555892770891292,-12.604890962931384
-0.00010360331913675197,-7.406295167693659
-5.3426176712174366e-05,-2.3885809252358987
-8.388416035569688e-06,2.1151329913016905
2.936605042806782e-05,5.8894274167253675
5.914631610128987e-05,8.864591837134247
8.148488732022003e-05,11.094580335121139
9.814297327193087e-05,12.756291874950104
0.00011195465912888569,14.133153441458282
0.00012636481678879828,15.568693998539803
0.00014497839267950649,17.421335060308653
0.00017110346953230882,20.018098227761705
0.00020766071448016663,23.64388023478427
0.00025553132614849984,28.375336539282102
0.00031301711779525496,34.02794151477847
0.00037641025674101016,40.21765532825398
0.000441154738206484,46.484049432593515
0.000502907160375294,52.40149540504237
0.0005582403552599397,57.649013786897086
0.0006050012691535651,62.03966002222238
0.0006421403256265882,65.49631190561948
0.0006695584956355025,68.03004002016662
0.0006878630212434026,69.71270144960106
0.0006981608520239143,70.65615341725069
0.0007018137506321006,70.99026187289257
0.0007002191570999061,70.83080251967311
0.0006945215375897112,70.26104056865364
0.0006850275026721863,69.31163707690114
0.0006709123991206896,67.90012672175148
0.0006503307102853152,65.84195783821403
0.0006209177917144811,62.90066598113062
0.000580739718962215,58.88285870590401
0.0005289688326868744,53.70577007836995
0.00046606290257405255,47.41517706708776
0.0003932163170779973,40.130518517482244
0.00031275342155846395,32.08422896552891
0.0002278786425159772,23.596751061280234
0.0001421349216172171,15.022378971404224
5.900373795205747e-05,6.7092606048882635
-1.9150515032737627e-05,-1.1061388016613463
-9.14732632381594e-05,-8.335165384292132
-0.00015839329775922334,-15.011302302382402
-0.00022113296397466788,-21.249944057415764
-0.0002813080273393694,-27.207201244016854
-0.0003407301761830441,-33.05754165472382
-0.00040086172952088687,-38.93811173760415
-0.00046255097229847274,-44.92257927732411
-0.0005258858324105507,-51.00834780126444
-0.0005901554222030568,-57.11609275171303
-0.0006537197536653832,-63.08252932654246
-0.0007138745348751232,-68.65486855901798
-0.0007679106856822082,-73.59456725624524
-0.000813780046978063,-77.73600065329639
-0.0008504777973338443,-81.01368167708742
-0.000877987418637266,-83.4492654237416
-0.0008971820310650324,-85.13754248400922
-0.0009095206737465163,-86.21789421933784
-0.0009166904405659979,-86.84388829310443
-0.0009203058109540075,-87.1590484550896
-0.0009217725228773545,-87.28680950530502
-0.000922376189766516,-87.33937713751321
-0.0009225283023405304,-87.35262170373649
-0.0009214920001737281,-87.24899148705627
-0.0009176289831821843,-86.86268978790189
-0.0009090522171588893,-86.00501318557238
-0.00089411769587481,-84.51156105716447
-0.0008717463292435638,-82.27442439403984
-0.0008418275585128813,-79.28254732097159
-0.000805153370211232,-75.61512849080667
-0.0007631945507269975,-71.4192465423832
-0.00071762877053053,-66.86266852273647
-0.0006703219954159366,-62.13199101127713
-0.0006231882705271018,-57.41861852239365
-0.0005780062676928903,-52.90041823897249
-0.0005363343709251072,-48.733228562194185
-0.0004988372593490149,-44.98351740458496
-0.0004651114051691697,-41.61093198660044
-0.0004342298545765875,-38.52277692734222
-0.0004061428592934861,-35.714077399032085
-0.0003798013687200075,-33.07992834168423
-0.0003526737677851624,-30.367168248199718
-0.0003210027063020483,-27.200062099888306
-0.0002798547791984855,-23.085269389532023
-0.00022643229868198666,-17.74302133788214
-0.00016110823505109776,-11.210614974793256
-8.664713479866664e-05,-3.7645049495501444
-6.331839727885765e-06,4.266565356550565
7.708049484052091e-05,12.596524829255374
0.0001617009687864181,21.016327391904635
0.0002460427176095152,29.357568959751795
0.00032806739262236656,37.402453943729114
0.0004055322509485499,44.92352817017032
0.000476522855836111,51.73851643063875
0.000540237869073029,57.78325468073062
0.0005974290889486694,63.14521156573111
0.0006503056321870277,68.04455924826266
0.0007020340953700445,72.77997468324077
0.0007548486315678638,77.55276351613331
0.0008090736267648452,82.38448509880322
0.00086287317446797,87.10656296009418
0.0009129501756976972,91.43516235768963
0.000955434375635208,95.05535515118328
0.0009867200059546955,97.68996212838157
0.0010043736036888231,99.16467580727036
0.0010072295955489818,99.40243906540594
0.0009948843321833797,98.16791272884574
0.0009667630179658847,95.35578130709624
0.0009235595798365748,91.03543749416525
0.0008678622731399284,85.46570682450063
0.0008037725974869718,79.05673925920497
0.0007359008721544623,72.26956672595404
0.0006683641877549788,65.51589828600567
0.0006039500992433459,59.07448943484238
0.0005435960922132362,53.039088731831406
0.0004866039464040583,47.33987415091362
0.0004316131010441602,41.840789614923814
0.0003779829823362687,36.47777774413466
0.00032505797346993857,31.185276857501645
0.00027191662387604536,25.871141898112324
0.0002176187728733312,20.441356797840907
0.0001617061857807603,14.850098088583822
0.0001043649432312201,9.115973833629802
4.644460304329301e-05,3.323939814837092
-1.0665683692180005e-05,-2.386993441128817
-6.549477545834383e-05,-7.867178642376023
-0.00011701461494493699,-13.009347589571389
-0.00016523770813200832,-17.811919542669287
-0.0002106309611829905,-22.31990687655284
-0.00025364298650565955,-26.5771368004664
-0.00029460932940222185,-30.616553538358847
-0.0003337252687961332,-34.457488494073594
-0.00037110064589454924,-38.111121094147094
-0.0004067716434447653,-41.58169717942076
-0.00044058932554314796,-44.855857139331
-0.00047202177029728943,-47.88400823154144
-0.0005003272354634947,-50.597716850711926
-0.0005247025485786619,-52.924100931721455
-0.0005443335862851314,-54.790314739865046
-0.0005584916472508634,-56.13203147797591
-0.0005666805648465399,-56.90642484920845
-0.0005686974730645677,-57.096968491269216
-0.0005647646302828129,-56.70368421309373
-0.000555464475050761,-55.773668689888545
-0.0005416685897414673,-54.39408015895918
-0.0005244021500464701,-52.66743618945946
-0.0005045088207897442,-50.678103263786866
-0.0004825635999347701,-48.483581178289455
-0.0004587124031473292,-46.098461499545365
-0.0004326597172201144,-43.493192906823886
-0.0004042077196419779,-40.64799314901024
-0.00037351654124297243,-37.5788753091097
-0.00034108650442328476,-34.335871627140925
-0.0003074720841788134,-30.974429602693785
-0.00027334093056011183,-27.561314240823634
-0.00023942421842912203,-24.16964302772465
-0.00020671238489937174,-20.89845967474962
-0.00017662613721061896,-17.889834905874345
-0.00015059617181112088,-15.286838365924536
-0.0001298346090982118,-13.210682094633631
-0.00011531307651796795,-11.758528836609244
-0.00010849635819189308,-11.076857004001758
-0.00010928701886651999,-11.155756709188292
-0.00011541352020379408,-11.767036229883955
-0.00012340226968855002,-12.563897537038189
-0.000129835162839458,-13.20536841416675
-0.00013173457000999168,-13.39473716190981
-0.00012595946410122607,-12.817226571033249
-0.00011098024433698085,-11.319304594608727
-8.716540907265094e-05,-8.937821068175735
-5.615618524690459e-05,-5.836898685601102
-1.9993854425213158e-05,-2.2206656034319585
1.9115895820311054e-05,1.6902780062380875
5.8699355312735026e-05,5.647633274079535
9.64911045089867e-05,9.423089059171376
0.00013067683928941253,12.834414888392457
0.0001602256204669575,15.77898161225991
0.00018509382604124707,18.253546066049218
0.00020641522420775647,20.372159450764286
0.00022643362629383743,22.358460938342038
0.0002474847930183509,24.44397534071015
0.0002711880039356993,26.78784777360944
0.00029784645025848826,29.417888508113233
0.0003264411113967342,32.2311534932247
0.00035482951380041007,35.015426655147536
0.0003802759029314407,37.50319636575902
0.00040003273129030336,39.42919875460959
0.00041172731568039727,40.56686712545088
0.00041382470441345625,40.77071222716115
0.0004057579046928718,39.9640322551027
0.0003878447158882654,38.172713374642065
0.00036089200360820404,35.47744214663592
0.00032669204624038577,32.0574464098541
0.00028796276696040106,28.18451848185563
0.0002478411450857874,24.172356294394262
0.00020925534546119872,20.313776331935394
0.0001739032233198657,16.77856411780209
0.00014186749795499554,13.574991581315071
0.00011181132459012112,10.56937424482763
8.169152962106247e-05,7.557394747921766
4.944140875300108e-05,4.332382661115626
1.3464093225624125e-05,0.7346511083779308
-2.7029694066146358e-05,-3.314521429065732
-7.210260785807938e-05,-7.819291366802669
-0.00012128580642958843,-12.728581403842414
-0.00017405857036619952,-17.98443402203187
-0.00022912943328293607,-23.451015555822227
-0.0002842230452307728,-28.895874997245283
-0.00033657477837069794,-34.04259860056628
-0.0003836098884824897,-38.64025804020404
-0.0004233789627193865,-42.50570340905048
-0.0004544701827753955,-45.51235987143713
-0.0004768001952225524,-47.6629232911106
-0.0004914729742318926,-49.07182702746824
-0.0005002417938091997,-49.912186043201004
-0.0005047797569193626,-50.34659239555472
-0.0005062784898552243,-50.489987968835116
-0.0005053728192724687,-50.399420910559556
-0.0005022093046087836,-50.08306944419105
-0.0004966914698752301,-49.531285970835704
-0.000488509269478593,-48.71306593117199
-0.0004771608180710262,-47.5782207904153
-0.00046188150420214155,-46.05028940352684
-0.00044163695967911945,-44.025834951224624
-0.00041567803190142036,-41.42994217345471
-0.000383974248507378,-38.25956383405048
-0.00034741373995239995,-34.60351297855268
-0.0003076947641359237,-30.631615396905055
-0.00026697585153096653,-26.559724136409333
-0.00022741451941297227,-22.603590924609907
-0.00019074797618112395,-18.936936601425074
-0.00015811325089003174,-15.673464072315854
-0.00012989652413924525,-12.851791397237205
-0.00010581435049752098,-10.443574033064777
-8.53010811426433e-05,-8.392247097577012
-6.797823821670304e-05,-6.659962804982986
-5.318475715405764e-05,-5.180614698718446
-3.9796288357388704e-05,-3.8417678190515527
-2.6607237846554787e-05,-2.5228627679681606
-1.2806649881991048e-05,-1.1428039715117873
1.8204843674003005e-06,0.3199090177597088
1.6851772909267806e-05,1.8230034796585077
3.1497525347961395e-05,3.287411114239392
4.494317774800053e-05,4.631613662696201
5.665562650553382e-05,5.802313282010823
6.645173983244905e-05,6.781262925837067
7.475559835937997e-05,7.610915861836222
8.274157248462825e-05,8.40864035445348
9.145404876356915e-05,9.278727176713575
0.00010142865811651066,10.274564021372507
0.00011257997569343805,11.387467517187462
0.0001244923407669971,12.575791504098108
0.0001365538934180575,13.778380663604725
0.00014801752937631664,14.920725877982798
0.0001581419142193159,15.929064522333286
0.00016615171565697944,16.726411035877586
0.00017094259262018376,17.20315283978385
0.00017060932483755953,17.169826061521427
0.00016411092603781346,16.519986181546823
0.0001520643786847529,15.315331446240767
0.00013687613377902336,13.796506955667812
0.00012266755806431231,12.37564938419671
0.00011264109903225032,11.37300348099051
0.00010786220902806437,10.895114480571914
0.00010745549976194231,10.85444355395971
0.00010969946502920203,11.078380861827746
0.00011291798934756286,11.399541478074335
0.00011587243278931698,11.694315512763659
0.00011738021047364631,11.844737896828027
0.00011524176359386638,11.630893208850033
0.00010749224397684211,10.855941247147607
9.310283415980632e-05,9.417000265444026
7.257338750227877e-05,7.364055599691272
4.80050822529959e-05,4.9072250747629855
2.2708486265004594e-05,2.377565475963854
5.469363520716018e-07,0.1614104846705547
-1.519184247517934e-05,-1.412451631895142
-2.2405691599672923e-05,-2.1337975867582752
-2.0310321438464056e-05,-1.9242605706373883
-8.555495480057305e-06,-0.7487779747967132
1.1500952710612236e-05,1.2568563112126219
3.672662180476116e-05,3.779127770217979
6.30675769268313e-05,6.412032776964879
8.662574796646576e-05,8.765522193758455
0.00010453999564076559,10.554094254486213
0.00011537313532742504,11.635137533539092
0.00011864166299381076,11.961216150758858
0.00011364970454949879,11.462020306327663
0.00010092417955574062,10.189467806951846
8.24623220043416e-05,8.343282051811943
6.136560396162082e-05,6.233610247539865
4.078832020870807e-05,4.17588187224859
2.3241522109365514e-05,2.421202062314335
1.016751938802787e-05,1.1138017901805706
1.6590884655779677e-06,0.26295869793558024
-3.1018358481577304e-06,-0.2131336738555465
-5.174689818089358e-06,-0.4204187111726094
-4.711537926455303e-06,-0.374103522009204
-2.1133503130483288e-06,-0.11428476066850651
1.5094846714590051e-06,0.2479986530477601
4.6417530442134876e-06,0.5612245617623889
5.896857321973918e-06,0.6867341476987885
4.6578794775574916e-06,0.5628363632571458
1.2797426054566415e-06,0.22502267604706086
-3.139788290492196e-06,-0.2169303562211147
-7.308283749241996e-06,-0.6337785349341789
-1.0408284521490328e-05,-0.9437753149349645
-1.2401884388719368e-05,-1.1431316203533297
-1.4099338602714028e-05,-1.3128727030692726
-1.6910548303775012e-05,-1.5939835844781565
-2.236264425059962e-05,-2.1391607500651597
-3.1953126060566795e-05,-3.0980961013068686
-4.727952010473022e-05,-4.6303418223872885
-7.11159179452754e-05,-7.01259010489808
-0.0001047847800584837,-10.37509761980554
-0.0001471802268849929,-14.603294236292863
-0.00019510066020698449,-19.371674431575393
-0.0002441790662724877,-24.239677913614695
-0.0002900093544901211,-28.767846243544522
-0.00032871130524601805,-32.576072625995764
-0.0003566321221112369,-35.31344440326865
-0.0003688940765311754,-36.51275973991767
-0.0003627003411710272,-35.89338620390285
-0.000338688844787386,-33.49223656553874
-0.00030023345711120507,-29.646697797920645
-0.000251875028276809,-24.810854914481034
-0.00019821581729265772,-19.44493381606591
-0.00014298920394636595,-13.922272481436734
-8.903645537950238e-05,-8.526997624750377
-3.8482749132406914e-05,-3.4716270000408316
7.005729057177031e-06,1.0772055328737262
4.5896368850626206e-05,4.965577724270893
7.764871280031754e-05,8.138440451853379
0.00010287807985235188,10.657555656098461
0.00012215060789062926,12.580365084664278
0.0001333276891337444,13.694785008983605
0.0001352432576716644,13.885721355878173
0.00012886644955089667,13.248040543801398
0.00011741602334011686,12.102997922723418
0.0001065491992599129,11.016315514703024
0.00010005794965030888,10.367190553742622
9.854864487417039e-05,10.216260076128773
0.00010041749174522951,10.40280623299763
0.00010440501293516112,10.800794480929074
0.00011053339715865712,11.412344419847578
0.0001200464772164235,12.361361089351922
0.00013436481778361892,13.789021209763531
0.0001534804724939884,15.693502343789808
0.00017558846948138564,17.893670275572717
0.00019716670680346914,20.038265909388137
0.00021578180362644283,21.885843426842733
0.00023187759757869528,23.481321169908192
0.00024869364756776235,25.146001925628703
0.0002712358303676359,27.37375247918347
0.0003031733424178303,30.521922023589582
0.00034512244393209747,34.64097181288025
0.00039465120851644655,39.47797687154386
0.0004476278301578036,44.6161561303213
0.0004997609295615291,49.63243625879622
0.000547397081859239,54.17775486875909
0.0005881638311796322,58.03624603692746
0.0006205436203626546,61.07903153110559
0.0006437619061910748,63.248419928290595
0.0006581074807780671,64.58342430979881
0.0006642803219118395,65.1565867231325
0.0006637837317799072,65.10692770993928
0.0006590824089196658,64.63679542391515
0.0006535914509357575,64.08769962552432
0.0006506773793041505,63.796292462363624
0.0006524011698994103,63.95672551232191
0.0006586514972828915,64.5379390974025
0.0006669624525174862,65.30953747343092
0.0006732366333900034,65.89110038622721
0.0006727979071443055,65.84722776165742
0.0006623032334090208,64.79776038812895
0.000640659936516825,62.63343069890937
0.0006086989027042209,59.43732731764896
0.0005681686522783348,55.38430227506035
0.0005208293835348827,50.650375400715134
0.000467832070476767,45.350644094903565
0.00040998492176149977,39.56592922337684
0.00034810747302098713,33.37818434932557
0.0002830138043123179,26.86881747845866
0.0002152706958389207,20.094506631118936
0.00014479811694791632,13.0472487420185
7.082720827044595e-05,5.650157874271462
-8.200830821066388e-06,-2.2525278595198093
-9.406060131547551e-05,-10.831273149329913
-0.00018780272867570906,-20.165801472116144
-0.0002890843625544939,-30.182948840271024
-0.0003963204534607155,-40.67536714073323
-0.0005080614103824878,-51.443761321045415
-0.0006214750110169985,-62.16033873573232
-0.0007322629841971614,-72.38463416860304
-0.0008356664834940093,-81.68081715382768
-0.0009275505254110404,-89.72227745163757
-0.0010045532637398503,-96.29172124390175
-0.0010631901280292158,-101.1857160482656
-0.0011019934713539388,-104.37118886239841
-0.0011218910765004458,-105.98792638220583
-0.0011257785252332085,-106.30245845675162
-0.001117548141611776,-105.47942009460839
-0.001101098421699552,-103.83444810338598
-0.0010798238177476393,-101.70698770819469
-0.0010561543822084926,-99.34004415428004
-0.0010322167583078426,-96.94628176421503
-0.001008565980528991,-94.58120398632987
-0.000983813456906619,-92.10595162409267
-0.0009551125030052117,-89.23585623395195
-0.0009188123728514637,-85.60584321857714
-0.0008711144163255123,-80.836047565982
-0.000808152185599121,-74.53982449334286
-0.0007280156371125596,-66.52616964468673
-0.0006314189131643703,-56.866497249867805
-0.0005212854132818928,-45.85314726162005
-0.0004016762695099027,-33.89223288442105
-0.00027688022698218556,-21.412628631649333
-0.00015069229772772015,-8.793835706202795
-2.6086272064948113e-05,3.6662404223253806
9.486924137016112e-05,15.739130103194492
0.00021101991813926655,27.259007374474816
0.00032207915361430576,38.15854008589042
0.0004287167358967759,48.477375702459526
0.0005322956574775179,58.32809476331168
0.0006343175889355914,67.83498935498551
0.000735536597208808,77.04883188144386
0.0008355976458857356,85.920903402819
0.0009328498186254017,94.30007006878907
0.0010245131283280603,101.96368762727468
0.0011073171679495792,108.68219475680954
0.0011778035100615783,114.2432796059887
0.0012329016509472917,118.48684749409034
0.0012703075729403887,121.31533026837056
0.001288612634679116,122.68390062551639
0.0012878867010152357,122.61130725912834
0.0012696103996319853,120.78367712080332
0.0012359574190787847,117.41837906548326
0.0011878989113466333,112.61252829226811
0.0011276181742822056,106.58445458582534
0.0010592253367493235,99.74517083253713
0.0009884590080652177,92.66853796412654
0.0009227503405665612,86.0976712142609
0.0008666350794812439,80.48614510572916
0.0008202617100779861,75.84880816540338
0.0007804545209453834,71.86808925214312
0.000743296374516655,68.15227460927028
0.0007054386371177643,64.36650086938121
0.0006641621066894205,60.238847826546824
0.0006180728122420619,55.62991838181097
0.0005662826608445162,50.450903242056405
0.0005083234574849785,44.65498290610263
0.0004440649552769589,38.22913268530068
0.00037456099051030785,31.278736208635568
0.00030284527523482293,24.107164681087077
0.00023328366371030943,17.15100352863573
0.00017062731581018488,10.885368738623272
0.00011874517976268651,5.697155133873437
8.023121855144072e-05,1.8457590127488592
5.43705360269619e-05,-0.7403028817274865
3.708862221438875e-05,-2.4683922134717453
2.2691550653652836e-05,-3.9078155744986285
5.8418571133401054e-06,-5.592078606397413
-1.679358414320283e-05,-7.853766218525336
-4.612237592365122e-05,-10.78209990236053
-8.126662234426121e-05,-14.286785017546144
-0.00012043603339696989,-18.185666834840994
-0.0001618151785460912,-22.294110733663388
-0.0002037035321625795,-26.439888124251645
-0.00024451953623615163,-30.464459669498424
-0.00028289004156407607,-34.23236404612632
-0.00031772331987258286,-37.6383551689728
-0.0003489290070407424,-40.676759325489876
-0.00037850390396072743,-43.54427060978103
-0.0004121220438262426,-46.788498751625255
-0.0004550314038666447,-50.90399824487775
-0.0005096328372833858,-56.09649675843023
-0.0005747903496271644,-62.222011553144505
-0.0006464951966974469,-68.86583729407971
-0.0007191655656881871,-75.48631535605901
-0.0007868964220601427,-81.54700840352835
-0.0008436818681547546,-86.54187752678143
-0.000882366782988217,-89.89758505528903
-0.000897941050930136,-91.23753179321727
-0.0008887408863371915,-90.31751533392284
-0.0008564261813920613,-87.08604483940981
-0.0008048370138357343,-81.92712808377709
-0.0007392806972174339,-75.37149642194706
-0.0006655111459158883,-67.9945412917925
-0.0005890782048387325,-60.351247184076925
-0.0005148618784457485,-52.929614544778524
-0.00044592081483454694,-46.03550818365837
-0.0003831789530473619,-39.76132200493988
-0.000325833501030776,-34.02677680328129
-0.0002732830836826568,-28.771735068469365
-0.00022316254665550873,-23.75968136575456
-0.00017128649694006927,-18.572076394210615
-0.0001134466770340289,-12.788094403606575
-4.726292788903926e-05,-6.169719489107613
2.7813863183973066e-05,1.3379240257426415
0.00011207794708607804,9.759142899029909
0.00020364655594390385,18.883172628252957
0.00029863961525557783,28.29172339027957
0.00039254672740529417,37.50889777461291
0.00048193352557741246,46.18107860883147
0.0005649511692013884,54.12779811948054
0.000641234257796583,61.32432662109953
0.0007114279087189047,67.84666859606813
0.0007765287418649932,73.80270574882191
0.0008375456980461336,79.29801425246558
0.0008953947008846181,84.42571557112329
0.0009508798948440621,89.26506518098519
0.0010045723864070795,93.87165785218635
0.0010564327581523317,98.24732399495846
0.001105424080923011,102.31247981047399
0.0011491925567080194,105.88671816279094
0.0011841791147476032,108.70404637790104
0.001206177080507574,110.45713646871852
0.0012110514905411143,110.84366624420166
0.0011955595763626812,109.29447482635834
0.0011577445128895987,105.51296847905009
0.0010973542622696472,99.47394341705494
0.0010155629036471398,91.2948075548042
0.0009142229705201686,81.16081424210707
0.0007947593893145647,69.21445612154668
0.0006593067038707869,55.6691875771689
0.0005111652113985684,40.85503832994704
0.0003543503663592189,25.173553826012096
0.0001928250113612543,9.021018326215634
2.9797200204293423e-05,-7.279094511373094
-0.00013256680113572935,-23.441522507792115
-0.0002930266343007658,-39.208356657308286
-0.00045057756086583177,-54.36356000274257
-0.0006043333886412618,-68.73406806573453
-0.0007533404962254416,-82.17759064093596
-0.0008965247389959589,-94.58119333973114
-0.0010328234065784987,-105.87275564477194
-0.0011612404843478793,-116.02062819428453
-0.0012809950253363771,-125.03682291868235
-0.0013913913404798206,-132.95688040292083
-0.0014917239357655758,-139.82539538867982
-0.0015813304218455016,-145.69374479814564
-0.0016596680313668787,-150.61935280937462
-0.0017263660730873138,-154.66369218186378
-0.0017812511549503865,-157.88961865401785
-0.0018244355855954388,-160.36363361941417
-0.0018562195256212255,-162.14871300583155
-0.0018770154104483685,-163.30035374998454
-0.0018871730190109473,-163.85819563700784
-0.001886889336163088,-163.8298273522219
-0.001876177092038515,-162.75860293976461
-0.00185481657365312,-160.62255110122513
-0.0018222179059194416,-157.36268432785727
-0.0017776642300936418,-152.90731674527726
-0.0017204430626715905,-147.18520000307214
-0.0016499750716480197,-140.13840090071506
-0.0015659157683464572,-131.73247057055883
-0.0014682889642917937,-121.96979016509246
-0.001357615564376727,-110.90245017358579
-0.0012349103086735896,-98.63192460327208
-0.0011017103955748401,-85.31193329339713
-0.0009600796209807444,-71.14885583398755
-0.0008127104962545959,-56.41194336137271
-0.0006619895573631617,-41.33984947222928
-0.0005095528791725801,-26.096181653171133
-0.00035622347318211396,-10.763241054124514
-0.000202297995388446,4.628035444521195
-4.7838914947828145e-05,20.023655814606933
0.0001071194799051983,35.30114044882761
0.0002623168172196296,50.31444381029968
0.0004173160486434153,64.91127056507969
0.0005717075560216702,78.9593507061296
0.0007256090587348015,92.39314503510349
0.0008786358404549715,105.12182242019627
0.0010295392107357994,117.01253659259167
0.0011763068918194616,127.91711928224092
0.0013166800731257869,137.7220240017879
0.0014485222522727921,146.3706137417517
0.001570121748505141,153.86860810220782
0.00168035850973429,160.27469761117166
0.0017785652725839745,165.67459835469793
0.0018643519814136615,170.16024079814977
0.0019372463825558601,173.80626259206755
0.001996846837430911,176.67692498526304
0.0020428836809719656,178.8276630617585
0.002075140961110214,180.30062135152244
0.002093375070152217,181.1209871640467
0.0020972146427157647,181.2701531836108
0.002086087449688361,180.15743388087046
0.0020593862767864456,177.4873165906789
0.002016500086502932,173.19869756232754
0.001956612674794747,167.20995639150905
0.0018786633834196541,159.4150272539998
0.001782461514038939,149.79484031592827
0.0016691880738187012,138.4674962939045
0.0015412757479121041,125.67626370324479
0.0014018618452659203,111.73487343862642
0.0012540910779437631,96.9577967064107
0.0011007170767029259,81.62039658232698
0.0009441030137499351,65.9589902870279
0.0007867270207272758,50.22139098476198
0.0006305491133946783,34.60360025150223
0.00047677424634375406,19.22611354640981
0.0003258386710577562,4.132556017810028
0.00017757236835303,-10.685541037802663
3.140476746003495e-05,-25.209725365328723
-0.00011335047163318843,-39.40974528081336
-0.0002571933184617174,-53.24483889891493
-0.00040030224363470264,-66.65187854025022
-0.0005423077498981475,-79.52911570398336
-0.0006823509396307565,-91.75113013670752
-0.0008192701688438173,-103.19474354619287
-0.0009520615464495283,-113.78150690141682
-0.0010795415122294187,-123.44839872792541
-0.0012003066629066915,-132.1450678732476
-0.001312999624972421,-139.8504957489085
-0.0014165582049396029,-146.58161584442868
-0.0015101993685639687,-152.3813279665301
-0.001593091405741762,-157.29044329195975
-0.001664785625628245,-161.36840877324468
-0.0017252106480301328,-164.68615786042773
-0.0017744433002310816,-167.30990162649792
-0.0018124379279995005,-169.28659047319988
-0.0018390345917079977,-170.6456051292119
-0.0018542203742094923,-171.4125093590858
-0.0018577398367043555,-171.576780777921
-0.001849080561882557,-170.71085329574112
-0.0018276585871890491,-168.56865582639034
-0.0017929799432083603,-165.10079142832143
-0.001744681627250428,-160.2709598325282
-0.0016825130467557083,-154.05410178305624
-0.001606937217589431,-146.49651886642852
-0.0015192165409742048,-137.72445120490588
-0.0014211851461194483,-127.92131171943024
-0.0013148475323356962,-117.28755034105504
-0.001202188731041949,-106.02167021168032
-0.0010851518964332257,-94.31798675080799
-0.0009655264199331513,-82.35543910080054
-0.0008449508098934536,-70.29787809683077
-0.0007249576178949987,-58.29855889698528
-0.0006070868084618666,-46.51147795367208
-0.0004922026476044218,-35.023061867927595
-0.0003802068330210656,-23.823480409591976
-0.0002703505927307451,-12.83785638055993
-0.00016174069501998355,-1.9768666094837748
-5.37601576736096e-05,8.81673979092231
5.370494196197458e-05,19.522480261416224
0.00016028179266635548,30.063055128907916
0.00026531409946400984,40.33781055867586
0.0003680211339610777,50.24191794341366
0.0004675949181401924,59.67865509239293
0.0005633390277781325,68.57396969735832
0.0006548660031992423,76.89369704021172
0.0007415586309198578,84.59266089919868
0.0008224225061010341,91.60342064636211
0.0008963114156272931,97.85752648493477
0.0009622274147533182,103.30920789107859
0.0010194673193950122,107.94268636392768
0.0010675526267937255,111.7611738353798
0.0011060929354595986,114.7721546142163
0.0011345998184280192,116.97059495502772
0.001152377489716649,118.32916797931438
0.001158605023516367,118.80280887182452
0.0011524579541633106,118.18810193651888
0.0011333562775969824,116.27793427988605
0.001101223073858033,113.06461390599112
0.001056547379578296,108.59704447801742
0.0010000852507816588,102.9508315983537
0.0009323570143319056,96.17800795337838
0.0008540536004548015,88.34766656566796
0.0007661909155146372,79.56139807165155
0.0006701226300390615,69.95456952409398
0.0005673866454797425,59.68097106816209
0.0004596004525014253,48.902351770330355
0.0003483053383440613,37.77284035459397
0.0002348909111025672,26.431397630444557
0.00012055472986687874,14.99777950687571
6.345064980294445e-06,3.5768130182172806
-0.00010687680067808638,-7.742983890950947
-0.0002181683018223191,-18.837199911180512
-0.00032644655860076453,-29.556217994909677
-0.0004306100090103542,-39.75933821358084
-0.0005296742839254481,-49.3316202488572
-0.0006225928549930636,-58.167754867126234
-0.0007077475143319641,-66.12538147154187
-0.0007839885329130981,-73.12303465597603
-0.0008509113319397966,-79.1580375677726
-0.0009088163705378276,-84.29362564394724
-0.0009582975740743896,-88.61569843440867
-0.0010000990116458947,-92.2175544876351
-0.0010350480784038529,-95.19329154184115
-0.0010638952710989795,-97.62449853164067
-0.0010873753933357353,-99.58643071704815
-0.0011062132495746064,-101.14934240075993
-0.0011214209955263928,-102.403784091292
-0.0011333017017666747,-103.37922379131585
-0.00114102490545484,-104.01116248868114
-0.0011428907964705114,-104.16358018578819
-0.0011369668540529858,-103.57118594403563
-0.0011217144081298767,-102.04594135172471
-0.0010963810845976696,-99.512608998504
-0.00106097978310525,-95.97247884926205
-0.001016015189911049,-91.47601952984195
-0.0009621598738349322,-86.09048792223027
-0.0009000458410005865,-79.87908463879569
-0.000830327590171229,-72.90725955585994
-0.0007537782959276085,-65.25233013149789
-0.0006710926478444435,-56.983765323181395
-0.0005823451898468023,-48.109019523417274
-0.00048774594060856195,-38.64909459959324
-0.00038779404838335213,-28.653905377072256
-0.00028325465503949794,-18.199966042686835
-0.00017497851669346054,-7.372352208083093
-6.398801281374606e-05,3.7261847751621096
4.834600039079701e-05,14.939796781970227
0.0001603183497452513,26.052571958294738
0.0002698955082707697,36.82058977705439
0.0003747230346920569,46.98412736883463
0.0004719690820067259,56.26168883951027
0.000559699452599996,64.48495670104823
0.0006374250593123484,71.63987053794918
0.0007058803076891634,77.83057888018786
0.000766340008898882,83.20606053525381
0.0008201389948791066,87.91293398859084
0.0008683628164512724,92.06845337896998
0.0009117326785428925,95.7527482824256
0.0009507382390608724,99.02238415100513
0.000985834944299926,101.92809561310403
0.0010178317163859524,104.54672502696609
0.001046954818457806,106.90459076586617
0.0010724744411686215,108.95044364649007
0.001092853419030529,110.57046397970453
0.001106349086088522,111.63654816065916
0.001111570939369852,112.04759706769605
0.0011078586224988031,111.67636538059118
0.001095331396116712,110.42364274238207
0.0010744763010485329,108.33813323556417
0.0010460477146808,105.49527459879087
0.001010810156359609,101.97151876667179
0.0009693549781510792,97.82600094581879
0.0009220591375385294,93.09641688456382
0.0008691118511403218,87.80168824474306
0.0008105902376321171,81.9495268939226
0.0007464503159287382,75.5355347235847
0.0006765074943819061,68.54125256890147
0.0006004442297223987,60.93492610295073
0.0005178766904708229,52.678172177793165
0.00042855556799820235,43.74605993053111
0.00033243249691797787,34.13375282250867
0.00023030409410383938,23.920912541094815
0.00012400432967674997,13.290936098385874
1.598118478303302e-05,2.48862160901418
-9.123329764232355e-05,-8.229798236518869
-0.00019535868731390042,-18.608973868400064
-0.00029428631802986714,-28.407604735919445
-0.0003867375812666769,-37.48128839818322
-0.00047232392433169633,-45.78718760183151
-0.0005513221400727485,-53.356788766596
-0.0006243441615978383,-60.258505666458994
-0.0006922117399312731,-66.58165007138336
-0.0007559505346121899,-72.43279051359882
-0.0008165155052489003,-77.90858718383622
-0.0008746438876446574,-83.08258331060439
-0.0009308299375672661,-88.0040865144372
-0.0009856060416325882,-92.72362040507899
-0.001038639178593099,-97.21655696071026
-0.0010885374526636,-101.37321289042224
-0.00113321942455993,-105.03574503538609
-0.0011706583001473223,-108.06037934106304
-0.0011993325681389404,-110.34929462720734
-0.0012183915701603526,-111.85727804034062
-0.0012275653620527644,-112.5792880295772
-0.0012268146892439333,-112.5042207486941
-0.0012162027735780835,-111.44302918210913
-0.0011957491740758482,-109.39766923188559
-0.0011653364597043704,-106.35639779473779
-0.0011244221969715271,-102.26497152145348
-0.0010728568655048126,-97.10843837478203
-0.0010111345389041085,-90.9362057147116
-0.0009401334310143773,-83.8360949257385
-0.0008606632128496935,-75.8890731092701
-0.0007732671868445462,-67.14947050875537
-0.0006783090096307959,-57.65365278738035
-0.0005763047867977493,-47.45323050407569
-0.0004683100179865429,-36.65375362295506
-0.0003560317356041947,-25.425925384720234
-0.00024169013993241377,-13.99176581754214
-0.0001275660394924687,-2.5793557735476345
-1.5608400273370998e-05,8.612468462878251
9.272844825471119e-05,19.40654041853756
0.00019627788787477982,29.6512186845727
0.0002942837466024026,39.24907575599999
0.0003863096168784953,48.14754764395105
0.0004720698377103104,56.32028489754362
0.0005513761894741317,63.75951801430727
0.0006241340473169648,70.473037910236
0.0006903728014477207,76.4842843966575
0.0007503327850486252,81.83739580015492
0.0008045377058470694,86.6006917997039
0.000853330743452133,90.8241327704191
0.0008966507276869489,94.52112208396548
0.0009340238083983199,97.66972251328107
0.0009647784152015025,100.23176256855238
0.0009882941210243715,102.17284746904461
0.0010042112010269616,103.4778055559819
0.0010123694275442033,104.14385012294596
0.0010126358931808069,104.16557242698173
0.0010047352010744404,103.37550321634508
0.0009879708771164879,101.69907082054982
0.0009618583519034877,99.08781829924982
0.000926337431850357,95.53572629393675
0.0008819848598693332,91.10046909583437
0.0008299246930356991,85.89445241247095
0.000771004399808989,80.00242308979995
0.0007048698429309426,73.38896740199532
0.0006319900626424735,66.10098937314841
0.000555553677560058,58.457350864906864
0.00047839529093896265,50.74151220279732
0.00040101071378859424,43.00305448776048
0.00032265162755132815,35.16714586403388
0.0002427050710353991,27.172490212440966
0.0001612142790745949,19.023411016360548
7.895427834747455e-05,10.797410943648517
-2.835942276552741e-06,2.618388881245789
-8.301974407320889e-05,-5.399196641727508
-0.00016086613030048531,-13.171970524156
-0.0002360396388206107,-20.652540011238496
-0.0003081927269055254,-27.79585162994488
-0.00037654658404264883,-34.51861589390451
-0.00043993639857768587,-40.705524709220235
-0.000497130405364345,-46.241705518664155
-0.0005473005703651887,-51.05751683097429
-0.0005904226538448956,-55.1636599711801
-0.0006272549861067935,-58.64487093821403
-0.0006590412180748355,-61.628797667630515
-0.0006870392609922972,-64.24079301737531
-0.0007121453395103145,-66.56952121009097
-0.000734629156069764,-68.64388006639675
-0.0007541698549852033,-70.43793805427964
-0.0007700841850739624,-71.89290234329559
-0.0007815431056600693,-72.93705586427457
-0.0007877833266632757,-73.50443606939844
-0.0007881189725362998,-73.53492914680967
-0.0007819321979097695,-72.91625168415663
-0.000768670446106584,-71.59007650383809
-0.000747934387182466,-69.5164706114263
-0.0007196216401674455,-66.68519590992423
-0.0006840489501083896,-63.12792690401864
-0.0006419663930334249,-58.91967119652219
-0.000594386860711066,-54.1617179642863
-0.0005423092295674025,-48.95395484991994
-0.0004864950324044252,-43.37253513362221
-0.00042737399932691336,-37.46043182587102
-0.00036508903599406664,-31.231935492586352
-0.0002996969241517529,-24.692724308354983
-0.00023138215283199307,-17.861247176379
-0.00016062173356031997,-10.785205249211689
-8.817195939463728e-05,-3.540227832643421
-1.4966440564830859e-05,3.7799947254173727
5.800363772149399e-05,11.06930650508491
0.00012979398922528533,18.221044134226812
0.000199547679518463,25.139336551003876
0.0002665287172763421,31.74382916307058
0.00033010421798693466,37.968472581982766
0.00038978551008285445,43.76552838384742
0.00044528605433651996,49.11051679625327
0.0004965683633973915,54.00547539164372
0.000543823955170407,58.47550655867582
0.0005873759155504251,62.55823378389703
0.0006275542648840994,66.29137212204577
0.0006645785026443069,69.70170817043572
0.0006984414773004254,72.79482992685334
0.000728896187253161,75.55464263497427
0.0007555202761888927,77.94975942553023
0.0007778186020054967,79.9428157587101
0.0007953062168869569,81.49749115847871
0.0008075337952563351,82.58009594469269
0.0008141467655135576,83.16405580060415
0.0008148823104913486,83.22894116381887
0.0008095975360430903,82.70046371899305
0.0007982785201518929,81.56856212987331
0.0007810587431248536,79.84658442716938
0.0007582104381701441,77.56175393169842
0.000730065308086143,74.74724092329832
0.0006969573233397653,71.43644244866056
0.0006591758674927277,67.6582968639568
0.0006169705086082638,63.4377609755104
0.0005705631791064979,58.797028025333816
0.0005201856722207096,53.759277336754984
0.0004661616927315232,48.356879387836344
0.00040895523595884466,42.63623371056849
0.0003491697346199636,36.65768357668038
0.00028751754337599594,30.492464452283617
0.00022477534910275235,24.218245024959256
0.00016175265009113883,17.915975123797907
9.92004972649077e-05,11.660759841174794
3.774967804309019e-05,5.5156779189930445
