Desplacment,Force
0.0,0.0
4.506308548338347e-06,0.4506303144766444
1.4395026852247468e-05,1.4394850715613414
2.321673781495271e-05,2.3215998881583872
2.68281259993054e-05,2.682698583626635
2.4749058885824852e-05,2.47479187227858
1.9730821929055293e-05,1.9729681766016243
1.6002097984198575e-05,1.6000957821159525
1.651585659301217e-05,1.6514692372042683
2.1952177703762335e-05,2.1950654887192753
3.089476401828918e-05,3.0892124750745213
4.0544266817409885e-05,4.053943374801106
4.800090826618838e-05,4.799348068559897
5.186214154077653e-05,5.185300833402232
5.31329136142093e-05,5.312316018779716
5.3526739673386846e-05,5.351678790193663
5.4112311595311754e-05,5.410205946794439
5.510593981334639e-05,5.509516295832358
5.6352833614249656e-05,5.634137099082724
5.7477971759854766e-05,5.746586372861526
5.742056467184478e-05,5.740845664060528
5.602822945815931e-05,5.601612142691979
5.402851992715099e-05,5.401641189591149
5.223512706974676e-05,5.222301903850726
5.039830926112724e-05,5.038620122988775
4.802475314285276e-05,4.801264511161326
4.593582242685397e-05,4.592371439561447
4.4682593715425466e-05,4.467048568418597
4.4486559471751676e-05,4.447445144051217
4.426875839117757e-05,4.4256650359938075
4.150885451385332e-05,4.149674648261382
3.4372560038817054e-05,3.4360452007577558
2.3357818804348038e-05,2.334571077310854
1.0286587851669589e-05,1.0274479820430096
-3.2902005883408557e-06,-0.33023042471829545
-1.6224017096010855e-05,-1.623587013417468
-2.8876130929596015e-05,-2.8886813166972205
-4.142265677807736e-05,-4.143056235746796
-5.3257607138281065e-05,-5.326078852517726
-6.367880729158735e-05,-6.3675660958843014
-7.200498692330555e-05,-7.199504478116095
-7.919909024341671e-05,-7.918186106107133
-8.7499899773275e-05,-8.747245211083992
-9.871148144412163e-05,-9.866680958306437
-0.00011088173821488437,-11.081338854308695
-0.00012162535941009552,-12.153130646643953
-0.00012983669049216424,-12.971967383899916
-0.00013660163551608656,-13.646338771525457
-0.00014705755776389678,-14.688211845170388
-0.00016367190404016006,-16.34255510118813
-0.00018396832192924876,-18.36135986296278
-0.00020172745203600212,-20.125615950786145
-0.00020996055297050018,-20.942776367866657
-0.00020614334318149984,-20.56105538896662
-0.000195012930829051,-19.44801415372174
-0.0001845125852093419,-18.397979591750826
-0.00018077250848773575,-18.02397191959021
-0.00018630748118940885,-18.574186220173864
-0.00019958351096639325,-19.893087165204513
-0.00021568685742357166,-21.491203895650045
-0.0002262312667505042,-22.53659291043946
-0.0002261557212688805,-22.52903836227709
-0.000215792717876467,-21.49273802303574
-0.00019972819946502575,-19.886286181891617
-0.00018449591401568601,-18.36305763695764
-0.00017354909848493326,-17.268376083882366
-0.00016594000499824599,-16.507466735213637
-0.00015771866668412213,-15.685332903801251
-0.0001455432355749873,-14.467789792887768
-0.00012735178751914123,-12.648644987303163
-0.0001016715528778258,-10.08062152317162
-6.922966629503497e-05,-6.836432864892537
-3.2375420641169555e-05,-3.1510082995059956
5.949124022078368e-06,0.6814408709955531
4.373145505097216e-05,4.459151239749552
7.892007663412733e-05,7.975537312099507
0.00010781723163639011,10.86067395772552
0.00013009583997374293,13.082859699618684
0.00015190903765473375,15.256403206884139
0.00017976719282896452,18.028514802807564
0.00021346372399616787,21.374937308889848
0.00025107844596251405,25.100346678450965
0.0002918165486991655,29.121016422633453
0.00033523851142008983,33.38796171484156
0.00038124508023708423,37.88499994867011
0.00042769577303768884,42.397384827814015
0.00047050951320951414,46.528786661578984
0.0005057524827796867,49.907967681559946
0.0005317956517815596,52.391658296549394
0.0005505630554866667,54.17409086369966
0.0005665054169307007,55.68319916119779
0.0005853016894364496,57.45637771623607
0.0006125966334764626,60.01921827424162
0.0006497986285662047,63.48835237151959
0.0006933700922137606,67.51471221931985
0.0007367372488008227,71.4808926618582
0.0007735567656966893,74.81446161535256
0.0008004235019432265,77.22664726669706
0.0008174837608773359,78.7492731854584
0.0008270693281039038,79.60163368415249
0.000829187359406249,79.78966345533432
0.0008246975409223796,79.34068160694738
0.0008164440568293147,78.5153331976409
0.0008076477162367758,77.63569913838701
0.0008007194617562041,76.94287369032982
0.0007961963670647748,76.49056422118692
0.0007942147925816585,76.29240677287528
0.0007920360404714219,76.07453156185161
0.0007847830749888564,75.34923501359508
0.0007670351527001982,73.57444278472926
0.0007333799971805385,70.2089272327633
0.000683994920595365,65.27041957424595
0.0006249775078583519,59.368678300544644
0.0005657160501525612,53.442532529965575
0.000513781815303654,48.24910904507485
0.00047198117417374423,44.06904493208388
0.0004376768370285426,40.63861121756371
0.0004039604353981534,37.26697105452479
0.0003630231649666062,33.173244011370066
0.00030954374664686013,27.825302179395457
0.00024307995077738566,21.17892259244801
0.00016669364510232533,13.540292024941978
8.443258696564072e-05,5.314186211273517
2.5145587529200115e-06,-2.87740263418718
-6.66094988279856e-05,-9.784261184213227
-0.00011633448460620384,-14.743119978611793
-0.0001492185226909876,-18.015658556055293
-0.00017451432399725363,-20.52840578648408
-0.00020075067558065059,-23.129674117528356
-0.0002330256450549235,-26.321899520982768
-0.00027107604918326215,-30.07290973146225
-0.0003098278656771445,-33.87741679956019
-0.00034357730303591854,-37.176464523792674
-0.00036551105610578034,-39.31273465761346
-0.00037009422359316195,-39.75830593506341
-0.0003567500618768271,-38.423889763429926
-0.0003375951964485136,-36.50840322059858
-0.0003225491513184878,-35.003798707596005
-0.0003128253737012659,-34.03142094587381
-0.00030188465760466824,-32.93734933621405
-0.0002774819970119783,-30.49708327694505
-0.00023378276422461364,-26.127159998208587
-0.00017574808411457843,-20.323691987205066
-0.00011492797429825815,-14.241681005573042
-6.165716271080357e-05,-8.914599846827583
-1.9464738465607405e-05,-4.695357422307967
1.6099238101856407e-05,-1.138959765561585
5.4310998724366466e-05,2.682118922170119
0.00010404459060536254,7.6530204765838725
0.00016964939400982234,14.199423570863116
0.00025067778835542666,22.254231716504357
0.0003423615077355472,31.305727925690935
0.00043754291029444667,40.60569022054682
0.0005318862416132433,49.69950929051128
0.0006274350950113123,58.75734053237209
0.0007236163397852892,67.69573214665525
0.0008067200692406136,75.25629001580855
0.0008658099381277756,80.5326684162934
0.0009014805808939137,83.675686580822
0.0009229177991346977,85.54882396689521
0.000941107317802754,87.12874447357689
0.0009636520388664215,89.07475265326715
0.000990255259673663,91.35345447099988
0.0010129961531667652,93.28597468318488
0.0010192325071975267,93.81344009549099
0.0009974612263531793,91.63631201105625
0.0009434888364192186,86.23907301766017
0.0008606659485977928,77.95678423551759
0.0007570499390171083,67.59518327744914
0.0006441661184020412,56.306801215942414
0.000539749885672756,45.865177943013904
0.0004512064067652189,37.0108300522602
0.00037164781889819726,29.05497126555803
0.00028526705299503053,20.41689467524136
0.0001772494409928013,9.615133475018435
4.1351770814795365e-05,-3.9739171565784535
-0.00011849389254644132,-19.91032925888096
-0.00028949077555754564,-36.75502442919194
-0.0004566531091266208,-52.86312504777671
-0.0006102296183197205,-67.22711617544181
-0.0007514415226110648,-79.98189775955305
-0.0008874490057322649,-91.79571588684276
-0.001026078655721814,-103.31376623662253
-0.001172306375474408,-114.8497385204771
-0.0013217416774572081,-125.95752639131386
-0.0014709649112437566,-136.34454756377963
-0.0016202812870075931,-146.02781667333338
-0.0017716886301940681,-155.12776690076237
-0.0019254162044163394,-163.64368606639695
-0.0020789669743244113,-171.44806591451325
-0.0022265404632789186,-178.31811535469987
-0.0023589602034229233,-183.98422276029154
-0.002465637489818861,-188.22416049547942
-0.002536416045820336,-190.8848851327556
-0.002565166656502946,-191.93211620289645
-0.0025506383830165807,-190.47928885425995
-0.0024987143914125833,-185.28688969386022
-0.0024222727511638317,-177.64272566898504
-0.0023331776064661534,-168.73321119921724
-0.002236562107864822,-159.0716613390841
-0.0021284255071906378,-148.25800127166568
-0.0020004387325563548,-135.45932380823737
-0.0018465378961445003,-120.06924016705193
-0.001664685875797891,-101.884038132391
-0.0014569135002971076,-81.10680058231264
-0.0012308820611477956,-58.50365666738145
-0.0010076083872754685,-36.176289280148744
-0.0007975537654795158,-15.170827100553469
-0.0005947203110884272,5.109490972430635
-0.0003844249689353256,26.01033070650886
-0.00015632616769334297,48.18459506271446
9.017096892003379e-05,71.15162145437377
0.00034736081045637585,93.60630945294729
0.0006026770403847131,114.06489444002254
0.0008444677440305185,131.58904551628788
0.001065708831011642,145.99572465489982
0.001262691005560594,157.5261537789912
0.0014349670236133568,166.64309724358822
0.0015822772528057863,173.75574566659827
0.0017071560801936642,179.31671080660155
0.0018166839301384011,183.85770593766802
0.0019180612037810272,187.7942192243662
0.0020173405852914094,191.41290664513173
0.0021186608945545464,194.8768809247852
0.00223718426421998,198.65160802426962
0.002375864075556722,202.71336725781416
0.0025197477994076995,206.5538891332856
0.002639074868134756,209.47337629068224
0.0026988884859975677,210.85227602512862
0.0026710454858313187,208.0679760085037
0.002547926855998953,195.75611302526715
0.0023602199317692444,176.9854206022963
0.0021635215560422104,157.31558302959291
0.002010401346159509,142.00356204132277
0.0019285176736061282,133.8151947859847
0.0019066291886835486,131.62634629372673
0.001905738555475005,131.5372829728724
0.0018780461816918733,128.7680455945592
0.0017845814471334214,119.421572138714
0.0016171220734084988,102.67563476622175
0.0013961973348358882,80.58316090896069
0.0011471237510884361,55.67580253421548
0.0008530614272685053,26.269570152222393
0.0005087327119024789,-8.157811584241164
0.00013736394443102714,-44.69219871956017
-0.00020967705225810016,-76.9194159130553
-0.0004491093710797291,-97.48700476389452
-0.0005485211121578538,-105.55374239490594
-0.0005441198963912381,-104.98886028530971
-0.0005210329019514435,-102.68016084133026
-0.0005638333393950051,-106.10900706693316
-0.0007237292090559168,-118.4257665423062
-0.0010007271221479637,-137.8622430110113
-0.0013477512311555518,-158.7843933453975
-0.0017006290696174689,-176.34237306315953
-0.0020036609822562876,-188.7299419047532
-0.0022410039804577567,-196.90987380094452
-0.0024152125538868525,-202.16301378591987
-0.002534107184645267,-205.41876926522326
-0.002609729774174697,-207.36061892263817
-0.002659610071208352,-208.5893274450244
-0.0027099246887671473,-209.78831443948462
-0.002791272452308338,-211.64427185429983
-0.002929128707868588,-214.57008398059165
-0.003126944882673444,-218.32987594770492
-0.003373177519772879,-222.3796132816874
-0.0036459208275069453,-226.17950939524164
-0.003913193866580839,-229.32898041590985
-0.004144293645422678,-231.6767419250712
-0.004327029507241023,-233.32723777037756
-0.004453511497861577,-234.37749898097672
-0.00450465833776788,-234.78279059271628
-0.004448259321390603,-229.1428889549885
-0.004267079783066967,-211.02493512262492
-0.003990226391633812,-183.3395959793094
-0.0036918634272614962,-153.50329954207783
-0.00345978922954509,-130.2958797704372
-0.0033482135675738794,-119.13831357331615
-0.003345996713571126,-118.91662817304083
-0.0033823194110185655,-121.7179351031706
-0.003369376448764146,-120.42363887772865
-0.003239707974107835,-107.45679141209753
-0.002979480262847148,-81.43402028602887
-0.0026349101298209954,-46.977006983413595
-0.002289227790646756,-12.408773065989665
-0.0020179004956806046,14.667577214898618
-0.0018546620531354717,30.734990792880662
-0.001781091678188082,37.87246133131298
-0.0017436281583521835,41.47614148918573
-0.0016855940421755414,47.012720641154516
-0.0015725144960073518,57.621607736015356
-0.001401828177900753,73.11468761261762
-0.0011876056673273533,91.52205446723035
-0.0009580808493836813,109.78885278269578
-0.0007422088613745709,125.48539574504015
-0.0005611415325594709,137.5090615716629
-0.00042400676538738763,145.92339595882746
-0.0003256215550868007,151.59863101641804
-0.0002487643901954321,155.82605843787618
-0.00017053135098936645,159.94736836265508
-7.925724633745673e-05,164.5292218546771
3.178636592419742e-05,169.78448705756105
0.0001659677876336685,175.68645157116467
0.00032371180780536916,182.03136824307632
0.0004960359900044444,188.28043976127583
0.0006652550948206787,193.78016606253556
0.0008139595756338424,198.13747449605737
0.0009197565773711423,200.98831792445617
0.0009623649227397679,202.08140845212006
0.0009322161263294248,199.06652881108576
0.000840584963390579,189.9034125172012
0.000717454387613986,177.5903549395419
0.0005997186944682399,165.81678562496728
0.0005173465472050686,157.57957089865016
0.0004831281008026159,154.1577262584049
0.0004860556529627792,154.32181409819867
0.0004893610287409337,154.47021795995107
0.0004567193327103331,151.206048356891
0.0003683368228339836,142.36779736925604
0.00023150151466336228,128.68426655219392
7.779473664766594e-05,113.31358875062428
-5.616895103611086e-05,99.9172199822466
-0.00014937582248329034,90.59653283752866
-0.00020410498475306315,85.12361661055137
-0.00022986047564502372,82.5480675213553
-0.0002487457586261726,80.65953922324043
-0.0002858046271732279,76.95365236853489
-0.0003515677226298812,70.37734282286956
-0.0004351840129526625,62.015713790591434
-0.0005188058559463149,53.653529491226195
-0.0006061689264552334,44.91722244033434
-0.0007013173908829688,35.402375997560796
-0.0008015711744329152,25.37699764256616
-0.0008983710648708852,15.697008598769173
-0.0009851461866245545,7.019496423402245
-0.0010598560621226248,-0.4514911264047921
-0.0011256586681091447,-7.031434007101168
-0.001194741576360007,-13.932861135314102
-0.0012825566255456036,-22.678165773549033
-0.0013965731343169724,-33.950864949197054
-0.0015151187140903955,-45.523629432415945
-0.0016164986248275203,-55.261411053751246
-0.0016921369779209921,-62.41122135177308
-0.0017455533340506838,-67.39361040966186
-0.0017844528621767798,-70.9844708899797
-0.0018135996609028745,-73.65334200497038
-0.001831447329432153,-75.27812377084577
-0.0018348352523626724,-75.5857207693474
-0.001837501298935942,-75.82759018282069
-0.0018463204644481076,-76.62650537457885
-0.001857570659178126,-77.64299813473572
-0.001860519489840831,-77.90253212676154
-0.0018465081897600702,-76.50140211868548
-0.0018169018477631363,-73.54076791899207
-0.001783182795143221,-70.16886265700055
-0.0017584908565480327,-67.69966879748172
-0.0017368555596626446,-65.53613910894292
-0.0017151907985735212,-63.369663000030584
-0.0016999989244819481,-61.850475590873266
-0.0017011402597892891,-61.957675776432595
-0.0017218499997164142,-63.89839944436936
-0.0017558579918218432,-67.06658064843498
-0.0017973604329626243,-70.90010164064927
-0.0018310608939174418,-73.98525472866201
-0.0018380253799756261,-74.61963764205937
-0.0018051272316351851,-71.32982280801528
-0.0017327500562942554,-64.0921052739223
-0.0016352630323721036,-54.34340288170712
-0.0015320279368243686,-44.01989332693362
-0.0014392164106086154,-34.738740705358296
-0.0013572580458314943,-26.542904227646194
-0.0012825884252705838,-19.075942171555145
-0.0012150144087348367,-12.318540517980436
-0.001155618135838614,-6.3789132283581615
-0.001103426233479692,-1.1597987367424243
-0.0010555805959877366,3.62280326296484
-0.0010145925767681581,7.715561775477588
-0.0009760367959816366,11.559487116874584
-0.0009287449139802697,16.263480634986504
-0.0008626232807056638,22.81371282203804
-0.000775810438259123,31.351370529003727
-0.0006793624140332191,40.72947267113485
-0.0005927447110151677,49.03318127654509
-0.0005359036387418739,54.411644337838986
-0.0005196872694568141,55.93492207914069
-0.0005391651878185724,53.98713024296486
-0.0005685819915457983,51.04544987024227
-0.0005818930711327526,49.71434191154685
-0.0005647729179923918,51.3383625781287
-0.0005171027028920797,55.83165179959975
-0.000448188566198725,62.2478000067111
-0.0003697140053394633,69.42988653383716
-0.0002895015083835381,76.62290469154885
-0.00021118832637680233,83.4905648784961
-0.00014364765149754767,89.28336068450687
-8.736574601313958e-05,94.01441861256906
-3.631147693216989e-05,98.22805484214629
1.5838316508054906e-05,102.45359843987254
6.94467166999872e-05,106.71288376807959
0.00011932792663664867,110.59778291867272
0.00015914392686356457,113.64388798467606
0.0001826224022362626,115.41704918869738
0.0001858420190256975,115.63208754210056
0.0001697743710308948,114.02532274262028
0.0001459797975981392,111.64586539934473
0.0001235629234547684,109.40417798500765
0.0001035942261085848,107.40730825038928
8.166626505757104e-05,105.21451214528791
4.871246876645129e-05,101.91913251617594
2.3329306485269014e-06,97.28117870438348
-4.952829226104535e-05,92.09505641342626
-9.502682384968591e-05,87.54520325456221
-0.00012580810510019345,84.46707512951144
-0.00014004463749831816,83.04342188969896
-0.0001380449180176291,83.21711345025926
-0.00012856887757724212,84.03874514378641
-0.0001250789913392778,84.34073966184783
-0.00013709973328423486,83.13866546735213
-0.0001636100162504389,80.48763717073172
-0.00019426630656431925,77.42200813934369
-0.00021542188124188872,75.30645067158673
-0.00021748593048180595,75.10004574759502
-0.00019999081545398097,76.6567560221471
-0.0001703596457880823,79.27585259997711
-0.0001410004232792402,81.84879719606684
-0.00012100051265866236,83.58866856221253
-0.00011276534426571212,84.30200945143069
-0.00011542913866174358,84.03563001182754
-0.0001352778199609018,82.05076188191173
-0.00017340193914953627,78.23834996304826
-0.00022145072295998467,73.43347158200343
-0.0002663987136163968,68.93867251636222
-0.0002965892012790737,65.91962375009453
-0.0003069365430168562,64.88488957631627
-0.00030061087775974015,65.46544073562967
-0.00028752350595954404,66.66373865110522
-0.00028005028373110524,67.34627349323034
-0.0002878088457128315,66.57041729505771
-0.0003146341885275584,63.887883013585025
-0.0003559451539459189,59.75678647174897
-0.00040033619700308707,55.31768216603215
-0.00043621814135453365,51.72948773088749
-0.00045761238205063774,49.590063661277085
-0.000463870747614924,48.96422710484846
-0.00044985590963274975,50.29707138867106
-0.0004212637134640614,53.00527812294019
-0.0003968539906025003,55.30526407836079
-0.0003968589379013315,55.30476934847766
-0.00043025174956947066,51.965488181663744
-0.0004962289658034429,45.36776655826652
-0.0005957703742715933,35.41362571145148
-0.0007184971566168083,23.14094747692998
-0.0008450361842148142,10.487044717129399
-0.0009556727510877753,-0.5766119701667117
-0.0010421322835299548,-9.221164257424368
-0.0011091863772918422,-15.915111065208123
-0.0011699281004857336,-21.9614043976418
-0.0012432027845433041,-29.221679839617376
-0.0013460649454693175,-39.32736569749117
-0.0014810909061628613,-52.385812631760096
-0.0016195773559805346,-65.46210921883784
-0.0017343862358096963,-76.0072835587738
-0.0018146564747646597,-83.19954671886241
-0.0018668479519073525,-87.78998226826074
-0.0019044427393424318,-91.05272370905891
-0.001938967806771368,-94.01575858609635
-0.001976985903815801,-97.2408365995162
-0.002012039040019252,-100.17861985377493
-0.002029001164943166,-101.58768487355103
-0.0020190250731527484,-100.59007569450928
-0.0020065130720406644,-99.33887558330089
-0.002012249251806016,-99.81797630168872
-0.002036397223084162,-101.82459690754477
-0.0020586972670189703,-103.66277925854357
-0.0020368355977249657,-101.46801646555491
-0.0019482382610200339,-92.60828279506173
-0.0018087513395873514,-78.6595906517935
-0.0016666312093970384,-64.44757763276219
-0.001571731838303776,-54.95764052343596
-0.0015493564914637488,-52.72010583943324
-0.0015845529642584582,-56.07601664210466
-0.0016286772965967403,-60.25191003870195
-0.0016250967419402286,-59.89385457305079
-0.001534636060336991,-50.84778641272704
-0.0013533834891482981,-32.72252929385775
-0.001108326596940728,-8.216840073100729
-0.0008396583363593118,18.590034492187954
-0.0005889381670523362,43.123774774812986
-0.00039993402379527994,60.99307874024691
-0.0002830196411204831,71.68294699369447
-0.00021388824366728863,77.85330889133998
-0.0001527727632657842,83.20799705193069
-6.935898362790189e-05,90.35646373503131
4.524352100182034e-05,99.86065721876756
0.00017819718157977287,110.40245527509603
0.00031074613604774694,120.37225005719473
0.0004447551878676355,129.88910908717483
0.0005800056407867383,138.91404847021764
0.0007084427733711144,146.94622456337345
0.0008133423152562611,153.12238656344857
0.000877204471440034,156.71610433076913
0.0008898257135544806,157.33634020736145
0.0008531469811668873,153.66846696860213
0.0007811981625445103,146.4735851063644
0.0006827679604006275,136.63056489197612
0.000571954445278156,125.54921337972897
0.0004679280772770739,115.14657657962076
0.0003878309591258762,107.136864764501
0.00033519811428586694,101.87358028050008
0.00029718892049952186,98.07266090186556
0.00025953501304503464,94.30727015641685
0.00019896365790134256,88.25013464204764
9.274808864948988e-05,77.62857771686238
-6.79317110555556e-05,61.56059774635783
-0.00027069695702958835,41.28407314895455
-0.0004895869504316627,19.395073808747114
-0.0007004607270547965,-1.6923038535662687
-0.0008887967936857247,-20.489148147636854
-0.0010542774390577274,-36.823898990446004
-0.0012091935772438672,-51.82112524469433
-0.0013765114449815262,-67.56388886641439
-0.0015697712701206576,-84.99837942608549
-0.0017854638536076097,-103.32332965857854
-0.0020107501693678825,-121.02113060138967
-0.002233881026919201,-136.99376368745988
-0.002446585821603537,-150.7454042350225
-0.002638577106696381,-161.93665709693732
-0.0028067634485967347,-170.82035561527167
-0.0029554492385804082,-177.9910730582223
-0.0030947098051841452,-184.15588730945092
-0.0032323558536516903,-189.75449600689706
-0.00337170550378416,-194.95204356750605
-0.0035106182042028674,-199.6937158765702
-0.0036397473591473924,-203.7354865671483
-0.0037464540642980423,-206.8276302125261
-0.003820772707990185,-208.85667246696642
-0.003869943353629998,-210.14549843703264
-0.003902233793324007,-210.96938579174255
-0.003920465875041214,-211.4268655698621
-0.0039233029073702476,-211.4256074824499
-0.00390754058259386,-209.84937500481107
-0.0038667989042266994,-205.77520716809508
-0.003779641698038558,-197.05948654928093
-0.003639435865357497,-183.0389032811748
-0.0034712262485995216,-166.2179416053773
-0.003320697553054571,-151.16507205088223
-0.0032205205978421154,-141.1473765296367
-0.003165001968096337,-135.59551355505883
-0.0031113701711981572,-130.2323338652409
-0.003005402386370059,-119.63555538243106
-0.002824614538482529,-101.55677059367805
-0.002578637152668581,-76.95903201228325
-0.002300088926062723,-49.10420935169746
-0.002025599396713387,-21.65525641676384
-0.0017765868875124356,3.240247900106029
-0.0015525882995095117,25.465423297751464
-0.0013379351000358786,46.26217066696892
-0.0011149316167652164,67.01648804697035
-0.0008704466771675026,88.44076133808971
-0.0006085120489037418,109.5483433258999
-0.00034473153329505875,128.67430254891815
-9.199673209122283e-05,144.92555810953633
0.0001489297332541267,158.55855631228198
0.00038848627303097864,170.40620430805288
0.0006429185481487393,181.26990319663744
0.0009271354729018901,191.53123491152988
0.0012498011019997494,201.11208630821426
0.0016130417283030016,209.72117749836315
0.0020124883501093397,217.08600089654755
0.0024358592412097317,223.07365462072968
0.002856476928343124,227.6629928966733
0.0032490941056436662,231.06095393842574
0.0035954140598425163,233.53817128075346
0.003885209883882042,235.32842563259302
0.004115714102208019,236.6077872776327
0.004290517880955118,237.50764121504758
0.00441727375337845,238.12745691420292
0.004504785057208429,238.54099395250506
0.004566106405770218,238.82429241987919
0.004606968904792032,239.01026349719797
0.004622672292069689,239.08115365057037
0.004602210950421079,237.03501948570943
0.00453986942314643,230.80086675824452
0.004443851254358154,221.19904987941686
0.004327449504735554,209.55887491715688
0.004201795805292039,196.9935049728054
0.004069866601808686,183.80058462447008
0.003927282131340645,169.54213757766593
0.0037688289074608405,153.6968151896855
0.0035945258601137024,136.2665104549717
0.0034116332108972995,117.97724553333141
0.0032259823574144033,99.4121601850418
0.003030980555316259,79.91197997522737
0.0028176413284669525,58.57805729029673
0.0025869276898952036,35.50669343312184
0.002343494045403566,11.163328983958088
0.0020913777694015192,-13.995028679592146
0.0018363713751733124,-38.96709030845086
0.00158538835871676,-62.56301930048039
0.0013427513314562016,-84.04384094907941
0.0011113028283871284,-103.04629931095468
0.0008876751759174877,-119.87156433018123
0.0006646103552145515,-135.07994437612876
0.0004350809086159376,-149.08181266405828
0.00019529965043474525,-161.98029850930405
-5.28365184852034e-05,-173.58205628263568
-0.00030294746176926185,-183.63533906140273
-0.0005483579405093661,-192.07074293101326
-0.0007910684660926955,-199.192038262863
-0.0010315834233395958,-205.21103567337377
-0.0012657892298327442,-210.2199968934592
-0.0014876281422557599,-214.30201195879238
-0.0016919534480182318,-217.5739889970435
-0.0018741662343771711,-220.1518652463865
-0.0020232782069396927,-222.05294326227417
-0.0021323136086561826,-223.33693356359632
-0.002200592425462363,-224.09902691572236
-0.0022304033098693083,-224.42216161924284
-0.002223332970080581,-223.56741131148232
-0.0021853257524522317,-219.7666895486474
-0.002137809925003331,-215.01510680375733
-0.0020985850117066765,-211.0926154740919
-0.002068428631846976,-208.07697748812183
-0.0020283719278756675,-204.07130709099098
-0.0019482604559568437,-196.06015989910858
-0.001810911338388195,-182.32524814224374
-0.0016231631910889437,-163.55043341231863
-0.001413368574723485,-142.57097177577276
-0.001213596586750269,-122.59377297845114
-0.0010434145120395621,-105.57556550738046
-0.0009017973273110344,-91.41384703452769
-0.0007688504354090304,-78.11915784432729
-0.0006201509124729778,-63.249205550722024
-0.0004411301434284776,-45.34712864627201
-0.000239460693546599,-25.180183658084143
-3.1819365843091594e-05,-4.41605088773341
0.00016839442840112245,15.583731147295001
0.00035862188021710607,34.38643183695531
0.0005506192666177883,52.928433539706006
0.000754414551221512,71.89166160067396
0.0009696161893755795,90.87837775227187
0.0011837121845968727,108.51844257879424
0.0013775585021194156,123.30513841437465
0.0015371370533425808,134.59224357319934
0.0016595242159892056,142.69903427090046
0.0017534640282598434,148.5985424358973
0.001834294986610765,153.45242723957094
0.0019165053167531075,158.18092831246068
0.0020085999040064394,163.23286261078445
0.002110883076355816,168.54707771629504
0.002217965726998796,173.78596938458662
0.00232046772179835,178.5004647550958
0.0024084782345518752,182.3227692352304
0.002473575825835602,185.0204928032904
0.0025099441248593256,186.4810253197722
0.0025146003659306864,186.54847257986637
0.0024828763978729834,183.37607577409605
0.0024145350394025587,176.5419399270536
0.0023156734565554244,166.65578164234017
0.0021974590156821888,154.83433755501662
0.0020734474948831396,142.4331854751117
0.0019545706436188406,130.5455003486818
0.001846051339229798,119.69356990977754
0.0017452515571836187,109.6135917051596
0.0016462754208748235,99.71597807428009
0.0015373354975384114,88.8219857406389
0.001404746120235678,75.56304801036555
0.001240189818289301,59.10741781572785
0.0010453414779040438,39.62258377720213
0.0008331160118322944,18.400037170027197
0.0006231864263073446,-2.591609570336011
0.0004310180924072052,-21.729566472885946
0.0002557183525188736,-38.92674232813348
9.024828292159915e-05,-54.76756117118893
-6.842610622438854e-05,-69.47423855367293
-0.00022283699972193267,-83.23335619347012
-0.0003767536733810286,-96.32904379369124
-0.0005326398983746519,-108.9016342244542
-0.0006898014309676255,-120.82980288081352
-0.0008454737324530782,-131.87925499402724
-0.0009956475425089899,-141.80688732691965
-0.0011370091019107045,-150.49853858867843
-0.001267529111913576,-157.97077310883319
-0.0013864031128961068,-164.32649009960147
-0.0014921083645331997,-169.62917462544638
-0.0015836313244641056,-173.96384616389287
-0.0016604831613387903,-177.4257227379278
-0.0017212278009033752,-180.05050169789897
-0.001762445849271432,-181.77684068094393
-0.0017793484740468422,-182.47220916781777
-0.0017667144778052719,-181.20880954366072
-0.00172252685264087,-176.7900470272205
-0.001650749738790299,-169.6123356421634
-0.001560385314899546,-160.5758932530881
-0.0014618125590532265,-150.71861766845615
-0.0013636737610762206,-140.90473787075555
-0.0012751003533558868,-132.04739709872217
-0.0011948513080885,-124.0224925719835
-0.0011120909332665205,-115.74645508978556
-0.0010118421080132936,-105.72157256446286
-0.0008834031072005697,-92.87767248319047
-0.0007259007502705028,-77.12743679018378
-0.0005475803402044022,-59.29539578357372
-0.00036116738059124897,-40.654099822258395
-0.00017235022496958055,-21.772384260091556
1.3420003537650564e-05,-3.1953614093684477
0.00018887256852437081,14.33332970677214
0.00034876818775554907,30.17824680802376
0.0004928281560227401,44.22924529645767
0.0006248559439145563,56.8350110133826
0.0007453273511769455,68.05209069365172
0.0008591306486099107,78.35593099085322
0.0009747830501246733,88.5011333738584
0.0011019825222238573,99.24465825338928
0.0012524819484269391,111.35355822054834
0.0014273598581450323,124.55684070266402
0.0016156552903431706,137.69471214986467
0.0017982810424868867,149.35866054695163
0.0019566376887482626,158.62429135916258
0.002077380820679019,165.1737351772233
0.0021544498171383398,169.12777625012174
0.0021915952775482172,170.97197153857053
0.002199367125936737,171.35282854291145
0.0021909381883737926,170.509934786617
0.002173482784250652,168.76439437430292
0.002152604152927656,166.67653124200336
0.0021339564539160838,164.81176134084615
0.002119894106391958,163.40552658843356
0.0021070324215934962,162.1193581085874
0.0020874949487314624,160.165610822384
0.0020545626046910106,156.87237641833883
0.001998674238432004,151.28353979243818
0.0019090439288225063,142.32050883148838
0.0017818899894079504,129.6051148900328
0.0016252027610422137,113.93639205345914
0.001456535136698608,97.06962961909859
0.0012970800754135742,81.1241234905952
0.0011608744786936246,67.50356381860023
0.0010489731413999362,56.31343008923138
0.0009503564283635012,46.451758785587884
0.0008484441350276781,36.26052945200558
0.0007303907478042271,24.455190729660472
0.0005926189671556941,10.678012664807174
0.00044101140214484796,-4.4811402695731655
0.00028389701287944,-20.13373964809102
0.000130187149405898,-35.26707117265732
-1.3138595995674737e-05,-49.11070107981872
-0.00014479949765390182,-61.52104744115377
-0.0002685337909840498,-72.85887318973226
-0.0003890981116241503,-83.55859176166994
-0.0005052023610524839,-93.50437736280016
-0.0006147546571610184,-102.54262045386065
-0.0007167906799732122,-110.64248568420372
-0.0008124405179420048,-117.94674444190157
-0.0009078596788495551,-124.94858608108484
-0.001004976568106444,-131.77882124739406
-0.0010987270271695388,-138.08709487471478
-0.001178947428744733,-143.26261939733817
-0.0012354798896782031,-146.7873062786162
-0.0012619557303835828,-148.40337344640494
-0.001258451898882068,-147.98632690286465
-0.0012318544782918348,-145.32658484384132
-0.0011918176585664364,-141.32290287130147
-0.0011492874383124553,-137.06988084590336
-0.0011112495625347485,-133.2660932681327
-0.001076936949565934,-129.83483197125125
-0.0010383912649519708,-125.98026350985491
-0.0009850273433546321,-120.64387135012105
-0.0009092088314995491,-113.06202016461276
-0.0008093995945960038,-103.0810964742582
-0.0006897188860014124,-91.11302561479907
-0.0005577749684476916,-77.918633859427
-0.00042172110458230187,-64.31324747288802
-0.0002865563268032112,-50.79676969497896
-0.00015289975053675938,-37.431112068333775
-1.99356625962108e-05,-24.13470327427892
0.00011091807882367186,-11.049329132290655
0.00023861889127207205,1.7207116474407231
0.0003634706729156376,14.191318261545137
0.000490069777251869,26.760364014579505
0.0006298129226959924,40.4622294438697
0.0007874404400224597,55.593450903877624
0.0009514716662141053,70.85449779784233
0.0011067456298050468,84.7435421960408
0.0012443416497525351,96.5325544625726
0.0013637874039896772,106.33514695063062
0.0014709279716336734,114.76750468451596
0.0015744408183395874,122.57916058147524
0.0016812306986942064,130.28527864644957
0.001793194180728624,137.97534554534832
0.0019064340878552754,145.34658564661294
0.0020129398973529862,151.90866883116402
0.002103609313382373,157.21536422474495
0.0021709454527501994,160.99257559981507
0.0022103911817381037,163.14135181579192
0.0022218960364538934,163.75926014385084
0.002209911106866503,162.56076718511179
0.002181572986732915,159.72695517175302
0.0021444848443867856,156.01814093714006
0.0021046083491643177,152.03049141489325
0.0020684823412432927,148.41789062279076
0.002036000570436193,145.1697135420808
0.0019996976196876848,141.53941846722998
0.0019492875247988154,136.49840897834306
0.0018774676197197823,129.31641847043974
0.001780499066582866,119.61956315674811
0.0016540428885415852,106.97394535262004
0.001502148687415094,91.78452523997092
0.0013371370576850802,75.28336226696952
0.001174613080133143,59.030964511775814
0.0010256170513544298,44.131361633904476
0.000892353967842531,30.8050532827146
0.0007679945013614865,18.369106634610155
0.0006410548324028034,5.675139738741843
0.0005050860947695506,-7.916557522635418
0.00035607570928497035,-22.73518666872709
0.00019303592380646783,-38.72688095448864
1.8165048408109674e-05,-55.465300627445664
-0.00016309414124127952,-72.20012268917498
-0.00034417569029047794,-88.1476882846731
-0.0005204788363125624,-102.82308077398638
-0.0006883668685523834,-115.94514385846455
-0.0008457145170083738,-127.44914932878531
-0.0009911884012907411,-137.38571566882104
-0.0011246032310717237,-145.90610414758265
-0.0012466799438088103,-153.21083246320504
-0.0013589070985583812,-159.51964437788496
-0.0014630548066067897,-165.03448551084028
-0.0015599164264768414,-169.87830088029352
-0.0016500125012455004,-174.14465818093868
-0.001733587737067783,-177.90280464018608
-0.0018091542617459893,-181.1409479233977
-0.0018709764607114292,-183.68069175856357
-0.001913279709439657,-185.36332081038353
-0.0019326195053730804,-186.11789968941596
-0.0019286238905691653,-185.6655188380031
-0.0019032483372846884,-183.12796350955543
-0.0018611611988944713,-178.9192496705337
-0.0018082750841497573,-173.6306381960623
-0.0017459391155937817,-167.39704134046477
-0.001670782268821807,-159.88135666326727
-0.0015794746344878485,-150.7505932298714
-0.0014731213117103095,-140.1152609521175
-0.0013568737669488837,-128.49050647597494
-0.001237816700475512,-116.58479982863778
-0.0011192873692502268,-104.73186670610924
-0.0009989064538501802,-92.6937751661046
-0.0008704737669329051,-79.85050647437707
-0.0007282739760296382,-65.6305273840504
-0.0005715771888308055,-49.96084866416713
-0.0004057230995127447,-33.375439732361045
-0.00023863759835008908,-16.666889616095485
-7.567415224665735e-05,-0.3705450057523184
8.210979748024594e-05,15.385339257438874
0.00023750212119824502,30.769518568049353
0.00039275885991569073,45.88094840603793
0.0005429988914301786,60.14603170350182
0.0006828008160198779,73.0182953654224
0.0008096748782587577,84.306947735644
0.0009240012525614714,94.1220760884332
0.0010270892341902233,102.66000120823388
0.0011204083453971736,110.1202714938934
0.001204687819448691,116.63096435358528
0.0012784970051903165,122.15191295557207
0.0013384037873137376,126.50702946925641
0.0013828520251936403,129.66484588549352
0.001420223662959003,132.2712608726494
0.0014563482455436294,134.74837888320596
0.001490092236450238,137.02464375562985
0.0015139199615013992,138.6101049530499
0.0015182463046721668,138.89603113158086
0.001495276672415925,136.59906790595667
0.0014438818464735258,131.45958531171672
0.0013725547767237003,124.3268783367342
0.0012945776652175428,116.52916718611844
0.0012211198987127545,109.18339053563962
0.0011515800629396424,102.22940695832841
0.0010800208716954902,95.07348783391319
0.0010019546583045354,87.26686649481772
0.0009153165955468835,78.60306021905252
0.0008218344366032029,69.25484432468447
0.0007259735116788642,59.6687518322506
0.0006386921979930578,50.94062046366996
0.000562557003208365,43.32710098520068
0.0004878543866717103,35.85683933153522
0.0004021059154847153,27.281992212835718
0.00029988418626548106,17.059819290912287
0.00018309298849599365,5.380699513963546
4.688483733249392e-05,-8.23657581405662
-0.0001014587043009129,-22.998655124023056
-0.00024357587106116482,-36.97363467134286
-0.00035985256050838577,-48.218320201236885
-0.0004413865574135807,-55.97322642352785
-0.0004923615257850179,-60.75906304854462
-0.0005245646427728223,-63.75568946561086
-0.000556683988741268,-66.72282279142728
-0.0006074491768424499,-71.36623539875322
-0.0006862964160238722,-78.45961411175105
-0.0007812575499784192,-86.79769475493904
-0.0008760381783688297,-94.88116628973938
-0.0009604947791286027,-101.8717777999575
-0.0010325023253111654,-107.66739605482918
-0.001098038263947447,-112.80668294598827
-0.0011589112785599512,-117.46231930924773
-0.0012084205651029468,-121.1638580999288
-0.0012308745508597659,-122.81727555958669
-0.0011955314013631004,-119.28296060992012
-0.0010904212110948025,-108.77194158309034
-0.0009346341325073982,-93.19323372434992
-0.0007745736706494949,-77.18718753855958
-0.0006737516701965825,-67.10498749326834
-0.0006615492293336399,-65.88474340697408
-0.0007168757939042165,-70.95848081507845
-0.0007831845782318589,-76.94699916008534
-0.0008032415654316948,-78.73764008277404
-0.0007426079871463935,-72.6742822542439
-0.0006054239799282308,-58.95588153242763
-0.0004268412644815623,-41.09760998776079
-0.00024586806570618236,-23.000290110222792
-9.259380343435237e-05,-7.672863883039799
2.332731893380014e-05,3.9187093847403083
0.00010651976985585071,12.227380737781326
0.00016355089951124489,17.907133972834437
0.00020260540611321317,21.785114877039415
0.0002320236530074435,24.698636625663617
0.0002624483924203712,27.70393788688762
0.00030441034326298474,31.83394981420119
0.0003680853246895025,38.062954199704464
0.00045809120279165927,46.77503286762058
0.0005695116768226567,57.37910642814959
0.0006897167106759092,68.55246016397453
0.0008044021400281775,78.91476693435605
0.0009165916258037361,88.7369670147662
0.0010280014014843262,98.15630394668375
0.0011337410043749637,106.76816409954755
0.0012253965126593834,113.96292413980163
0.0012936137073235642,119.15044884884082
0.001335296516634933,122.24876130291366
0.0013543294020525681,123.6453292899663
0.0013555311725944401,123.67042170790226
0.001326138533826389,120.73115783109718
0.0012646111890605763,114.5784233545159
0.0011881748921886807,106.93479366732633
0.0011267440135506479,100.79170580352306
0.001116998469419107,99.76433173606007
0.001167658185517944,103.90637570443663
0.0012525875750622945,110.67984715768556
0.0013236771306703026,116.18133489491576
0.0013359692383111618,117.11680461771766
0.0012651219137952727,110.03207216612876
0.0011187774962735562,95.3976304139571
0.0009338771686543439,76.90759765203589
0.0007585327486457506,59.37315565117655
0.0006315364847130354,46.67352925790503
0.0005613692193355795,39.65680272015944
0.0005368317042395432,37.20305121055581
0.0005386469810908564,37.380228271070784
0.0005474145939274315,38.23538202534628
0.000546316731765563,38.12559580915943
0.000523025953213177,35.796517953920834
0.0004707658079065143,30.570503423254568
0.0003860937008029467,22.103292712897805
0.0002707420033778608,10.568122970389211
0.0001345507418661257,-3.0504931410494733
8.313498597204105e-07,-16.394087301223376
-0.00011140720240601195,-27.515492003210525
-0.00019688942509424507,-35.90560624937975
-0.0002636967034300552,-42.39979811823563
-0.00032551218965176204,-48.35059235789199
-0.0003935174429004386,-54.82396887311144
-0.00047040804277129227,-62.039686504241445
-0.0005477731438932767,-69.17727686740155
-0.0006103229821544848,-74.85021356600784
-0.0006464290865011417,-78.08261560678811
-0.0006602855861332451,-79.31463045846839
-0.0006635673392810579,-79.6057189546149
-0.0006684289502948268,-80.03644362652388
-0.0006829347990302425,-81.31808036487044
-0.0007086696694256957,-83.57863488326655
-0.0007401592850826544,-86.32130268037682
-0.0007676940298272096,-88.6979969293792
-0.0007814309327816157,-89.87608743097039
-0.0007758232046897148,-89.3153146217803
-0.0007489631209325153,-86.62930624606035
-0.0006997598341374134,-81.70897756655016
-0.0006341834930081645,-75.15134345362527
-0.0005679701339058839,-68.5300075433972
-0.0005169040042334747,-63.423394576156284
-0.0004884802640608189,-60.58102055889071
-0.00047744183134878717,-59.47717728768753
-0.0004607878509293699,-57.811779245745804
-0.0004190631311743167,-53.63930727024048
-0.00034710578241150386,-46.443572393959194
-0.00025643622323733294,-37.376616476542104
-0.000173888347050379,-29.12182885784671
-0.00011662844671609746,-23.395838824418558
-8.083045351054045e-05,-19.81603950386285
-4.715934839855622e-05,-16.44892899266443
3.7167579849532896e-06,-11.361318354313479
8.361992550973484e-05,-3.3710016018353235
0.00019418829392095038,7.683664482560909
0.0003227523377179549,20.494006556492963
0.000446786415617782,32.74310215291669
0.0005457871965809629,42.39900534582849
0.0006102924754231056,48.616398657809036
0.0006437161697679858,51.81170092093742
0.0006618171358657666,53.534135402443546
0.0006798601051679892,55.24522868209719
0.0007055435588604393,57.67055007460559
0.0007402942506156011,60.931986885616105
0.0007833921370486935,64.94314300639029
0.0008336402670280338,69.57010842120455
0.0008903143129400836,74.72090981114675
0.0009510759174920874,80.15869784791167
0.0010111814811116194,85.44715549123241
0.001064639928936498,90.0715810069311
0.00110747747392273,93.72151990624182
0.0011368300357702545,96.19312591395372
0.0011449856611741578,96.87556184854313
0.0011320532386968644,95.5823196008138
0.001107248623329805,93.10185806410786
0.0010852198974613775,90.8989854772651
0.0010754773989253437,89.92473562366175
0.0010782018571620288,90.15852448285598
0.0010854335712998443,90.77810982430493
0.0010838359141169755,90.61834410601804
0.0010623414107712348,88.46889377144399
0.0010182864473048648,84.06339742480698
0.0009636279658827255,78.59754928259306
0.0009097795170999175,73.21270440431225
0.0008585838496376145,68.09313765808197
0.0008014244923110557,62.377201925426085
0.0007210243276855035,54.33718546287087
0.0006085414986742652,43.08890256174704
0.0004705921428125383,29.29396697557435
0.0003271221778734375,14.94697048166427
0.00020117694758296274,2.3524474526167936
0.00010581080692690209,-7.181493184545827
3.8315383387962546e-05,-13.915853476179231
-1.5360442748051643e-05,-19.255290371668117
-6.316920305808528e-05,-23.994366603101707
-0.00011450993083725532,-29.061569657855078
-0.00018013721540741795,-35.49861544763569
-0.00026584514889849495,-43.82308829198081
-0.0003688263533442713,-53.67649721634888
-0.0004820235807342628,-64.28417772087799
-0.0006055556812184233,-75.54965913177372
-0.0007344304918063393,-86.91057694011634
-0.0008574258640539976,-97.3418675413454
-0.0009614689064587094,-105.82967784298745
-0.0010387504432034101,-111.92585590182833
-0.0010894764249032185,-115.82815913149555
-0.001120734782348878,-118.19317490548633
-0.0011442490609058068,-119.9521860575117
-0.0011684224062804187,-121.74243326648488
-0.0012001780455282384,-124.0662617977085
-0.0012440520512007577,-127.22443430033313
-0.001301525803353153,-131.26905183345616
-0.0013694037042867137,-135.9102608083384
-0.0014394141195579724,-140.54330888715822
-0.0015026771568862666,-144.5956509827238
-0.001548391809334972,-147.44498446218134
-0.0015673818181451847,-148.6092247252404
-0.0015543307277311644,-147.30411568383838
-0.001510148537885397,-142.88589669926162
-0.0014431418711267833,-136.18523002340027
-0.0013653735883001389,-128.4084017407358
-0.0012875693396780371,-120.62797687852563
-0.0012096741083439519,-112.8384537451171
-0.0011312827194714368,-104.9993148578656
-0.0010563654386653893,-97.50758677726084
-0.000990073247667869,-90.87836767750882
-0.0009338227003265031,-85.25331294337221
-0.0008845057504665465,-80.32161795737655
-0.0008409443457103305,-75.96547748175496
-0.000795787137937705,-71.44975670449242
-0.0007375501334673151,-65.62605625745343
-0.0006569567531554564,-57.56671822626755
-0.0005531030868537303,-47.181351596094935
-0.00043223294291277407,-35.09433720199932
-0.00029928179209574786,-21.799222120296697
-0.00016384552785454152,-8.255595696176066
-3.807681870366254e-05,4.320498785559671
6.722069208041871e-05,14.830508230197418
0.00014758055143908747,22.8139358449168
0.00020718735189309892,28.702879267491728
0.0002571198303282813,33.60871598545295
0.0003104111308890309,38.812166295408595
0.0003703188381528885,44.6158261363144
0.00043917966265137013,51.21860244649771
0.0005196774872169127,58.832322569114176
0.0006134618505295866,67.54180920105996
0.0007182956057492517,77.0478256051992
0.0008263368488219062,86.56442295579123
0.0009255373999182993,95.03075584691928
0.0010042550398692161,101.55283931575546
0.0010612238840458624,106.160453155253
0.0010969624967834804,109.00162709147486
0.0011112847172533617,110.12941137121591
0.0011043289317805354,109.43383282393329
0.0010785602426900904,106.85696391488877
0.0010404271791164793,103.04365755752765
0.0009993447073854342,98.93541038442314
0.0009633809137536563,95.33903102124536
0.0009310401333539292,92.10495298127265
0.0008998336563679338,88.98430528267312
0.000868634883461029,85.86442799198265
0.0008364732705992481,82.64826670580456
0.0008005530568598583,79.05624533186557
0.0007548566764007327,74.48660728595301
0.000691739374416071,68.17487708748683
0.0006061020212394465,59.61114176982439
0.0005025221465589165,49.253154301771396
0.0003881807543179911,37.819015077678856
0.0002694732560308018,25.948265248959927
0.00015056470385962112,14.05741003184186
3.410616437239724e-05,2.4115560831194727
-7.831906540659364e-05,-8.826967528468023
-0.0001863246608947512,-19.58687169994473
-0.0002889398221224536,-29.735951248266364
-0.0003853327759213286,-39.17090123137786
-0.0004770531930240441,-48.03262002832583
-0.0005727784133548583,-57.1347877691475
-0.0006793334664349491,-67.06075949847907
-0.0007969680325729896,-77.73054872696554
-0.0009219098928976376,-88.69183828361597
-0.0010497369185703414,-99.47226636210301
-0.0011752423201280907,-109.59913156738496
-0.0012882414146169017,-118.30982562698662
-0.0013833611930338448,-125.33432560849833
-0.0014618562432936503,-130.91572584783196
-0.001529065211734084,-135.53874474262807
-0.0015894002558682861,-139.56618511355856
-0.0016442891416384717,-143.1293151692271
-0.001691450094308301,-146.11433949226668
-0.0017255124683604006,-148.2265323537278
-0.0017408734218435497,-149.16709318876119
-0.0017338098036692236,-148.4607313713286
-0.0017054892006154892,-145.62867106595516
-0.001661597288157663,-141.23947982017253
-0.0016088150142678826,-135.9612524311945
-0.001551245200928887,-130.20427109729496
-0.0014883196509864725,-123.91171610305351
-0.0014163502146793464,-116.71477247234088
-0.0013312240854882144,-108.2021595532277
-0.0012310255311487298,-98.18230411927922
-0.0011166707941141557,-86.74683041582182
-0.0009903494370803194,-74.1146947124382
-0.0008540722516056248,-60.48697616496873
-0.000708714572015268,-45.95120820593306
-0.0005568164318874312,-30.76139419314938
-0.0003993661744006955,-15.016368444475809
-0.00023565722278801613,1.3543084017170033
-6.496278797290147e-05,18.382157580491185
0.0001130036225140532,35.92450708426011
0.0002971279966036657,53.650660117168215
0.0004859227099875491,71.18566714823282
0.0006790717976387999,88.27632561587096
0.0008803755533002095,105.02057785003018
0.0010926454394401643,121.37244448067143
0.0013158059713106547,137.0391939227151
0.0015447877667410744,151.46836835405796
0.0017633479231512436,163.7181145362066
0.0019607087596623836,173.5611085830233
0.002136260074246795,181.40399855626745
0.0022970728634366345,187.88603662222025
0.0024509909982915984,193.50650205134352
0.0026039893928533,198.57064345669306
0.0027567060825828995,203.1476609925449
0.002903299303156633,207.13004984564947
0.0030336053780299988,210.36048281612804
0.003134186757858417,212.670281617269
0.0031925734089823243,213.942213689615
0.003201417688636001,213.99947557847355
0.0031665249402965615,210.51020074452958
0.0031014316605928096,204.00087277415443
0.003020695660512815,195.92727276615494
0.002934200047326841,187.27771144755752
0.002843436926320531,178.20139934692656
0.002740837512716977,167.94145798657112
0.0026134380669953676,155.20151341441021
0.002458825715873188,139.74027830219225
0.00228653104786052,122.51081150092544
0.0021080859039824358,104.66629711311703
0.0019268432888100448,86.54203559587792
0.001736810078370505,67.53871455192395
0.0015325210280136604,47.10980951623948
0.001309813170737411,24.839023788614533
0.0010700799673115957,0.8661169574162347
0.0008201178408779807,-24.009174199174243
0.0005678825239662659,-48.50961294701551
0.0003164312969618395,-71.83761015682857
6.132720985505909e-05,-93.97171568357368
-0.00020584118180039736,-115.17435872091487
-0.0004938776937090441,-135.550544676368
-0.0008035468687144016,-154.5221611032363
-0.0011267549707134315,-171.20833432374178
-0.0014522260972295252,-185.08567227174765
-0.0017715004545163545,-196.21112570348652
-0.0020810276504603176,-205.00596066666057
-0.002377803055067133,-211.9088221095805
-0.0026629140672372554,-217.38017337799675
-0.0029394370167171602,-221.79779759697036
-0.0032099720022166116,-225.4284790378333
-0.003473934815874727,-228.43406925071494
-0.0037269869315869524,-230.9095281719638
-0.00396225947729784,-232.91895357998945
-0.004169506331646476,-234.495599684048
-0.004336406141155593,-235.65372842149992
-0.00445230499887468,-236.40676772704182
-0.0045151616941500475,-236.79922091380743
-0.004525538751339394,-236.651262215604
-0.004484472375377689,-232.54462461943345
-0.004398831317428907,-223.98051882455525
-0.004281342235321907,-212.23161061385534
-0.0041445940000596326,-198.55678708762784
-0.003995655269635839,-183.66291404524844
-0.003844197182832035,-168.51710536486806
-0.0037013441563762254,-154.23180271928712
-0.003568571021219496,-140.9544892036142
-0.0034293188756314243,-127.029274644807
-0.003260590961902366,-110.1564832719012
-0.0030523283162549966,-89.33021870716422
-0.0028072257490809154,-64.81996198975611
-0.0025402044057344524,-38.117827655109814
-0.0022693406503112835,-11.031452112792916
-0.0020009549367368228,15.741211897424986
-0.0017358411825736276,41.63681678212289
-0.001475945293715595,65.91734763472716
-0.0012180152607475022,88.47490182516093
-0.0009538329670279767,109.65079326538415
-0.0006764151729379636,129.56960391742814
-0.0003820133246270948,148.0352342135272
-7.411969363602014e-05,164.49079034934113
0.00023527387731435558,178.31392397534205
0.0005356380542342296,189.42936905958663
0.0008219449721318631,198.2030713783222
0.0010951678813753997,205.16969063159402
0.0013603828194914652,210.8284977738325
0.0016232058865803562,215.5413815944375
0.001887086468934327,219.53078283453155
0.0021522448701576935,222.9232936342603
0.0024180825436584323,225.81802286374153
0.0026790464939127007,228.25845078014063
0.002925035276706045,230.26246407884474
0.0031437635338172802,231.84579325397118
0.0033236509721119687,233.03048172022335
0.003455920194738677,233.84313105029523
0.0035325092143717917,234.29335941474457
0.0035487780591924763,234.22358190749523
0.003503956678456403,229.7414438338879
0.0034066518750403814,220.01096349228573
0.003275680668010746,206.9138427893222
0.003139141560264171,193.25993201466466
0.003023782721921265,181.72404818037407
0.0029375650575249115,173.1022817407387
0.002866190548223205,165.96483081056806
0.0027761901825972416,156.9647942479717
0.0026347273293089255,142.81850891914013
0.002430056122056464,122.35138819389398
0.0021796271525858324,97.3084912468308
0.0019197340885690646,71.31918484515401
0.0016848958760585016,47.835363594097714
0.001488996475695085,28.245423557756038
0.0013171078822695364,11.056564215201181
0.0011417922099850677,-6.469181761377944
0.0009417968003255063,-26.31332332976426
0.0007143082238526751,-48.364551200648364
0.00047393500490794914,-70.67792037685547
0.0002413640357391567,-90.97549035442525
3.102884563992961e-05,-108.03808630408345
-0.000154353049400821,-121.96278249886954
-0.00031938752210374866,-133.44625025904915
-0.00047434190611076355,-143.43851662763777
-0.0006300629941054999,-152.71761518728866
-0.0007935131085210002,-161.65605393751613
-0.0009657772364186637,-170.22410374588762
-0.0011414511643849433,-178.10990617396595
-0.0013105357068629504,-184.94130210149538
-0.0014594606496286095,-190.3864902710943
-0.0015736693488371774,-194.22499046023114
-0.0016413025683489468,-196.3680377655669
-0.0016562014686401618,-196.8275954379511
-0.0016208671980340106,-193.29416837733598
-0.001548789057359741,-186.08635430990896
-0.0014601255601377299,-177.22000458770788
-0.0013733214136936972,-168.5395899433046
-0.0012995428810440145,-161.16173667833635
-0.0012450601278562276,-155.71346135955767
-0.0012038696487993322,-151.5944134538681
-0.001159346893961282,-147.1421379700631
-0.0010912235129089387,-140.32979986482874
-0.0009854248169806107,-129.74993027199594
-0.0008394809713021469,-115.15554570414956
-0.0006640253714644158,-97.60998572037644
-0.00047754448534805883,-78.96189710874074
-0.0002964793840023694,-60.855386974171815
-0.00013314671472348848,-44.52212004628371
7.049875049882726e-06,-30.502461068946594
0.00012866649153902952,-18.34079942003192
0.0002478588022730177,-6.421568346633102
0.0003807791030748833,6.869260308518248
0.0005367349703182497,22.407566934434758
0.0007140821211551742,39.84807887341751
0.0009033915577939188,57.99764684001518
0.00109136863831258,75.34894774163307
0.0012655715917948946,90.68782264635824
0.0014208368374821357,103.67093610002563
0.0015592853306648509,114.6537164897616
0.0016863937929088556,124.21936153669013
0.0017994692267619262,132.30152838896387
0.0018963695948561476,138.90373195695463
0.0019775198898052113,144.2024620619684
0.0020473354665520543,148.59370668592348
0.0021203982557870095,153.02464629761522
0.0022035449737868515,157.86466035593642
0.0022905980756704153,162.7046617738261
0.0023663062407657865,166.72837677029472
0.002414853088711479,169.21942828172843
0.002421647794002402,169.3846026648203
0.002369631485834259,164.18297184800605
0.0022593943313230515,153.15925639688527
0.0021132366046288696,138.54348372746708
0.0019680799165486327,124.02781491944339
0.0018559818487637032,112.81800814095044
0.0017873404831244204,105.95387157702216
0.0017483431489442659,102.05413815900671
0.0017102707862484705,98.24690188942718
0.0016548792497330651,92.70774823788663
0.001569942154072922,84.2140386718723
0.001449672185801607,72.1870418447408
0.0012962997967403225,56.84980293861237
0.0011189579805874596,39.115621323326074
0.0009289098910190482,20.110812366484932
0.0007294381686400738,0.16389671698348002
0.000529163153046197,-19.800013250709323
0.00034283954974620944,-38.10130189367696
0.00018571752239990178,-53.16965648772159
6.627085226601206e-05,-64.32532544592871
-2.3207695076814597e-05,-72.482196037479
-0.00010357654829182695,-79.64705748642928
-0.00020032653987716448,-88.05359096940367
-0.0003301325449900041,-98.93017400110499
-0.0004964350481216792,-112.14564599434449
-0.0006895698917072317,-126.42425082628857
-0.000891933886245997,-140.1161242253943
-0.0010869744435859133,-152.08275505715662
-0.001260378565231817,-161.73205566857487
-0.0013990096247642287,-168.80127838564954
-0.0014951182665217519,-173.37919941476474
-0.0015459588724491585,-175.69745223284323
-0.001553805569447276,-175.9836614487928
-0.001524661222499664,-173.0692267540316
-0.0014705415083862538,-167.65725534269058
-0.00140778083251639,-161.3811877557042
-0.001348954356525125,-155.49854015657772
-0.0012979689504065816,-150.39999954472336
-0.001251310084587615,-145.73411296282669
-0.0012090808559611897,-141.5111901001842
-0.0011662585444281919,-137.22895894688438
-0.0011112671225545667,-131.7298167595219
-0.0010312709010178217,-123.73019460584737
-0.0009196791903716626,-112.57102354123148
-0.0007801089370140806,-98.61399820547328
-0.0006267284181961205,-83.27594632367727
-0.0004782059364497669,-68.42369814904191
-0.00034876675310483254,-55.47977981454847
-0.00024384272756690513,-44.98737726075573
-0.0001582594488335709,-36.4290493874223
-7.751708286526257e-05,-28.354812790591474
2.2278011346333316e-05,-18.375303369431887
0.00015376039642043683,-5.227064862021538
0.00031167523717851075,10.559056098502499
0.0004774640081755214,27.03429749224655
0.0006321507621766822,42.18121693479298
0.0007638928149895645,54.81763916314894
0.0008686658469240356,64.64576373694956
0.0009550433826435711,72.57668161991955
0.0010373954719213692,79.97811146352075
0.0011344588128786369,88.48459281531119
0.0012668644247331683,99.68004770384911
0.0014342385081240999,113.10796191789417
0.0015975399627354931,125.38479526336845
0.0017184252221687261,133.9315665726042
0.0017906495611052639,138.81575646219807
0.001823521268892235,140.98361517841565
0.0018268055541692436,141.1457113531046
0.0018084893820643655,139.31409414261677
0.0017747057805958628,135.93573399576653
0.0017294756257112249,131.4127185073027
0.0016764152926890623,126.10668520508646
0.0016191281605410523,120.37797199028546
0.001561764303115336,114.64158624771383
0.0015087004537649204,109.33520131267227
0.0014669951739306392,105.16467332924417
0.0014356163220961653,102.02678814579677
0.001404756370854419,98.94079302162216
0.001360746017797345,94.53975771591473
0.0012948841891203325,87.95357484821349
0.001209316249529811,79.39678088916133
0.0011160510324267933,70.07025917885956
0.0010331046364483755,61.775619581017786
0.000974838345784648,55.948990514645025
0.0009424258492419058,52.707740860370805
0.0009168581606234926,50.150971998529485
0.0008783361022044956,46.29876615662978
0.000819123440486806,40.377499984860826
0.0007450598191798246,32.97113785416269
0.000667867647053328,25.25192064151302
0.0005970204998459361,18.167205920773835
0.0005331456907628746,11.779725012467683
0.0004683860853418214,5.3037644703623625
0.0003921549938331071,-2.3190523507723055
0.00029790754712485923,-11.731030138457532
0.00018879323632108827,-22.574820939886482
7.536920094533431e-05,-33.740887762637705
-2.9481689270706684e-05,-43.9254268565844
-0.00011490557754091808,-52.0994051337978
-0.00017061720095716757,-57.36099069633391
-0.0001962279898873602,-59.75977607834076
-0.00020089824816551516,-60.19579554031373
-0.00019683336925821482,-59.7893076495837
-0.00019289100422249865,-59.395071146012086
-0.00019043690042121563,-59.149660765883795
-0.00018427079858107732,-58.53305058186996
-0.0001689082767119797,-56.996798394960194
-0.0001482430036641602,-54.93027109017825
-0.00012674973635233965,-52.780944358996194
-0.00010548129458140583,-50.65410018190282
-8.258211095390374e-05,-48.364181819152606
-5.693191019356546e-05,-45.79916174311877
-2.7598821557430446e-05,-42.86585287950528
9.161666134600241e-06,-39.18980411030221
5.196719015399574e-05,-34.90925170836267
9.365044185711315e-05,-30.74092653805092
0.00012344326473551388,-27.76164425021085
0.00013293592414912,-26.81237830885024
0.0001226170964713339,-27.829348024927594
0.00010266284172193991,-29.79284014995355
8.757383528299306e-05,-31.27475202442549
8.762312589421455e-05,-31.26982296330334
0.00010585429991014361,-29.446705561710434
0.00013743831799324137,-26.288303753400655
0.00017441662439797413,-22.59047311292738
0.00021008767898731963,-19.02336765399283
0.00024340437201941605,-15.691698350783184
0.00028001359736784385,-12.030775815940405
0.0003247679404787408,-7.5553415048507135
0.00037621663641010107,-2.4104719117146853
0.00042910752176311174,2.878574596718984
0.0004824769973308453,8.213543034166067
0.000533970128234204,13.354342009276357
0.0005790038541604926,17.841130160257908
0.0006125192686975698,21.1728022414303
0.0006286379559749815,22.772390651039174
0.0006273682231989399,22.645417373435016
0.0006159562481828177,21.504219871822794
0.0006062510546687347,20.5337005204145
0.000612861604678111,21.190246272752745
0.0006388426647328441,23.76756513531246
0.000666195236417084,26.47515933345344
0.000674507423292346,27.29669362598068
0.0006529795274925934,25.143904046005417
0.0006048784356300801,20.333794859754086
0.0005428717138977221,14.133122686518288
0.00048292932984775696,8.138884281521777
0.0004385632782512066,3.7022791218667397
0.00041394786845027026,1.2407381417825472
0.00040524018709879367,0.3699739207011414
0.0004060115953541005,0.447114746231825
0.00041962538732072136,1.8084926524297158
0.00044601162361104346,4.4469229233336565
0.0004760723205359551,7.451772407366267
0.0004941592048505255,9.2588308276758
0.0004770999561357059,7.552905956193838
0.00041877113863867445,1.7200242064906932
0.0003373072181780988,-6.423711029159518
0.00026381018755394965,-13.756107152825178
0.00022405005581030752,-17.71173081338463
0.00022853862170079845,-17.260530160391852
0.0002758898147054926,-12.525410859922436
0.00034458570379050836,-5.655821951420861
0.0004019756908154363,0.08317675107193616
0.00042026271716979894,1.9118769539004306
0.00039062621316994836,-1.0517044661815342
0.00032327322967779177,-7.782731859004322
0.0002347773675929264,-16.603000086045935
0.0001490607252824403,-25.099623518486716
8.982656001383284e-05,-30.93293373125569
7.211305380475472e-05,-32.67003020158467
9.66085372646105e-05,-30.22048185559909
0.0001513557039622356,-24.74576518583658
0.00021724818621716584,-18.156516960343556
0.00027465336980736477,-12.415998601323665
0.0003096300991004169,-8.91832567201845
0.0003176260697777329,-8.118728604286853
0.0003040909800371025,-9.469822876476835
0.00028084269569710377,-11.788837160222457
0.0002610500163287791,-13.761213329665114
0.00025615130011527533,-14.24906973844746
0.00027614349743228055,-12.249850006746938
0.00032085933780197,-7.778265969777996
0.00037905312522422863,-1.958887227552132
0.00043408271701115696,3.543985166165694
0.00047220892275251286,7.355322956492592
0.00048678951742939637,8.81216558533653
0.0004759073130565183,7.7239451480487205
0.00044852821701795966,4.986035544192858
0.000420433406181726,2.176554460569493
0.00040699310650817416,0.832525129621818
0.00041568178143983254,1.7013920481229707
0.00044210764847243315,4.343801578141019
0.0004734030922108408,7.4720890354100264
0.000494784616972598,9.608204657507073
0.0005016659958345113,10.295415405506418
0.0004946934661595135,9.598162438006636
0.0004768481434045715,7.813630162512438
0.00045378602023466065,5.507417845521353
0.00043260599098393713,3.3894149204490005
0.00041937769325911496,2.066585147966783
0.00041336764066688005,1.4655798887432925
0.00041340704876384395,1.4695206946032433
0.00041970705560088925,2.0995176160585634
0.00043323536598159954,3.452287957777833
0.0004575620688340134,5.884428433345084
0.0004898480549956358,9.110732832003386
0.0005200032183629274,12.121505621839077
0.0005364888007254623,13.766052380135035
0.0005332506839448666,13.44224070207547
0.0005120639821903728,11.323570526626082
0.00047741954647917374,7.859126955506179
0.0004399213571956121,4.109308027150013
0.00041236422838404716,1.3535951459935218
0.0004051385017394928,0.6310237522658461
0.00042463976188066726,2.5811361120014493
0.00046699331461711466,6.815478465547261
0.00051980576981038,12.090185712254584
0.0005677944078056099,16.873964706261457
0.0006005024000349519,20.127437846308453
0.0006130475603809028,21.37348683559074
0.0006016344310764436,20.23217390514482
0.0005712919359917643,17.197924396676886
0.00053450383356744,13.519114154244457
0.000506771929061022,10.745923703602653
0.000498694516840871,9.938182481587562
0.0005132108784538559,11.387528400547913
0.0005456561657173463,14.624043224489043
0.0005839139365187515,18.43388550915791
0.0006133427372323169,21.358574714853134
0.0006234857287131689,22.36522845600381
0.0006181416959389648,21.830825178583396
0.0006043023548603924,20.446891070726156
0.0005859182925168622,18.60848483637314
0.0005650589242122056,16.522548005907478
0.0005442337637218902,14.440031956875936
0.0005246983503136436,12.486490616051283
0.0005017949553722209,10.196151121909002
0.00047305261009010003,7.321916593696921
0.000440173142207522,4.033969805439117
0.00040730921413242247,0.7475793183340004
0.0003774655886169867,-2.2365365011899905
0.0003517542062933986,-4.8066184229356415
0.00032956302770092397,-7.023709463477127
0.00030830003434824903,-9.146721525082976
0.000284460325985051,-11.525016763363714
0.00025522385841896856,-14.438156997935831
0.00022266082826296,-17.677157273188534
0.00018727707275507967,-21.18869105998342
0.00014668722936025022,-25.204658146737437
9.818372294134715e-05,-29.983437331767636
4.222783192784939e-05,-35.464483470503765
-1.5735996804121163e-05,-41.100292945876014
-6.693524440525575e-05,-46.0380595990635
-0.0001038858546895321,-49.575739070893924
-0.00012790364199396055,-51.86275929023806
-0.0001435569211069102,-53.347781840921016
-0.00015515612997004635,-54.44531297370607
-0.0001660210422767348,-55.471094914098884
-0.00017800680592568754,-56.60010930535376
-0.00019259875548096532,-57.97088350761083
-0.00021171013516127718,-59.75988245351364
-0.0002355354223582378,-61.97982892899402
-0.000258420629815503,-64.10109702071283
-0.000275483652463415,-65.67544437893304
-0.00028464395837158,-66.51802994654635
-0.00028703325244436426,-66.73750012401615
-0.0002860858919801328,-66.64276407759301
-0.0002821507144142612,-66.24924632100586
-0.0002690691078321348,-64.94108566279321
-0.00024059861908846066,-62.094036788425804
-0.00019570056504782782,-57.60423138436252
-0.00014145054119431923,-52.17922899901166
-9.682068312599304e-05,-47.71624319217905
-7.472383247459318e-05,-45.506558127039064
-7.428288673452525e-05,-45.46246355303227
-8.276236719781811e-05,-46.27716400699847
-8.391928379876968e-05,-46.38823000197536
-6.676818713790807e-05,-44.6731203358892
-3.0389280817829138e-05,-41.035229703881306
1.873227291617399e-05,-36.12307433048099
7.944570665186103e-05,-30.051730956912284
0.00014654507552255098,-23.34179406984329
0.0002101923765593462,-16.97706396616377
0.00026055189571596183,-11.941112050502204
0.0002922303418840392,-8.773267433694468
0.0003082168090105913,-7.174620721039255
0.0003192327115443324,-6.0730304676651485
0.00033688089671707507,-4.308211950390879
0.00036162264064540264,-1.8340375575581214
0.00039400173623120767,1.4038715008788882
0.0004413373440805315,6.136710932337836
0.0005074652513526771,12.74107420616788
0.0005869476651437194,20.654644339914075
0.0006666895897481117,28.55055914696744
0.0007322340762522389,34.99590824337672
0.0007730890430042268,38.988497884600335
0.0007857509832553055,40.22158018000462
0.0007772390798614535,39.37038984061942
0.000762365242691921,37.88300612366618
0.0007560830797612136,37.25478983059544
0.0007660193300723987,38.22489453129277
0.0007910011688462022,40.65829363377333
0.0008239582984779492,43.85548978387286
0.0008549695422173913,46.849441259547625
0.0008755773750638378,48.83078579314166
0.0008806963549864033,49.32189615603179
0.0008666837968070947,47.92064033810094
0.000835625201576787,44.814780815070165
0.0007945288668403037,40.705147341421835
0.000753325794293786,36.58484008677007
0.0007239149420543556,33.64375486282703
0.0007111022649960204,32.3624871569935
0.0007109929417433894,32.3515548317304
0.0007128767013179329,32.536672821234035
0.0007057779366314759,31.826796352588342
0.0006824161745820098,29.490620147641728
0.0006416311227578375,25.412114965224493
0.0005889087620107279,20.13987889051354
0.0005333223215350687,14.581234842947614
0.00048268923549117746,9.517926238558493
0.00043633120996173277,4.882123685614025
0.00039151436278449974,0.40044739513067334
0.00034620515643347824,-4.129582814921499
0.00030014269865421737,-8.730935236057045
0.0002560089812409732,-13.13267596972301
0.0002133982566266158,-17.37320533657648
0.00016800651298063248,-21.877376512736202
0.00011404380577795886,-27.210078773868233
4.912435636906811e-05,-33.58683245379763
-2.3730811221236525e-05,-40.682207993034446
-9.601980283628807e-05,-47.647192653599205
-0.0001583371152769467,-53.58246815818997
-0.00020515448388175938,-57.99502861692188
-0.00023650202110161355,-60.925687663409676
-0.00025749818143720575,-62.8774185498318
-0.0002749444615740296,-64.4921377308706
-0.0002942588078221159,-66.27214221603006
-0.0003162920255871381,-68.29273103796694
-0.00033670206144053574,-70.15475331467276
-0.0003509842924826134,-71.45206725546609
-0.0003603697984450517,-72.30201442357416
-0.0003651424310126746,-72.7334306731091
-0.0003561444263395034,-71.83363020579198
-0.0003277869458487682,-68.99788215671846
-0.000284172839504155,-64.63647152225714
-0.00023474331232770456,-59.69351880461208
-0.00018731836066535653,-54.951023638377286
-0.00014718844161593566,-50.9380317334352
-0.000121652249001645,-48.38441247200613
-0.00010894331577835305,-47.11351914967694
-9.797593176138277e-05,-46.016780747979915
-7.431765346184059e-05,-43.650952918025695
-2.9005460298998432e-05,-39.11973360174149
3.8673856957680355e-05,-32.35180187607361
0.00012195398428440277,-24.023789143401363
0.00020888654665614497,-15.33053290622714
0.0002875763015005189,-7.461557421789745
0.0003502870752078156,-1.1904800510600781
0.00039748754402658845,3.5294857951456216
0.00043378711785682037,7.158225378356505
0.00046460753035313355,10.237088464312562
0.0004953415174217591,13.304268531881215
0.0005307538412388752,16.833230355878488
0.0005746747863608765,21.20028119771235
0.0006296409350911413,26.646025207682296
0.0006949176218198234,33.07777490148046
0.0007669684603809282,40.12168901917548
0.0008386122703138711,47.056740730049015
0.0009019304793533988,53.11943823685699
0.0009489577989586429,57.57728893423939
0.0009709699871472707,59.64975593226486
0.0009670325430165719,59.25601151919496
0.0009449654292752404,57.04930014506183
0.0009175576144207979,54.308518659617576
0.0008947989667406049,52.03265389159827
0.0008802185850233876,50.57461571987654
0.0008700183196726895,49.55458918480674
0.0008556097217267939,48.113729390217166
0.0008291581743071076,45.468574648248534
0.000787361202347382,41.28887745227597
0.0007360201509550589,36.15477231304366
0.0006814053906585764,30.693296283395416
0.000625573373955735,25.110094613111276
0.000565979084607954,19.150665678333176
0.0004974693798625857,12.299695203796343
0.000419162127607362,4.468969978273979
0.0003393759106461736,-3.509095088248554
0.00026533772667930813,-10.903137203301421
0.0001898349206712837,-18.419308168522786
0.00010765654624424591,-26.554935147233078
2.729712375497276e-05,-34.44745346088403
-4.150364916875865e-05,-41.14219775749054
-9.632924831926663e-05,-46.4284658200302
-0.00014215005229128343,-50.80945691994278
-0.00018770871793304868,-55.12897934492626
-0.00024199247864118724,-60.2246565157357
-0.00031142633113349113,-66.65503121615937
-0.0003961391301565945,-74.35610719703728
-0.0004901908325980135,-82.7044398012215
-0.0005847392131774233,-90.86637101212281
-0.0006720991046081476,-98.18946790601107
-0.0007476321588027187,-104.34428433508633
-0.0008099330452761925,-109.29341768952726
-0.0008599168614634774,-113.17896712973321
-0.0008982527881420318,-116.10696260498001
-0.0009264961768243673,-118.234916515238
-0.0009472634821858199,-119.78369640259503
-0.0009633838059963158,-120.97658863728462
-0.0009768088023279797,-121.96379076803538
-0.0009885591805649224,-122.8231886949553
-0.000998062262371845,-123.51503613439758
-0.001002905632739793,-123.86654726671023
-0.0009993195706088595,-123.50794105361689
-0.000982325489216868,-121.80853291441774
-0.0009460453304742488,-118.18051704015583
-0.0008891031858233649,-112.48630257506743
-0.000815965197627996,-105.17250375553054
-0.0007347164817369264,-97.04763216642358
-0.0006525175872868435,-88.82774272141529
-0.0005727530774253957,-80.85129173527051
-0.000494418281140179,-73.01781210674885
-0.0004128456432688824,-64.86054831961918
-0.0003227813711209696,-55.854121104827904
-0.00022275079141323575,-45.85106313405452
-0.00012032419384161722,-35.60840337689266
-2.2519898868038913e-05,-25.827973879534834
6.909324750583948e-05,-16.666659242146995
0.0001585070991488404,-7.725274077846905
0.0002515478262666176,1.5787788033079493
0.00035255279946033784,11.671533134445653
0.00046193871061339057,22.55615917982342
0.0005757795311630887,33.7861827070754
0.0006884964174617425,44.759179432658996
0.0007946296828262831,54.91758172119256
0.0008907774925099069,63.94475357207567
0.0009769900364249204,71.87682668841168
0.001057830102285428,79.16064084345875
0.0011372532171873766,86.16010700421441
0.0012159375617036233,92.93157609448915
0.0012920790825762577,99.32190359378252
0.0013632588616107198,105.14553249845446
0.001427584974316264,110.2796067651926
0.001484227321798358,114.69681628320957
0.0015335212067462485,118.46069447061554
0.0015762085376132048,121.65905984088253
0.0016118106170299458,124.28285711512311
0.0016377897759777063,126.17224408243966
0.0016506039133448282,127.09631574853704
0.001647633656158391,126.79929002989333
0.0016283578858487368,124.87171299892792
0.0015949216875809737,121.5280931721516
0.001551374936689262,117.17341808298043
0.0015015762518962926,112.19354960368348
0.0014470774707741872,106.74367149147294
0.00138507107801575,100.54303221562924
0.0013129509512993323,93.33101954398747
0.0012310150808850508,85.1374325025593
0.0011423064967111428,76.26657408516851
0.0010507012116176674,67.10604557582097
0.0009597220521697961,58.00812963103385
0.0008735823531256738,49.394159726621616
0.0007919167766883342,41.227602082887664
0.0007100266308283425,33.03858749688849
0.0006219569300157618,24.231617415630417
0.0005247526327168885,14.511187685743092
0.00041909387487894505,3.945311901948749
0.00030619949958468937,-7.340607389452915
0.00019082327369356798,-18.834379048366145
7.932435659457947e-05,-29.85359177405899
-2.2455089538526117e-05,-39.79636770100032
-0.00011184830572016647,-48.41017128007586
-0.00019020227220134506,-55.850823436759654
-0.00026159738009952534,-62.52951650622148
-0.0003307968366937715,-68.90137141882701
-0.0003981013659418253,-74.9951184864507
-0.00046398904390713205,-80.85490082299346
-0.0005303335191207,-86.64363446113902
-0.0005986837765826129,-92.48445303167186
-0.0006687726569504554,-98.33881015818399
-0.0007386112527720459,-104.03137090395184
-0.00080839028518056,-109.57443404161742
-0.0008743223090428287,-114.67592973028808
-0.0009283017674233998,-118.75253887894912
-0.0009620218274771821,-121.2529101906206
-0.0009710573456517441,-121.91682950139138
-0.0009558083801720267,-120.39193295341963
-0.0009181965341429146,-116.6307483505084
-0.000866763736954716,-111.48746863168854
-0.0008142796701784764,-106.23906195406458
-0.0007714780765473172,-101.95890259094867
-0.0007417071920540232,-98.98181414161925
-0.000720055378096357,-96.81663274585264
-0.0006977439147459723,-94.58548641081417
-0.000664466243403661,-91.25771927658305
-0.0006127559237441007,-86.08668731062701
-0.0005401309658683047,-78.82419152304742
-0.0004494367044045581,-69.75476537667275
-0.0003470020100743482,-59.511295943651774
-0.00023999739016036215,-48.81083395225317
-0.0001347847679955957,-38.289571735776526
-3.576337855211327e-05,-28.38743279142828
5.4903440037988116e-05,-19.320750932418143
0.00013723890937541522,-11.087203998675434
0.00021334885441704198,-3.476209494512759
0.00028692165403938454,3.8808598648290897
0.000362105775065537,11.392358990931331
0.00044229193456792504,19.37985373305771
0.0005288073654345221,27.95008471023158
0.0006208767915936742,36.991962594085834
0.0007155922635127261,46.182781776275974
0.0008091422760477189,55.124441046038434
0.0008983669620155835,63.50465948105051
0.0009815275824398412,71.16803949946345
0.001058775256250639,78.14647411455525
0.0011310855633411801,84.54722282319776
0.001199420925343738,90.47206348623631
0.0012638335153695595,95.94114522954952
0.0013229540743356018,100.85837766874266
0.0013745106385903052,105.06403643591435
0.0014161749778569077,108.40539544236498
0.0014468389290236596,110.83129637860061
0.0014668956989536052,112.40262509557922
0.001478067349859595,113.27253892543328
0.0014822146639133615,113.59451003225665
0.001478512466480712,113.22429028899171
0.0014667039797909753,112.04344162001803
0.0014476412128033094,110.13716492125144
0.0014224957367335559,107.62261731427608
0.0013913632484729216,104.50936848821266
0.001353060134170384,100.67905705795889
0.0013062506644356292,95.99811008448341
0.0012495292023554285,90.32596387646335
0.0011826409207718522,83.63713571810571
0.001107280476533573,76.10109129427781
0.0010292146215142922,68.29450579234971
0.0009526239111728431,60.6354347582048
0.0008774134299347769,53.11438663439817
0.0008012277466872607,45.49581830964656
0.0007220078270862247,37.57382634954297
0.0006381814846389285,29.191192104813346
0.0005454374831898005,19.916791959900543
0.00044335315630384954,9.708359271305445
0.0003364270362298744,-0.9841193912150386
0.00023047293478588787,-11.567639556121673
0.00012832203652928374,-21.72434468314924
3.0760107652955476e-05,-31.347449153750187
-5.847457807026067e-05,-40.056170913913405
-0.00013957178636634979,-47.87389158642152
-0.00021691711244827797,-55.22866552700035
-0.00029666273916672354,-62.69398045630522
-0.0003821508820053193,-70.5490241985956
-0.00047294557131881117,-78.70757924296605
-0.0005650090325502275,-86.77017605530857
-0.0006517735893810734,-94.1619081946417
-0.0007271298843267751,-100.41041233866503
-0.0007858574401030833,-105.16558689548903
-0.0008249073601236663,-108.27062834885548
-0.0008448302512892966,-109.8370592571129
-0.0008523744373959967,-110.42706919787044
-0.0008541453218450014,-110.56531374099144
-0.0008529082041483692,-110.44160197132823
-0.0008485850270575381,-110.00928426224512
-0.0008399957779497235,-109.15035935146365
-0.0008259039361958574,-107.74117517607704
-0.0008064184834798533,-105.79262990447664
-0.0007825872772407659,-103.40950928056789
-0.0007556369524418874,-100.71447680068003
-0.0007250761687751265,-97.65839843400397
-0.000688352781328526,-93.98605968934392
-0.0006429686744582001,-89.44764900231132
-0.0005882212161831823,-83.97290317480955
-0.0005249149652959482,-77.64227808608614
-0.0004508975263758058,-70.2405341940719
-0.00036732239624577567,-61.88302118106888
-0.0002796686320986045,-53.117644766351766
-0.00019386465674252424,-44.53724723074374
-0.00011272263174698048,-36.42304473118936
-3.57924280622697e-05,-28.730024362718282
3.756965542782977e-05,-21.39381601370834
0.00011049539550255042,-14.101242006236271
0.00018823401644424127,-6.327379912067188
0.00027496068520583406,2.3452240545546874
0.00037115890800075473,11.956808714595802
0.0004750236167904891,22.292448928790925
0.0005860368146951824,33.24845357798126
0.0006992349527245016,44.27684903758574
0.0008010226973145436,54.03232759393136
0.0008803533411339401,61.50866707394266
0.0009345507833834719,66.5446528904619
0.0009694093139253205,69.75065108569218
0.000994609390527323,72.05153161884779
0.0010197919728256947,74.33629387268365
0.0010509678425667916,77.1441605263709
0.0010879890969145507,80.44795339198792
0.0011257636727381416,83.78374939749246
0.0011570091270149733,86.51532659231289
0.0011774237768919355,88.28622266935061
0.0011844237144196515,88.89089310683447
0.001176730864212446,88.12160808611392
0.001155250164235963,85.97353808846562
0.0011225616742377448,82.7046890886438
0.0010830870466503,78.75722632989934
0.0010424432576681738,74.6928474316867
0.001005011743909195,70.94969605578882
0.000972176587532301,67.66618041809943
0.0009423998403899136,64.68850570386067
0.0009146158578878299,61.9101074536523
0.0008847953083182031,58.92805249668962
0.0008464936795689452,55.097889621763834
0.0007950053201030943,49.94905367517874
0.0007303433726347467,43.48285892834398
0.0006562604121805193,36.07456288292125
0.0005743691631009423,27.885437974963544
0.0004885340032540566,19.30192199027498
0.000404559166244042,10.904438289273518
0.000326827119806878,3.131233645557117
0.00025561978166211086,-3.988843031745932
0.00018766234367315518,-10.775836645726468
0.00011835133326822106,-17.678296417284052
4.400629684145917e-05,-25.04683923376689
-3.621544368927136e-05,-32.94115340391411
-0.00012019254686285863,-41.12385188384841
-0.00020366034431767023,-49.15635130539837
-0.0002823565023333867,-56.62206325054085
-0.00035346380267071184,-63.26631779775139
-0.0004145777312872972,-68.89227081697553
-0.0004598315877877684,-73.00432796157473
-0.0004868272443659975,-75.43449133743917
-0.0004985054599077708,-76.4803422056316
-0.0005013988270599829,-76.73894671255601
-0.0005022145436344406,-76.81181716747577
-0.0005043304306362282,-77.00075987420264
-0.0005063533726679377,-77.18130020183047
-0.0005043090660865752,-76.97686954369424
-0.0004983018332537755,-76.37614626041426
-0.000487218127797965,-75.2677757148332
-0.00046804531205855147,-73.35049414089185
-0.00043796523976158576,-70.34248691119528
-0.0003969518754523143,-66.24115048026815
-0.000348456389199738,-61.3916018550105
-0.0002984238770232445,-56.38835063736116
-0.0002532377159476547,-51.86973452980218
-0.00021671833623886132,-48.217796558922835
-0.00018846258353378588,-45.39222128841529
-0.00016377643401957066,-42.92360633699377
-0.00013626211064729157,-40.17217399976586
-0.00010098762859054149,-36.64472579409085
-5.55819818949513e-05,-32.104161124531835
5.722538037873339e-07,-26.48873755465797
6.486608010852806e-05,-20.0593549241839
0.00013252246779583485,-13.293716155453215
0.00019852171445966814,-6.6937914890698895
0.000259688762613128,-0.5770866737239003
0.00031537007014878943,4.990631921508613
0.0003669993660759658,10.149192271449309
0.00041694803708972067,15.131514272055625
0.0004667670788095099,20.088360735482794
0.0005169112585257242,25.06056142111105
0.0005667991909591496,29.986169991255675
0.0006144056110976017,34.66297838224237
0.0006566780120760855,38.7935963147359
0.0006907029308767332,42.10143493332178
0.0007155747118331677,44.50911754556314
0.0007313559601491564,46.03204163598192
0.0007389222229312232,46.76084793075472
0.0007396110523139137,46.82715386908602
0.0007351333932136161,46.37938795905626
0.0007273055956454016,45.59660820223482
0.0007177155007577054,44.637598713465195
0.0007065595379249841,43.52200243019306
0.0006908555247169955,41.95160110939421
0.0006684773833778205,39.7137869754767
0.000640066667475361,36.872715385230755
0.000608582464323312,33.72429507002585
0.0005777664867035954,30.642697308054192
0.0005502225034435568,27.888298982050333
0.0005261901376120854,25.4850623989032
0.0005047849980304277,23.34454844073743
0.0004872497079567249,21.591019433367148
0.00047321237277019,20.187285914713662
0.00045992278912824266,18.858327550518922
0.0004436538350596288,17.231432143657536
0.00042191309924147273,15.057358561841928
0.0003945705930567122,12.323107943365878
0.0003636705528497297,9.233103922667627
0.0003332074191103151,6.186790548726165
0.000307499947140348,3.6160433517294557
0.0002884576136518521,1.7118100028798637
0.00027193332070765984,0.05938367529524053
0.0002538814074805614,-1.745708451916744
0.00023356236025654994,-3.7771341309301514
0.0002130212117650731,-5.830077530386392
0.00019508682706682792,-7.6216892576792645
0.00018140038633467648,-8.98830228360418
0.00017161185455369358,-9.965308787764245
0.00016357805574968668,-10.766901050132795
0.00015496509728668312,-11.625985870794816
0.00014471809192585617,-12.647628537654368
0.00013377986276663054,-13.737634600620229
0.0001245128069251788,-14.66062668654242
0.00011907365240002306,-15.202145676615826
0.00011875149858927681,-15.234213924218858
0.0001232080926461861,-14.78855451852793
0.00013116750890386925,-13.992612892759617
0.00014087363796243095,-13.021999986903447
0.00015086102787287194,-12.023260995859347
0.0001603094825708505,-11.078415526061493
0.00016822185320552517,-10.287178462594024
0.0001732419142704471,-9.785172356101834
0.00017486986183088955,-9.622377600057586
0.0001769578349773317,-9.41358028541337
0.00018206957965489194,-8.902405817657346
0.000189810908008631,-8.12827298228344
0.00019784218002819303,-7.325145780327237
0.00020443095171923388,-6.666268611223153
0.0002092577481974696,-6.18358896339958
0.00021371350846759293,-5.738012936387247
0.0002200395710311592,-5.105406680030621
0.0002296906805363326,-4.140295729513282
0.00024368079006825656,-2.7412847763208847
0.0002625621549898832,-0.8531482841582186
0.0002851609757054642,1.4067316324873913
0.00030546823214037543,3.4373546955771377
0.00031967876349923573,4.858127902456088
0.0003285295634001379,5.742894696597441
0.0003356082605115782,6.450417173298339
0.0003436285699878966,7.251933704647142
0.0003535471959126514,8.242956136815152
0.0003642115263696162,9.308197264929978
0.0003734834058798499,10.234073464515243
0.0003799363643913216,10.878289436461303
0.0003827767541137545,11.16180677815114
0.00038160675589235543,11.044806956011234
0.00037771333821184233,10.655465187959926
0.00037766909038801523,10.651040405577215
0.000384890767382791,11.37188363337123
0.0003975174543889998,12.631761948360372
0.0004103687018345484,13.913363974576596
0.00041952754808305013,14.826276924847098
0.0004239442576017511,15.266368450539247
0.00042534752345022307,15.406172573433448
0.000427755853337703,15.646085245903391
0.0004351787860893835,16.385349149157232
0.00044853766967106523,17.715014871649025
0.0004611960831067672,18.973981776049907
0.0004680621687424586,19.656437965510634
0.0004693726356650824,19.786656988234807
0.00046940717756069615,19.790089207123973
0.00047215555056133413,20.063152753399507
0.00047846557412999926,20.689888222477705
0.00048522187638449393,21.360641362980413
0.0004863304192465356,21.470664271695977
0.0004761639686497258,20.454019212014995
0.00045224826620608304,18.06244896765072
0.000416263257490331,14.463948096075512
0.00037333432033250766,10.171054380293182
0.00032907004376265224,5.74462672330764
0.0002877381921574724,1.6114415627896552
0.00025123905879148286,-2.0383346380031386
0.0002185362728771294,-5.307381679833924
0.00018674643404292766,-8.482948535832476
0.0001549773407590671,-11.653114203105446
0.00013055469098562767,-14.087225618838232
0.00011791754730604765,-15.345519828936162
0.00011490828968251362,-15.645023177472996
0.0001137823134963614,-15.757075091807382
0.00010681319372379403,-16.45044254953495
9.00804359658894e-05,-18.113977563664022
6.483141308438658e-05,-20.62059417695145
3.82651029403581e-05,-23.25278677364836
1.9391626816174802e-05,-25.11918906790089
1.3866066696515965e-05,-25.665010797042914
1.6393175392097063e-05,-25.412299927484803
2.0180415369883156e-05,-25.033575929706195
2.2482758601540545e-05,-24.803341606540457
2.4109480862539643e-05,-24.64066938044055
2.730765668626376e-05,-24.320851798068137
3.3241505565836e-05,-23.727466910110913
4.1642597692498364e-05,-22.88735769744467
4.8948077265604186e-05,-22.156809740134094
5.012190523404041e-05,-22.03942694329047
4.260854990570689e-05,-22.783568235535274
2.872257300049643e-05,-24.157628329916378
1.4669250365595285e-05,-25.54652884641887
5.75268367547216e-06,-26.426820763923825
6.678083907844844e-06,-26.33428074068656
2.0183588927213616e-05,-24.98373023874968
4.760634633995756e-05,-22.241454497475285
9.242008112402132e-05,-17.760081019068906
0.00015319584336574845,-11.682504794896193
0.00022248356626961436,-4.753732504509602
0.0002898392242085871,1.9818071391613015
0.000347083130276272,7.704291733722523
0.00039054315541463665,12.043882677378551
0.0004216160463665468,15.142168341935847
0.00044620052834508085,17.590090247335464
0.00047180942895643554,20.13621258525769
0.0005038204617977293,23.312525825643018
0.0005403247909683965,26.924760205030484
0.0005780446713490133,30.64448345723116
0.0006151637694793001,34.29054330888126
0.0006509832187650199,37.79380022644215
0.0006842682905940077,41.03453965496594
0.0007126415488448528,43.7850084175005
0.0007330913121264069,45.76008618839574
0.0007427631546329552,46.691995140581774
0.0007408836047195069,46.50404014923694
0.0007290416674945991,45.31984642674617
0.000710884219024726,43.50410157975885
0.0006908293376062957,41.49861343791582
0.0006726555667593217,39.68123635321843
0.0006580161842326026,38.21729810054651
0.0006458179124885975,36.99747092614601
0.0006341237952459384,35.828059201880095
0.000621576737061779,34.57335338346415
0.0006080964204740543,33.225321724691675
0.000594613487697499,31.877028447036153
0.0005808659419640369,30.50227387368994
0.0005645227386209168,28.867953539377933
0.0005421688203323746,26.63256171052371
0.0005131593849461889,23.731618171905136
0.00047683517528935123,20.09919720622137
0.00043223730875634604,15.639410552920854
0.00037872305494107656,10.287985171393906
0.0003154536513364567,3.9610448109319227
0.00024473342131070314,-3.1106347780655885
0.00017216464829771468,-10.359544651275016
0.0001041390701780794,-17.13594616146211
4.484925108499095e-05,-23.01861092027735
-5.036256363996543e-06,-27.945699808546003
-4.734774956747342e-05,-32.10529059189474
-8.641932750345655e-05,-35.92823547013286
-0.0001271570815715074,-39.89352555806862
-0.00017288907950883443,-44.31717297643792
-0.0002238451371894938,-49.2080813243904
-0.00027796112139643535,-54.35411867008284
-0.00033371079133951825,-59.59894133848533
-0.0003877050273411554,-64.61949498687707
-0.00043505700553313523,-68.97130987297675
-0.00047076485314824577,-72.21973612407065
-0.0004921213988181029,-74.14843249051427
-0.00049949677687283,-74.81198511355171
-0.0004964727462578762,-74.50958205205632
-0.0004889591553793379,-73.75822296420249
-0.00048331182035452833,-73.19348946172153
-0.0004836263144259254,-73.22188998424984
-0.0004887489249230124,-73.68416046377605
-0.0004956269517223477,-74.30386284295
-0.0005014441888404572,-74.82710853877809
-0.0005044247392117048,-75.09488724609282
-0.0005032638726683025,-74.9788005917526
-0.0004974197850804729,-74.39439183296963
-0.0004875091484930031,-73.40332817422265
-0.00047389010358760635,-72.04142368368298
-0.0004566417817402586,-70.3165914989482
-0.00043561478316942424,-68.21389164186476
-0.00041163219355224204,-65.81563268014654
-0.0003852540108809558,-63.17781441301793
-0.00035645909853784146,-60.29832317870649
-0.0003247136259030792,-57.12377591523027
-0.00028847244292065974,-53.499657616988316
-0.00024804938044266,-49.457351369188345
-0.0002059448406251062,-45.24689738743296
-0.00016364003827831061,-41.016417152753405
-0.00011394071050477475,-36.04648437539982
-5.2280911328212365e-05,-29.880504457743577
1.9387538214503844e-05,-22.71365950347196
9.262302963429076e-05,-15.39011036149327
0.0001511721197298852,-9.535201351933825
0.00018826872482441447,-5.8255408424808985
0.00021145869818089237,-3.5065435068331086
0.0002374332970061186,-0.9090836243104861
0.0002805964117623532,3.407126639752027
0.00034629361777452035,9.972339376206344
0.00042859879803282925,18.17619417292032
0.0005141461179963056,26.65893303884914
0.0005907787990725547,34.202066465740494
0.0006504980501029671,40.03390387690376
0.0006915711833717102,44.01730169917116
0.0007174843390796907,46.517732983072285
0.0007345607440646674,48.15979421432113
0.0007488859136954124,49.533683217975785
0.0007627318468568145,50.85838861561032
0.0007782723995165325,52.341357128475344
0.0007979492569116511,54.213000549427214
0.0008240129287375846,56.68142201199612
0.0008561552035336348,59.708015638915064
0.0008908286755545452,62.95028564559798
0.0009222780432142653,65.86982770789885
0.0009427077157817403,67.75515686839083
0.0009452642194696976,67.9904454495875
0.0009283939380796499,66.30341731058272
0.0009012650875056811,63.59053225318585
0.000874171346133707,60.881158115988434
0.0008522696295744642,58.69098646006415
0.0008344376949970595,56.90779300232368
0.0008157913895198346,55.043162454601195
0.0007908635211017362,52.550375612791356
0.0007567781875719581,49.141842259813544
0.0007156163402421958,45.025657526837314
0.0006734746849152782,40.81149199414555
0.0006358352466348408,37.047548166101805
0.0006008547802084595,33.54950152346368
0.0005648232107171465,29.946344574332386
0.0005252095094370244,25.984974446320166
0.0004811633604469224,21.58035954730997
0.0004324454338789396,16.708566890511694
0.0003795804162342956,11.42206512604729
0.0003236924906729063,5.833272569908361
0.0002658966952807813,0.05370306954617077
0.00020764810754947478,-5.769467501989905
0.0001512320350177849,-11.401966358437875
0.00010129980679445353,-16.375866407151825
6.0917857554483004e-05,-20.387588646222916
2.9521438798492554e-05,-23.498368810272318
3.927269555444499e-06,-26.028090902090923
-1.990162595137576e-05,-28.3778187967961
-4.482844824895065e-05,-30.82961702169494
-7.138346711558925e-05,-33.43402924955411
-9.811762439671311e-05,-36.04755199018402
-0.0001232416335466807,-38.49538282243509
-0.00014472749054255952,-40.58199205204226
-0.00016075508208175773,-42.13426590643663
-0.00017058856267849825,-43.0847783038731
-0.00017484597216922026,-43.49585472671653
-0.00017503795063857834,-43.514384863707136
-0.00017316155556422775,-43.32674535627208
-0.00017054971153891778,-43.065560953741084
-0.000167649129051604,-42.77550270500971
-0.00016380571114466718,-42.39116091431602
-0.00015749041489177844,-41.75963128902715
-0.00014781452096754581,-40.792041896603884
-0.00013480396647020738,-39.490986446870046
-0.00012018485092725468,-38.029074892574776
-0.00010741886150037712,-36.75247594988702
-9.869849987179235e-05,-35.880439787028536
-9.36282232479357e-05,-35.373412124642876
-8.96651179550778e-05,-34.977101595357084
-8.435423027162674e-05,-34.44601282701198
-7.581212783550608e-05,-33.59180258339992
-6.378083243388971e-05,-32.38867304323828
-4.889904082145069e-05,-30.90049388199437
-3.1390964958417136e-05,-29.149686295691016
-1.2326286814122762e-05,-27.24321848126158
6.735883270971753e-06,-25.33700147275213
2.5361501397220485e-05,-23.474439660127256
4.9983057884277774e-05,-21.01228401142153
8.327451723446673e-05,-17.68313807640263
0.00012069271380213927,-13.94131841963538
0.00015501598510890194,-10.508991288959113
0.00018196536289407137,-7.814053510442168
0.00020073411574896273,-5.937178224953031
0.00020867132574547748,-5.143457225301558
0.0002092144785508012,-5.089141944769185
0.00021144085135881138,-4.866504663968166
0.0002248155289180875,-3.5290369080405544
0.00025328481305688993,-0.6821084941603125
0.00029426387144466926,3.4156995345316155
0.0003413422354077448,8.121326673619107
0.00038548128860606414,12.528017984923295
0.0004185421114546162,15.823575913619456
0.0004359567120392473,17.55724343982027
0.00043828181604035145,17.788581927854832
0.000429911958047428,16.951596128562485
0.00041609991360826013,15.570391684645697
0.00040310695617096155,14.27109594091584
0.0003966764454363463,13.628044867454312
0.0004007600914364167,14.035181851746279
0.0004156620788098286,15.520222006096674
0.00043818530914662074,17.76252240694416
0.0004624704310277743,20.17681988053269
0.00048182911513800733,22.098501883182134
0.0004914404627690962,23.051567267203048
0.0004891367155793521,22.82119254822864
0.0004759838129384606,21.50590228413949
0.00045605937895364936,19.513458885658366
0.0004365719884871354,17.564719839006976
0.0004222581935196624,16.13334034225967
0.00041292501818276077,15.20002280856951
0.00040402424771648183,14.309945761941616
0.00038867705859853654,12.775226850147087
0.000362761750058142,10.183695996107637
0.00032712354384560263,6.619875374853697
0.00028698894115729165,2.6064151060225984
0.000248687697288064,-1.2236620434801209
0.00021666633756638475,-4.425001516746064
0.00019175739365424955,-6.9140222210503905
0.00017063447362023935,-9.023418596161354
0.00014797367984934525,-11.284657938438373
0.00011937626655299336,-14.13510924800283
8.561366638960721e-05,-17.49478869945058
4.916007795636654e-05,-21.11395956150135
1.2097579674064232e-05,-24.78308923719758
-2.3488661159685637e-05,-28.294516697459365
-5.498046061757333e-05,-31.39125963070309
-8.000627538484778e-05,-33.84430796203681
-9.925611350735177e-05,-35.72610179307311
-0.00011277501985116508,-37.04487786781974
-0.00011985583877233052,-37.734668043498495
-0.00011995586559216375,-37.74440758514129
-0.0001142780247618092,-37.17662350210583
-0.00010580047849604949,-36.328868875529864
-9.810864070261602e-05,-35.55968509618651
-9.415007590047651e-05,-35.16382861597257
-9.461812079435035e-05,-35.209559553264675
-9.808993129855847e-05,-35.54869192920776
-0.00010168362477214063,-35.89957048861699
-0.00010270343437059828,-35.999112185570866
-0.0001003858583499746,-35.76735458350849
-9.46867528913816e-05,-35.1974440376492
-8.548340485308268e-05,-34.27710923381931
-7.2307934377295e-05,-32.95956218624053
-5.470939038018221e-05,-31.199707786529256
-3.286170519636126e-05,-29.01493926814716
-8.015741684406393e-06,-26.530342916951675
1.7510501913363505e-05,-23.97771855717468
4.1338932794418485e-05,-21.594875469069184
6.139100437149204e-05,-19.589668311361823
7.652187478839056e-05,-18.076581269671976
8.790971048412455e-05,-16.937797700098578
0.0001002753312999382,-15.701235618517211
0.0001175103949761726,-13.977729250893772
0.0001399666913787092,-11.732099610640113
0.00016528822462711054,-9.199946285799976
0.0001904520039417018,-6.68356835434085
0.0002130665560814267,-4.42211314036836
0.0002324659912562667,-2.4821696228843626
0.00024941242478153814,-0.7875262703572172
0.00026534318425258354,0.8055496762942506
0.0002814328566587798,2.414491868755642
0.00029849799691238576,4.1208138348517425
0.0003154071734711294,5.811203408121801
0.0003278275652041238,7.052540820409785
0.0003326787691623252,7.537298052522925
0.00032982304174195015,7.251725310485423
0.0003223012793744977,6.4995490737401775
0.00031418075623514997,5.687496759805406
0.00030910593156524254,5.180014292814661
0.0003092380725187898,5.193223875114481
0.0003140571016844702,5.6749429660600175
0.0003208663737540604,6.355541090609001
0.0003276300877407918,7.031495266866322
0.00033772706602597984,8.04037899591499
0.0003529610884784229,9.562046534907822
0.0003709497546327541,11.35792836538744
0.00038498767354543144,12.758561951135345
0.00038338545177381115,12.598339773973317
0.00036192144394379006,10.451938990971207
0.00032766787937367524,7.026582533959726
0.0002949351820965051,3.7533128062427124
0.0002767452655394458,1.9343211505367817
0.00027845011398488486,2.1048014669770754
0.00029554880046396293,3.814520944095207
0.00031756070672053256,6.015034341937074
0.0003376833901737764,8.025909583494297
0.00035058504428528095,9.314654759457726
0.00035330702433530707,9.586491578071527
0.0003452398904323296,8.77977818777378
0.00032830464378706236,7.086253523247057
0.0003066245445007048,4.918243594611302
0.0002851383527915894,2.769624423699761
0.00026980150594293345,1.2359397388341669
0.00026557293067186986,0.8130822117278079
0.0002739034316672638,1.646128685943862
0.0002871754910084074,2.97327731217558
0.00029789799545426056,4.045386115296636
0.0003028691493938925,4.5423935933483275
0.00030274824118405155,4.530302772364235
0.0002997664251320242,4.232121167161497
0.0002951879409788094,3.774272751840018
0.00028805086185698127,3.0605648396572067
0.0002776198670940865,2.017465363367732
0.0002694211044619419,1.1975891001532704
0.0002665446007493629,0.9099387288953714
0.00026754018189228447,1.009496794586588
0.00026742208578637314,0.9976871839954551
0.00026213057875438503,0.46853667344504174
0.0002506746695599703,-0.6770355710302605
0.00023568120823229806,-2.1762454870870327
0.0002234306849457235,-3.4010162089508147
0.00022046505751809032,-3.6974797096436047
0.0002297691643440541,-2.7670690270472265
0.00024500736815046985,-1.243248646405652
0.0002585063427877534,0.10664881732270355
0.0002659010593422309,0.8461204673308435
0.00026666380403239236,0.9223949252158615
0.00026293916258024827,0.5499308625578674
0.0002567876793554363,-0.06521377356616945
0.00024865512136049487,-0.8784456141200946
0.00023720143575907675,-2.0237094849227377
0.00022040428839839097,-3.7030187168741366
0.00019750379294784706,-5.9917584278125124
0.00016953384983330313,-8.785401148716034
0.0001393302886502753,-11.79913799508023
0.00011039489606689529,-14.68254199757114
8.475905414748857e-05,-17.233354675860898
6.287150717699937e-05,-19.40792561489063
4.518524107743708e-05,-21.162621750107103
3.9718505528543975e-05,-21.704510309431868
4.9303627211075536e-05,-20.745998141178713
6.834460036595722e-05,-18.841900825690544
8.658142764125699e-05,-17.01821809816057
9.527806672308649e-05,-16.148554189977617
9.305792316136955e-05,-16.369424790521812
8.674165797102439e-05,-16.99763301475866
8.558160593026953e-05,-17.112983492184007
8.754554076286612e-05,-16.916590008924345
9.23768264833586e-05,-16.4334614368751
0.00010531003737669151,-15.140140347541807
0.00013220275844213033,-12.450868240997925
0.0001730251097863368,-8.368633106577278
0.0002205946980601712,-3.611674279193838
0.00026167234953739074,0.4960908685281159
0.0002830517718123577,2.6339967108405755
0.0002772101188659458,2.0498314161993836
0.000245834127888982,-1.0877312515440858
0.00020083354846778002,-5.586294213646072
0.00015602083805771045,-10.061536460112084
0.00012100011001937134,-13.553694322003855
0.00010262195373908461,-15.38391719211245
0.00011669796242140459,-13.976316323880456
0.00016699010079710376,-8.947102486310536
0.00024131991970088458,-1.514120595932457
0.00031556026550586186,5.909117775812287
0.00035736504137955994,10.08564380081354
0.0003536930125750145,9.718440920358995
0.0003182812457912746,6.177264241985004
0.0002829198399785371,2.6411236607112536
0.00027701525950584127,2.0506656134416703
0.000315115013022198,5.859884500789451
0.00039148979498585565,13.486035681882944
0.00048425752496994277,22.7124057642567
0.000568024909609903,30.987530883514513
0.0006241192451812742,36.488884349978804
0.0006502444426101506,39.03815246437789
0.0006529129773480587,39.298048183371364
0.0006404371813131577,38.05046857988127
0.0006199559374513428,36.00234419369978
0.0005943531342256639,33.44206387113189
0.0005689310998912723,30.899860437692727
0.0005525423962120281,29.260990069768305
0.0005541040543402646,29.41490344730072
0.0005770065005423552,31.669251470747255
0.000616386491661371,35.5321302772234
0.000662065408572295,39.98938450649875
0.0007015052053990447,43.81530682010343
0.0007265851737295823,46.23644099198347
0.0007360827879776563,47.150791252706476
0.000733367434051286,46.87925586006945
0.0007277475814068928,46.317270595630134
0.0007290783198595902,46.44545050913658
0.0007432638814794623,47.81011211624179
0.0007684239472328952,50.22256731821906
0.0007967512088757325,52.926016211703995
0.0008188438868835596,55.0247224812318
0.000827781566227344,55.871259760695075
0.0008217528797450376,55.268391112464435
0.000803652916456595,53.458394783620186
0.0007798384165886192,51.07694479682261
0.0007536250345392753,48.45560659188821
0.0007227963568506398,45.37273882302466
0.000682018842773447,41.294987415305386
0.0006273527304752843,35.82837618548911
0.0005592402402830093,29.017127166261616
0.00048364921864581354,21.458025002542033
0.00040831842661407,13.92494579936768
0.0003387081842276627,6.963921560726952
0.00027639089237062244,0.732192558939529
0.00021933490769959088,-4.9722507215522835
0.00016410083036778156,-10.488235640348652
0.00010726255277628352,-16.151625869083873
4.834815478326193e-05,-22.00139958619239
-1.0374458024325952e-05,-27.804475720422587
-6.640148264497458e-05,-33.309156362145956
-0.00011909321781595782,-38.45235587886357
-0.0001687537919854801,-43.26541087872242
-0.0002099239720505326,-47.22758777032785
-0.00024155907139009346,-50.253455156501474
-0.0002690837414787734,-52.87216981041319
-0.0002999136365945703,-55.78911282938673
-0.0003380608999036907,-59.37346276029524
-0.00038389474215391137,-63.641614374439456
-0.00044054400764502954,-68.85544199880002
-0.00050403500469919,-74.61303856768328
-0.000563739279887431,-79.93936695037664
-0.0006068134541919918,-83.72660960255283
-0.0006243040100179696,-85.25074919832275
-0.0006154420485139842,-84.3645530479242
-0.0005871064363414927,-81.53099183067505
-0.0005515230608518752,-77.97265428171332
-0.0005165354486290573,-74.47389305943153
-0.00048740178121055885,-71.56052631758169
-0.0004660316846514538,-69.42351666167119
-0.0004490290918579225,-67.72325738231805
-0.0004285411937752161,-65.67446757404741
-0.00039557111081564057,-62.37745927808985
-0.0003472371695191467,-57.54406514844046
-0.000281645975856095,-50.98494578213529
-0.00019736763614014495,-42.55711181054029
-9.527709703448182e-05,-32.34805789997398
1.9210628411591116e-05,-20.899285355366683
0.00013692830136896863,-9.127518059628933
0.0002473500779063488,1.9146119502705794
0.0003422446067461721,11.396850704775646
0.0004186341132938004,19.006704851819848
0.0004795539294619415,25.049291894440387
0.0005325143824327013,30.27695273126048
0.000585183228649959,35.44717396489903
0.0006421036385738649,40.99708277709158
0.0007033380999291294,46.9173856726679
0.0007663825564471863,52.95102289839935
0.0008271128625620234,58.697225121560386
0.0008817139751366527,63.8030045979672
0.0009280382221987989,68.0865612594753
0.0009649357942020051,71.46497700425836
0.0009933808722656042,74.04837743582948
0.0010154456726988385,76.039297562856
0.0010336095203613044,77.6695097671955
0.0010507536533558041,79.2008508134169
0.001066927955507144,80.63892261186653
0.0010793804351279055,81.74163380253727
0.0010860412718531843,82.32987005763107
0.001095404646125705,83.15486953266755
0.0011122750615353847,84.63564153422942
0.0011329301736741075,86.43856812032566
0.0011456082223162828,87.5396586780439
0.001128390416342019,85.81787808061752
0.0010732080844668176,80.2996448930974
0.0009925758688874072,72.23642333515635
0.0009117061231972205,64.14944876613768
0.0008520393095006957,58.1827673964852
0.0008225148803053642,55.23032447695205
0.0008195136331488158,54.93019976129721
0.0008257672970792991,55.52279268180406
0.0008206594740242394,55.012010376298086
0.0007881127832558411,51.757341299458254
0.0007242091495531866,45.366977929192814
0.0006364793298368413,36.59399595755828
0.0005382284084347805,26.768903817352196
0.0004454150967774111,17.487572651615253
0.00037143317881096176,10.089380854970315
0.00032335488003657,5.281550977531143
0.0002963090943437788,2.5769724082520216
0.00028276024422326386,1.2220873962005272
0.0002769405245581636,0.6401154961071167
0.000273817095020876,0.32777327596381295
0.000268129228565201,-0.2410067562727396
0.00025333504444753554,-1.7203338255715137
0.00022338230517225462,-4.714695909829124
0.00017603436266744397,-9.444077148420801
0.00011422987550839868,-15.604631252100496
4.606490724122384e-05,-22.37319828876665
-1.9329523168578504e-05,-28.831261527707447
-7.568674348271564e-05,-34.36173174004973
-0.00012178881226834366,-38.857328149325674
-0.00016260271457040434,-42.81313809220221
-0.00020559725303703037,-46.953383041774174
-0.00025365169695064816,-51.545298088551355
-0.0002931791796851275,-55.29205333891783
-0.00031276001133781256,-57.13736060141915
-0.00031167858020738097,-57.029217488375984
-0.00029942511795207137,-55.803871262845036
-0.0002892971020682101,-54.79106967445891
-0.0002903952604495603,-54.894862390273474
-0.0003022135108475938,-56.01043899531958
-0.0003175311231943446,-57.45239275149675
-0.0003350867403223992,-59.099433944403025
-0.0003489360185851485,-60.39444712954033
-0.000348851410924109,-60.38598636343638
-0.0003251698421219828,-58.01782948322376
-0.0002763183927011419,-53.132684541139675
-0.0002093302075574553,-46.43386602677101
-0.00013817106395380674,-39.31795166640616
-7.775090623500871e-05,-33.275935894526356
-3.708957047793361e-05,-29.209802318818852
-1.8968964558775732e-05,-27.397741726903064
-1.9399365478062428e-05,-27.440175157035135
-2.800973136580114e-05,-28.288688047763525
-2.3361237306355497e-05,-27.82383864181896
8.294638773920815e-06,-24.658251033791327
6.569132051204589e-05,-18.91858285997882
0.00013822919393773671,-11.664795517409738
0.00021553889367213476,-3.9338255439699314
0.00028986202375775753,3.498326282093222
0.0003507719498038825,9.585413012929981
0.00039903026961274904,14.400346288999451
0.0004468370482404951,19.15920605655619
0.0005097327312180833,25.3969554507331
0.0005957162105770688,33.86765220472011
0.0007015889891989112,44.17905754634636
0.0008143459341357208,54.97741105705663
0.0009164556277733381,64.55824489041257
0.000993095878688185,71.60775108459536
0.0010369583142259898,75.5828078898215
0.0010497199779837352,76.73083546413564
0.0010401947518310555,75.77831284886767
0.0010204647037991372,73.80530804567584
0.0010016910217460846,71.92793984037058
0.0009901572272190437,70.7745603876665
0.0009859054281755385,70.34938048331597
0.0009834497819528913,70.10381586105125
0.0009739330680554215,69.15214447130427
0.0009485524746757511,66.61408513333724
0.000901254090481056,61.884246713867725
0.0008316194503747915,54.92078270324127
0.0007437930502635764,46.13814269211976
0.0006453970679316901,36.29854445893114
0.000546534355275012,26.412273193263324
0.0004606673146066634,17.825569126428466
0.00039433926937529546,11.192764603291671
0.00034307965993087935,6.066803658850064
0.00029467746672721316,1.226584338483444
0.0002356833081686686,-4.671826189772877
0.00015776784142173224,-12.450387061992027
6.0788184895231587e-05,-22.09044232872037
-4.7984324118491425e-05,-32.81120140823633
-0.0001593735394465632,-43.64644682090668
-0.00026533476756919575,-53.779561945622056
-0.0003620635237044104,-62.85144784375783
-0.00045108101711888285,-71.02812089009353
-0.0005376062444100417,-78.80109284948301
-0.0006280501336579993,-86.72650353471386
-0.0007265319005858132,-95.10801956150026
-0.0008335568518019514,-103.9057571389922
-0.0009458419434885384,-112.77099958499021
-0.0010568630057903121,-121.15587640915545
-0.0011584970281425513,-128.49236912860977
-0.0012431745221913569,-134.35416655346606
-0.001305806911285078,-138.54274307900093
-0.0013443758130504474,-141.05984450120147
-0.0013602798833791106,-142.0839983594834
-0.0013574271274605912,-141.77724344388292
-0.0013413842081869641,-140.17295151652024
-0.0013177679082469389,-137.81132152251772
-0.0012899443149400986,-135.0289621918337
-0.00125827362705469,-131.8618934032928
-0.0012213131409026118,-128.165844788085
-0.0011761584383299438,-123.6503745308182
-0.001120017855882776,-118.03631628610141
-0.001051414849538319,-111.1760156516557
-0.00097097445314532,-103.13197601235582
-0.0008813059169382664,-94.16512239165046
-0.0007860249592675112,-84.63702662457494
-0.0006889588578911166,-74.93041648693548
-0.0005928985844431264,-65.32438914213645
-0.0004984174999653102,-55.87628069435484
-0.0004021236398500464,-46.24689468282846
-0.0003009166107023153,-36.12619176805535
-0.00019380696388815617,-25.415227086639437
-8.202049873320356e-05,-14.236580571144176
3.248155253104036e-05,-2.786375444719785
0.00014824143299070353,8.786001026764554
0.00026483535719130496,20.40017309565297
0.0003836095928120162,32.131997581899164
0.0005066754978574564,44.12205736392166
0.0006349621223957868,56.37830510572883
0.0007645016579812888,68.44151285525005
0.0008915330725428503,79.91181787624596
0.0010142945862875966,90.61515288862664
0.001132813697100414,100.56020633411248
0.0012470046003470092,109.75765743038778
0.0013559388160712285,118.16435363985927
0.0014574153878166812,125.66348424769092
0.0015480043707822575,132.08295876106982
0.0016243039426455353,137.28702733682007
0.001683901673320544,141.22275763970458
0.0017270454048487368,144.00132404852022
0.001755232114735864,145.78470245672867
0.0017701490940752703,146.71832165817474
0.0017731874044973799,146.90762005366574
0.0017648731634326551,146.07619594719327
0.001745457155136323,144.13459511756005
0.001715625322821769,141.15141188610465
0.001676367738146132,137.22565341854093
0.001629004403231465,132.48931992707423
0.0015756237320851654,127.15125281244427
0.0015200782002683984,121.59669963076757
0.0014634421121288653,115.93309081681426
0.0014029853902732888,109.88741863125661
0.0013339464286405535,102.9835224679831
0.001252554328736639,94.84431247759163
0.0011587309895900845,85.46197856293618
0.0010562993730379268,75.21881690772041
0.0009506741150370234,64.65629110763008
0.0008438563727958949,53.97451688351723
0.0007364279158129009,43.23167118521783
0.0006281469027426478,32.40356987819252
0.0005182042469127034,21.409304295198083
0.00040532415369931736,10.121294973859483
0.00028827036048941954,-1.5838640690548498
0.0001662247606296075,-13.769679376046533
3.898959261164637e-05,-26.390532002412428
-9.231922987299872e-05,-39.2529079373773
-0.00022587364938053326,-52.09096604207158
-0.00035905614383970936,-64.5775199456838
-0.0004884862045233463,-76.35013893976367
-0.000608931045477575,-86.94023178170289
-0.0007167482783427817,-96.09261144328426
-0.0008112528715226373,-103.84392221520359
-0.0008937601974128115,-110.39519691468902
-0.0009661249802357109,-115.97056580037305
-0.0010302432900522159,-120.77484783566186
-0.0010890867841647767,-125.07025474398158
-0.0011435069137223188,-128.94517743479142
-0.0011917641409578072,-132.3024532202907
-0.001230701798867332,-134.95722835445318
-0.0012575700585366904,-136.76090171234426
-0.0012704628694317687,-137.61822246899976
-0.0012674637156901178,-137.3008834169077
-0.0012495871033300877,-135.5132221809047
-0.001221302956955315,-132.68480754342744
-0.0011887787031174208,-129.43238215963802
-0.0011568438779201618,-126.2388996399121
-0.0011274874272274287,-123.3032545706388
-0.0011004910237981033,-120.60361422770629
-0.0010718574201108388,-117.74025385897983
-0.0010355612028505189,-114.11063213294784
-0.0009864785648751111,-109.20236833540706
-0.0009230820296295059,-102.86271481084654
-0.000847650090272292,-95.31952087512515
-0.0007646142556658358,-87.01593741447954
-0.0006790870332000091,-78.46321516789688
-0.0005949493083807237,-70.04944268596833
-0.0005132421585694127,-61.87872770483722
-0.0004308127241493912,-53.63578426283507
-0.0003442026560016935,-44.974777448065296
-0.00025211327845796143,-35.76583969369209
-0.000155185391363722,-26.07305098426814
-5.49930202890257e-05,-16.05381387679851
4.671024336379885e-05,-5.883487511516054
0.0001483573665976879,4.280755423672941
0.0002484748277192695,14.276802316668178
0.00034530679921064117,23.89827381195375
0.0004370514158412419,32.94332351229165
0.0005222990305430134,41.26298041285789
0.000599761306331432,48.73483440199258
0.0006671227274401173,55.152867721309015
0.0007237671022020297,60.48574083758961
0.0007713336341124626,64.91487382558115
0.0008123710326325908,68.69775004829638
0.0008486851038105652,72.01418809833947
0.0008804730987604548,74.89242382953772
0.0009065467111656581,77.23539585033929
0.0009248663626025566,78.87174607326025
0.000933546215572324,79.64416608868157
0.0009317898300513735,79.46376638737559
0.0009201654149512665,78.30132487736488
0.0009007093499580379,76.35571837804203
0.0008759844339274573,73.88322677498397
0.0008477012471899154,71.05490810122978
0.0008158579204491094,67.87057542714919
0.0007797078429174915,64.2555676739874
0.0007401168306918177,60.296466451420024
0.000697232739735828,56.00805735582105
0.0006499786992582544,51.282653308063686
0.0005965015002445242,45.93493340669067
0.0005354357186811484,39.828355250353084
0.0004665403143179665,32.938814814034906
0.0003911901497445073,25.403798356688984
0.0003120522096703521,17.490004349273466
0.00023240296486866732,9.525079869104987
0.00015506570182149737,1.7913535643879939
8.215923301969685e-05,-5.498091410781498
1.36129897338329e-05,-12.34163710164645
-5.2669423403551254e-05,-18.93914535200904
-0.00011927459570976943,-25.53862869288132
-0.00018752947732530832,-32.25969904447557
-0.00025775439049951175,-39.11948902647577
-0.0003320796830670769,-46.3065384378412
-0.0004093193284565867,-53.68227562696694
-0.00048476462778674733,-60.78237495594213
-0.0005519437334386112,-67.00822805134287
-0.0006062125394745469,-71.96584702285297
-0.0006461528724528542,-75.57113291500966
-0.000673585906356752,-78.02527272866142
-0.0006931462482623862,-79.76382444716955
-0.0007098874907342032,-81.24420436900532
-0.0007269832385140211,-82.74858908017494
-0.0007420808357617175,-84.07089408295641
-0.0007518619850550667,-84.92440408910127
-0.0007546272731129022,-85.16525151169512
-0.0007502581731106619,-84.72834151147109
-0.0007390757470778892,-83.61009890819382
-0.000720872619404617,-81.78978614086658
-0.0006944357870314279,-79.14610290354767
-0.000658268751290398,-75.52939932944469
-0.0006117540265548786,-70.87792685589274
-0.0005559951919350915,-65.30204339391403
-0.0004938146299005204,-59.08398719045692
-0.00042828910253653074,-52.53143445405796
-0.0003612660502374909,-45.829129224153974
-0.00029374773319498847,-39.07729751990373
-0.00022862248633911272,-32.56477283431616
-0.0001665431335865206,-26.35683755905695
-0.00010570103334892213,-20.2726275352971
-4.3025669682613754e-05,-14.005091168666263
2.3463623096612036e-05,-7.356161890743683
9.38973126094172e-05,-0.3127929394631668
0.00016686338754981587,6.98205870197224
0.00023955957102610783,14.237420424677506
0.00030897933940877867,21.141715108085354
0.00037379957386826055,27.55692995134414
0.0004375020274230303,33.822598384584296
0.0005024665743017251,40.16376046668757
0.0005677848013165388,46.481123370566515
0.0006302856181422303,52.46335048600148
0.0006873315786594241,57.86381183781864
0.0007380946283639875,62.61725042260373
0.0007838544407201027,66.85702094231468
0.0008273779509031379,70.84755573750596
0.0008711383887319326,74.81645587204316
0.0009154494726436597,78.78904578403522
0.0009557644250785314,82.36136620588373
0.0009877871746303134,85.16947384963721
0.0010098868992761125,87.09185775605047
0.0010232543271668753,88.24837971468968
0.0010300377906257495,88.83344653016272
0.001031724870215051,88.97876379434524
0.0010280146896041085,88.60774573325098
0.0010168573027696322,87.49200704980335
0.0009965713526372138,85.46341203656151
0.0009658426845419859,82.39054522703871
0.0009245454524828025,78.26082202112038
0.0008741916430656905,73.22544107940918
0.0008175834355860499,67.56462033144511
0.0007579998152657275,61.60625829941288
0.0006980397766932728,55.6102544421674
0.0006390615629688471,49.71243306972483
0.0005810974418037221,43.91602095321234
0.0005232716478251038,38.133441555350515
0.0004645931439342488,32.26559116626501
0.0004044504684071705,26.25132361355718
0.00034390169190559713,20.19644596339984
0.0002831875226486486,14.125029037704987
0.00022085845686306696,7.8921224591468215
0.00015536734891992258,1.3430116648323844
8.651876976171834e-05,-5.54059549317952
1.5504229378841448e-05,-12.630107769723207
-5.737784423284539e-05,-19.881756418344434
-0.00013044042468690005,-27.113285805377153
-0.00020110016949426098,-34.058282161297285
-0.0002673193171212372,-40.51289241401923
-0.00032903826004879503,-46.47355005976042
-0.00038789950601135763,-52.101751328686376
-0.00044579922477575224,-57.578343901559144
-0.0005046487486210895,-63.07853460698771
-0.0005654398939646528,-68.68440357904576
-0.0006270543006118274,-74.28196738287564
-0.0006840128071089014,-79.37648067478344
-0.0007317758883570547,-83.586269246437
-0.0007688669856689924,-86.81478639662649
-0.0007963886997858596,-89.18676916147675
-0.0008156954166495866,-90.83852113367077
-0.00082727500971903,-91.82430246180789
-0.0008303205407212995,-92.0829581588074
-0.0008230752488135747,-91.35842896803493
-0.0008044179518923486,-89.4926992759123
-0.0007742376225098255,-86.47466633766
-0.0007338946766851154,-82.440371755189
-0.0006862261085454985,-77.6735149412273
-0.0006367409930994111,-72.72500339661858
-0.0005887160497911596,-67.9225090657934
-0.0005415492711687448,-63.20583120355194
-0.0004921500166974274,-58.26590575642019
-0.0004377669934958371,-52.827603436261164
-0.0003777410642443322,-46.825010511110676
-0.00031383201847474273,-40.434105934151724
-0.0002490371828632587,-33.954622373003325
-0.00018564008617231954,-27.614912703909404
-0.00012418018267414127,-21.46892235409158
-6.329502701639666e-05,-15.380406788317117
-1.1289078525704974e-06,-9.1637948719345
6.340775618532199e-05,-2.710128468145251
0.00013022069457131584,3.9708868958716512
0.0001992421439118023,10.866314687169353
0.00026949556221345073,17.86644796845584
0.0003393765819569122,24.799179319714913
0.0004075526096240134,31.522446795791144
0.00047335293450344285,37.96365844989371
0.0005368445502437815,44.12563089321973
0.0005984837217797724,50.05013339267823
0.0006581337135860385,55.72266255746436
0.0007138983111476092,60.966207383232096
0.0007639572421606515,65.62030985903904
0.0008073121976258092,69.60805691687398
0.0008437951082626134,72.9311970321173
0.0008733012154966637,75.59626580839259
0.0008951468192248889,77.55604472108368
0.0009076305298868844,78.67075612497956
0.0009088210929661523,78.77686551659703
0.0008976909141496991,77.66384763495174
0.0008751796478820924,75.41272100819104
0.00084576461995592,72.4712182155738
0.0008136055227517036,69.25530849515216
0.0007810659759790614,66.00135381788795
0.0007473861608501738,62.633372304999185
0.0007092135583510675,58.81611205508855
0.0006653777903843617,54.43253525841797
0.0006225539197531147,50.15014819529327
0.0005843226764159562,46.327023861577416
0.0005403088126664027,41.92563748662207
0.0004826955414427988,36.16431036426168
0.00041642888010324825,29.537644230306622
0.00035223741051016144,23.11849727099794
0.00029825244804113744,17.72000102409554
0.0002567050767064559,13.565263890627383
0.00022354400926488877,10.249157146470672
0.00019059619822372922,6.954376042354719
0.00015007150218819635,2.9019064388014333
9.799179186873901e-05,-2.305953756025612
3.568959208345524e-05,-8.53211201686436
-3.1824140622146766e-05,-15.26501488990775
-9.896082992575823e-05,-21.93541758002359
-0.00016137615029520675,-28.10529520053411
-0.00021691042325507314,-33.56267895187774
-0.00026532301429515315,-38.29080299040842
-0.0003071524657549933,-42.350991366347344
-0.0003432701901886689,-45.83626419875154
-0.00037455079002849734,-48.83824004614645
-0.0004018567233134245,-51.445478212229084
-0.00042576014219767677,-53.717175652464114
-0.00044664037064790873,-55.69309599668711
-0.0004643493571535402,-57.36253377450481
-0.00047783409280295717,-58.629718642806104
-0.0004853670623498601,-59.33606078300554
-0.00048480561265502116,-59.27991581352164
-0.00047471884562457254,-58.271239110476785
-0.0004552092939875742,-56.32028394677695
-0.0004282063789803448,-53.61999244605401
-0.00039681301111333756,-50.48065565935329
-0.0003640693745495091,-47.20629200297044
-0.00033174931666856366,-43.974286214875896
-0.0002997733542375968,-40.77668997177921
-0.00026671401520423114,-37.47075606844265
-0.000230995076640211,-33.898862212040626
-0.00019189391969064292,-29.98874651708383
-0.00014995607390884841,-25.79496193890438
-0.00010678103570226446,-21.47745811824598
-6.407304003169068e-05,-17.206658551188603
-2.2722808640866145e-05,-13.071635412106152
1.7788125984962574e-05,-9.020541949523281
5.898908487934445e-05,-4.900446060085091
0.00010258972049954527,-0.5403824980650116
0.00014968306371527178,4.168625492854666
0.0002002387675982643,9.220381719586769
0.00025321352151186425,14.505164166147217
0.00030692496657927417,19.849087523964943
0.0003598301028829807,25.093458403920923
0.00041090917173901764,30.13384417894798
0.0004597066772303762,34.923851269288726
0.0005060561454945392,39.44719550225911
0.0005497876002586083,43.688576966841524
0.0005905950685548464,47.62084910431106
0.0006279854148332525,51.20041234697004
0.0006613264494910307,54.372126742481214
0.0006901781484665971,57.100559542034375
0.0007143712723017666,59.3763315908478
0.0007339036431714696,61.20533991261038
0.0007487399516875813,62.58949703436233
0.0007587133318400017,63.51743716561536
0.0007636751946263169,63.97833035262667
0.0007633737563387983,63.94818652387481
0.0007577011352364675,63.38092441364173
0.0007467895237892864,62.289763268923636
0.0007311335870039198,60.72416959038697
0.0007114402462855274,58.75483551854773
0.0006884131178779384,56.45212267778884
0.000662807046291579,53.8915155191529
0.0006353494573998002,51.14575662997502
0.0006066892359365978,48.27973448365478
0.0005772101929773072,45.331830187725714
0.000547006589402732,42.311469830268194
0.0005159161910452456,39.20242999451956
0.0004834358338867853,35.95439427867353
0.00044885003488735325,32.49581437873032
0.0004115393950577243,28.764750395767432
0.00037126216181168056,24.73702707116306
0.00032827588255144127,20.438399145139126
0.0002831584561690182,15.926656506896819
0.00023681902575702836,11.292713465697837
0.0001903189199267973,6.642702882674731
