Desplacment,Force
0.0,0.0
4.965344969190805e-08,0.004965344968514927
-3.552049917688432e-07,-0.03552049893220716
-2.2939895901049594e-06,-0.22939889236420744
-6.572831002224538e-06,-0.657281532478587
-1.3301974759359263e-05,-1.3301844813400672
-2.189334211466808e-05,-2.189276276373478
-3.139094251422955e-05,-3.1389234845651752
-4.091318943773478e-05,-4.090940884312193
-4.990115779396941e-05,-4.989429852617718
-5.81295425708803e-05,-5.811870054984844
-6.556311178560464e-05,-6.554755675264098
-7.216439543735174e-05,-7.214365422039556
-7.777405635742166e-05,-7.774809397081034
-8.21786923235315e-05,-8.214806583887796
-8.53709162311123e-05,-8.533658151651016
-8.771143295225947e-05,-8.767419719223323
-8.984874547786615e-05,-8.980872185422568
-9.24602590946729e-05,-9.241664452849005
-9.598842859879673e-05,-9.593963046934604
-0.00010047130758228623,-10.041535159210763
-0.00010544350159610923,-10.537882464586389
-0.00011008590743395476,-11.001231119883329
-0.00011351954485337483,-11.343884930316321
-0.00011505651106048683,-11.497249528246664
-0.00011422204528897058,-11.41380295109504
-0.00011068415960726718,-11.060014382924699
-0.00010432341522853982,-10.423939945051965
-9.5274345043909e-05,-9.519032926588881
-8.398561981923949e-05,-8.390160404121932
-7.115925242951841e-05,-7.107523665149824
-5.751109378752287e-05,-5.742707800950269
-4.357075935232647e-05,-4.348674357430629
-2.9668905939370564e-05,-2.958489016135038
-1.5967880540958234e-05,-1.5883864762938054
-2.4126260510013156e-06,-0.23286102729811398
1.1313101659400699e-05,1.1397037002882253
2.589725164764855e-05,2.598030025502235
4.231706183768644e-05,4.239686998918225
6.154439981821829e-05,6.161549568443283
8.420102316090046e-05,8.425199567428537
0.00011024900144371812,11.025892065934146
0.00013898113147438985,13.89168538677642
0.00016927949195617089,16.909580853579484
0.0001999135111454275,19.955704875754158
0.00022945325266226862,22.887194435909972
0.0002562375589037318,25.53959319862856
0.00027851147960342393,27.740792987104836
0.0002947987304533087,29.347537938057414
0.0003047044967423095,30.32351258494804
0.0003092473873294483,30.770782396357546
0.0003105320796644146,30.89722923635592
0.00031095272344155766,30.938627819125866
0.00031227507754371986,31.068758580422724
0.00031520820711150767,31.357339923605217
0.000319737201571493,31.80276053618375
0.00032568193368066303,32.387094362811595
0.0003329860476458744,33.10453740323152
0.00034169891160850123,33.9596024855226
0.0003517483013163259,34.94479110355647
0.0003626288263626171,36.01016851616371
0.00037292902766648546,37.01745145687313
0.0003804129978216232,37.74853308690924
0.0003826144089741719,37.96345140593754
0.00037761123395362153,37.4631339038825
0.0003646705160848948,36.16906211700983
0.0003442627021076072,34.128280719281065
0.00031754394425202297,31.456404933722645
0.0002856909287179095,28.271103380311295
0.0002496017159244946,24.662182100969808
0.0002099111166321067,20.69312217173102
0.0001670457247992541,16.40658298844576
0.00012135570800595599,11.837581309115947
7.315259866492347e-05,7.017270375012695
2.260401261859187e-05,1.9624117703795347
-3.050723209187844e-05,-3.348518457311443
-8.678691712503139e-05,-8.972692227096198
-0.00014666735866752578,-14.946231881918377
-0.0002099781495269935,-21.242593363685803
-0.0002761602518423231,-27.794462491177693
-0.00034451861298455443,-34.519903567092626
-0.00041391092443838747,-41.29350347045108
-0.00048270810231303764,-47.94594534132004
-0.0005492297451397753,-54.30981494858541
-0.0006123206685197353,-60.275804562999156
-0.0006718606352232523,-65.8378024521828
-0.0007287507033729834,-71.08550132224983
-0.0007843874191067067,-76.15032847718915
-0.0008399581623281558,-81.13899548348883
-0.0008959190692935057,-86.0883129143044
-0.0009518887925392908,-90.96047863805326
-0.0010068773070431337,-95.66840803853789
-0.0010597499022796917,-100.11906343218963
-0.0011098039079313667,-104.26177214405782
-0.0011569585559159715,-108.10016045634141
-0.001201529708731345,-111.66975090249967
-0.0012438023602793446,-115.00189672432603
-0.0012836971956819228,-118.09833983517487
-0.0013207046034727304,-120.92832139759035
-0.0013540532238052367,-123.4432992343309
-0.0013829266824038496,-125.59364266438871
-0.0014062291294799053,-127.31062843790514
-0.0014224531560087024,-128.49628856415228
-0.0014298335159272542,-129.03298961810972
-0.0014267054387182231,-128.7201818972066
-0.0014119578256877054,-127.24542059415484
-0.0013854051335135777,-124.59015137674207
-0.0013481376411727003,-120.86340214265432
-0.0013024014546323462,-116.28978348861891
-0.0012510721204643698,-111.15685007182127
-0.0011968733183543732,-105.7369698608216
-0.001141410556331648,-100.1906936585491
-0.0010847887893810485,-94.52851696348914
-0.0010258890026213253,-88.63853828751682
-0.000963082153967995,-82.35785342218377
-0.0008948832103966428,-75.53795906504855
-0.0008203232768785881,-68.08196571324308
-0.0007389955820518285,-59.94919623056712
-0.0006508365150376592,-51.13328952915019
-0.0005558712233096765,-41.63676035635193
-0.0004541008050829795,-31.459718533682217
-0.0003456303161929747,-20.61266964468175
-0.0002307851047355213,-9.128148498936405
-0.00010998328696146398,2.951651516691895
1.621359850700738e-05,15.548965758934749
0.00014614766717725808,28.431125287571877
0.0002766441457749351,41.20911256365983
0.00040334096783301433,53.3980136806711
0.0005215025318206012,64.52218359593992
0.0006266364466129937,74.18719097848843
0.000714928158945482,82.11424410407582
0.0007834380513917595,88.13632530845335
0.0008301615599072933,92.1753883023411
0.0008542838529966163,94.23842014319666
0.0008562091263132259,94.4024145337208
0.0008373429011239874,92.51579201479696
0.0007999183442942686,88.77333633182508
0.0007477408057720938,83.5555824796076
0.0006861069356554204,77.39219546794025
0.0006206919022298943,70.85069212538765
0.0005559685992575303,64.37836182815126
0.000493550369074273,58.13653880982552
0.0004318787933721963,51.96938123961785
0.00036743178330426947,45.52468023282517
0.0002965594215610238,38.437444058500596
0.00021685039048872668,30.46654095127089
0.00012746261585732605,21.527763488130827
2.852887981874578e-05,11.634389884272801
-7.975358582659506e-05,0.8061433197387187
-0.00019765240878642036,-10.976988033348782
-0.0003257200318987074,-23.718976568477068
-0.0004642131296552572,-37.35447076769467
-0.0006124506791324956,-51.69299482414335
-0.0007684282854997727,-66.39373711195775
-0.0009291697298297901,-81.02821566869271
-0.0010919240048919499,-95.22189417881113
-0.0012547182400583143,-108.71627769675442
-0.001414955958697039,-121.25832958997653
-0.0015682626467518831,-132.53772260467315
-0.001708557038786105,-142.22838633126347
-0.0018290283164608832,-150.06564631316925
-0.001923375677062424,-155.8928042855958
-0.001986864943224493,-159.662082817624
-0.0020167553452746334,-161.3947113246195
-0.0020121000591307257,-160.84435473306922
-0.0019731755969377178,-156.95190851376842
-0.0019009665489432754,-149.73100371432417
-0.0017968271013306496,-139.31705895306158
-0.0016623867778224207,-125.8730266022387
-0.0014994969914506266,-109.5840479650593
-0.001310422057265254,-90.67655454652204
-0.0010990000997907487,-69.53435879907151
-0.000870902268433941,-46.72457566339074
-0.000632774534715957,-22.911802291592334
-0.0003907606014369187,1.2891606901953532
-0.00014925277274111353,25.3355705783365
8.964429118931995e-05,48.62761843151424
0.0003259947936911685,70.78985819752295
0.0005612977811084794,91.65493517967408
0.0007976076917397715,111.15555640143035
0.0010370103790077342,129.25706974665263
0.001281774885191664,145.95503137917785
0.0015343405775177154,161.2607267850235
0.0017967922838249654,175.16654998083683
0.0020699638565166256,187.62347602087158
0.0023519644729007015,198.534066615666
0.002637789742132841,207.81813359766448
0.0029200866581563893,215.48114932755627
0.003190533087994222,221.63341762257178
0.0034411727364181952,226.4601635928521
0.003665327213288632,230.17426570505833
0.0038579103986034857,232.97671536412685
0.004015244785642511,235.0341895185806
0.004134705531800362,236.47223090039972
0.0042143477709540595,237.37647414708533
0.004252767552818993,237.7980079904994
0.004248968142170658,237.11189980514627
0.004201909660383096,232.40605162639008
0.00411024605544032,223.23969113211257
0.003972554597651401,209.47054535322061
0.003787736585987969,190.9887441868774
0.003555393578241886,167.75444341226907
0.003276255708791199,139.8406564672004
0.0029525842509490626,107.47351068298677
0.0025881319480822907,71.02828039630958
0.0021875706599337,30.972151581450508
0.001756081110302027,-12.138276767988469
0.0013005985928335444,-56.34057636494539
0.0008299062485215554,-97.89315392403435
0.0003533487399640294,-133.75055775690117
-0.0001207173589261554,-162.55804287117232
-0.0005855686856705305,-184.52990553243592
-0.0010358828965398663,-200.75232250814537
-0.0014672855282418346,-212.5409960167546
-0.0018759388729335735,-221.07778805955326
-0.0022585050947343936,-227.29594214627892
-0.002612425965854337,-231.881654508639
-0.0029359330447222983,-235.31741120818185
-0.003227850344487366,-237.93301857055494
-0.003486996356048069,-239.94775757821822
-0.0037117157876167517,-241.50400964296014
-0.0038998434631152892,-242.69278517670404
-0.004048792855204591,-243.57052977408824
-0.004155855374052084,-244.17068671883857
-0.00421873228581865,-244.51215223165946
-0.004237674352831755,-244.6135045033516
-0.0042165278842412925,-242.4988576443054
-0.004162413744193109,-237.08744363948708
-0.004084101608664791,-229.25623008665525
-0.003989765670198851,-219.82263624006129
-0.0038839676872143166,-209.24283794160777
-0.0037651152873090783,-197.35759795108396
-0.0036263795184879625,-183.4840210689724
-0.003459555579899654,-166.8016272101415
-0.0032594038755004604,-146.7864567702222
-0.003026604189681978,-123.50648818837394
-0.0027676044899167754,-97.6065182118537
-0.002492202108038768,-70.06628002405292
-0.0022101178471882633,-41.85785393900247
-0.0019278422731691452,-13.630296537090663
-0.0016480239123902462,14.310278781174944
-0.0013712505810603653,41.445622523596846
-0.0010973892048519738,67.17772679417514
-0.000821270736967075,91.47032306662682
-0.000530794145886205,114.81854177322666
-0.00020894156999522282,137.7476774232194
0.00016040406622178728,160.1513443384753
0.0005826621701014654,180.913841943277
0.0010485453619564088,198.58440149982403
0.00153650017380556,212.34060468408288
0.0020190862799855393,222.320322230656
0.002469270905378074,229.25363235925474
0.0028654338419577016,233.97046491364594
0.0031936377517479005,237.1460968410306
0.0034472654888165898,239.24686927642185
0.0036258389807230745,240.57458740478847
0.003733992181976738,241.326000986147
0.0037825857777555863,241.6517694087403
0.0037888876246633158,241.57626470559416
0.0037741611465104447,240.10361689030708
0.0037597168007084446,238.65918231010704
0.0037633306709455526,238.55334959958608
0.0037967331901097973,238.85397492001545
0.0038646845869227723,239.4493597164677
0.003965356425756795,240.29357429839305
0.004090930104218407,241.28789114212032
0.004229568706704651,242.31681942612474
0.004368250010750245,243.28104094750108
0.004494930559639743,244.11074253155348
0.004598467667627376,244.7560275059442
0.004668986999068849,245.17992783393296
0.004700136129340182,245.36335838140582
0.0046905633161949695,244.3864791486185
0.00464276366575148,239.60651410426954
0.0045597933923104345,231.30948676016496
0.004441441743770078,219.4743219061293
0.004282450163290767,203.57516385819827
0.004074317794289067,182.7619269580282
0.0038098747770792503,156.31762523704657
0.0034882916345406394,124.15931098318545
0.003117868194029283,87.1169669320498
0.002715563039572938,46.88645148641532
0.0023024298838451225,5.573351662284515
0.001897228937088616,-34.54531407143912
0.0015115820563134414,-70.75682696380315
0.0011493206318628172,-101.71080710894623
0.0008094643919277394,-127.3684704687947
0.000490710082592154,-148.22595601215423
0.00019473130287370134,-164.8425816290545
-7.353755622823313e-05,-177.75077533154035
-0.0003084231562690214,-187.51431936185045
-0.000507052216703937,-194.75534606432905
-0.000671717506515438,-200.11815386062594
-0.0008108688404547701,-204.2364431029974
-0.0009371169330496493,-207.67076188259853
-0.001063744390695906,-210.8483393213034
-0.0012014552361685833,-214.02393927717372
-0.0013565917739589348,-217.28170470641257
-0.0015311563304728861,-220.58205973004095
-0.001724052092563089,-223.82929807883997
-0.0019324403405060714,-226.9251173640119
-0.0021515744928213643,-229.78257341371847
-0.002374483433991032,-232.3324038877941
-0.0025920483447292417,-234.5269074579656
-0.0027933795702329996,-236.33782857510786
-0.0029655841219888455,-237.74285076657446
-0.003096060464160308,-238.7299629391303
-0.0031771537456723293,-239.31306081036155
-0.003208548622625824,-239.53293504690075
-0.0031959983981888164,-238.21528461945135
-0.003147893399013497,-233.40478470191943
-0.0030720670122090328,-225.822146021473
-0.0029733616103393306,-215.9516058345028
-0.0028539386376544413,-204.00930856601386
-0.0027158576854180217,-190.2012133423719
-0.002563979095716513,-175.01335437222102
-0.002406959776077173,-159.31142240828703
-0.002254422878798057,-144.05773268037544
-0.0021133958975429906,-129.95503455486875
-0.0019856141229474805,-117.17685709531774
-0.0018668000729016555,-105.29545209073522
-0.0017488811449151696,-93.50355929208663
-0.0016239230607892085,-81.00775087949053
-0.001487569239267129,-67.37236872728256
-0.0013406145397784192,-52.67689877841159
-0.0011895955281039552,-37.5749976109652
-0.0010444237666190263,-23.057821462472308
-0.0009142209248991488,-10.037537290484554
-0.0008041180394319818,0.9723810963325122
-0.0007147736000446671,9.896482629350327
-0.0006435592377953679,16.987377771311237
-0.0005842408962163457,22.869430093318826
-0.0005277378721121653,28.445209434270307
-0.00046372969454341694,34.722418017709636
-0.00038239854426993397,42.62632211168035
-0.00027548879741316957,52.868499057792654
-0.00013710048994854872,65.82721266771547
3.535746582693961e-05,81.41250840028927
0.00024066072760765435,99.01384666247392
0.0004738330633897529,117.58899064654406
0.0007263744191540819,135.87496029885685
0.0009848134336781127,152.55882388576114
0.0012316614204818852,166.60681114437284
0.001448901793532583,177.51486933620515
0.0016220454345476,185.29381717676182
0.0017426802998004665,190.26376661740747
0.0018086541575482518,192.8332873144557
0.0018222809722857212,193.35132817677075
0.001788543871904999,189.97761813869852
0.001716307852722957,182.75401622049432
0.0016187485270511225,172.99808365331089
0.0015122665849130594,162.34988943950458
0.0014138770324869355,152.51093419689224
0.0013381117655079484,144.93440749899358
0.001294766188426154,140.59984979081415
0.0012881434907607429,139.87542581881326
0.0013174107680821946,141.8358632461367
0.0013758993514470504,145.67453834264444
0.0014516718767129955,150.49119262672667
0.0015301548888223453,155.29520107839295
0.0015978242814495686,159.28764854013914
0.0016448435691093278,161.981023908234
0.001665993885293058,163.17116788826647
0.0016609713926020995,162.66891861917063
0.001632784934547042,159.85027281366484
0.001585372388399438,155.10901819890447
0.0015216120676009369,148.73298611905435
0.001442759951811642,140.84777454012485
0.0013493225889739382,131.50403825635448
0.0012422808415627942,120.79986351524008
0.0011237638729352077,108.94816665248143
0.000995847654607324,96.15654481969307
0.0008594564130728447,82.51742066624513
0.0007144033173438157,68.01211109334223
0.0005603123953427123,52.60301889323189
0.00039781977453127315,36.35375681208797
0.0002296904183666721,19.540821195627867
6.215965564965277e-05,2.7877449239259384
-9.565590751821074e-05,-12.981618558801047
-0.00023415930081374474,-26.736815054426195
-0.00034616169545898743,-37.741043666863426
-0.00042890454116104086,-45.774465631030296
-0.00048419970635563153,-51.08814594142117
-0.0005169962966237962,-54.21669939154356
-0.000533289020548115,-55.764134308597434
-0.0005385501012361431,-56.26282883460174
-0.000537528330197926,-56.16065173078003
-0.0005359328228382664,-56.001100994814074
-0.0005413572620341846,-56.515033986816235
-0.000562534296277546,-58.51640072748128
-0.0006073477189123478,-62.7242494197304
-0.0006808202524494558,-69.53782260674919
-0.0007841237026017556,-78.92282982726384
-0.0009149623517499705,-90.44911536972054
-0.00106839909579888,-103.40247597826905
-0.001236672503813118,-116.8508937750989
-0.001409960960544903,-129.82378879583646
-0.0015777585064207986,-141.51141532727064
-0.0017303310554396814,-151.38560669664733
-0.001859601936033606,-159.19509568003198
-0.001959501399554288,-164.88644937867343
-0.002026151869940544,-168.52010947143535
-0.0020578032429158966,-170.2005774890776
-0.0020546617426739928,-169.7585148621904
-0.002018937746695397,-166.18611526433082
-0.0019557453126035442,-159.86687185514552
-0.0018729973554152965,-151.59207613632074
-0.0017800342270044723,-142.29576329523834
-0.001685680564389189,-132.86039703371006
-0.0015960924942590815,-123.90159002069929
-0.0015137854503422012,-115.67088562901125
-0.0014383167686171496,-108.12401745650608
-0.0013679719874465119,-101.08953933944231
-0.001301460557820648,-94.4383963768559
-0.0012389603052173558,-88.1883711165267
-0.0011827070788542028,-82.56304848021139
-0.0011360811162113525,-77.90045221592636
-0.0011017880366367319,-74.4711442584643
-0.0010803329831664743,-72.32563891143856
-0.0010697117786345998,-71.26351845825111
-0.0010662574006679074,-70.91808066158187
-0.0010660169378185046,-70.89403437664159
-0.0010658687013209752,-70.87921072688866
-0.0010638553473990395,-70.6778753346951
-0.0010589030471951752,-70.18264531430866
-0.0010502002293223574,-69.31236352702687
-0.001037088568605732,-68.00119745536433
-0.0010195896075341285,-66.251301348204
-0.0009988343328073731,-64.17577387552845
-0.0009760146638797326,-61.893806982764396
-0.0009516042218301884,-59.45276277780997
-0.0009253942118483825,-56.83176177962939
-0.0008970061409372444,-53.99295468851557
-0.0008665632312837645,-50.948663723167584
-0.0008351410716105177,-47.8064477558429
-0.0008048145443725009,-44.77379503204122
-0.0007782462628502003,-42.116966879811166
-0.0007579500041384839,-40.08734100863952
-0.0007455012332240104,-38.84246391719217
-0.0007408297353319076,-38.37531412798189
-0.000741931262536237,-38.48292511692407
-0.0007451304612981239,-38.79537967174107
-0.0007456673789452256,-38.84780634822125
-0.0007382994086693979,-38.11100932063848
-0.0007181872586261326,-36.09979431631195
-0.0006830574293155749,-32.58681138525618
-0.0006340161298517511,-27.68268143887381
-0.0005744258159659213,-21.723650050290825
-0.000508042931066204,-15.08536156031909
-0.0004378348472135582,-8.064553175054519
-0.00036517479145399214,-0.7985494792240372
-0.00028830782267164165,6.885329524130105
-0.0002023609382646136,15.45768508543868
-0.00010079857751493643,25.533979089707746
2.2493627701490926e-05,37.6423455495043
0.0001717506684870608,52.04166376480162
0.00034860170809225007,68.61433797712301
0.0005517973036559567,86.8338505016939
0.0007776887502193262,105.86303828754824
0.001021234750257767,124.75493812892687
0.0012764187711019838,142.62274953932038
0.0015341917595576887,158.64096494131954
0.001781810387600859,172.15775948938267
0.002004400202642076,182.83120860064753
0.0021880158437057825,190.65745431613072
0.0023223953878627477,195.86436420868057
0.0024024051203657723,198.76786590174623
0.002428239108378075,199.6752142973906
0.002404054549250973,197.2567583846804
0.002336175742407061,190.4688777002892
0.0022322362696986092,180.07493042944404
0.002103619834197433,167.21328687932643
0.001966249374240534,153.4762408836365
0.0018385298226119898,140.7042857207821
0.0017371791166952413,130.56921512910728
0.0016712452379154528,123.97582725112844
0.0016386218379661407,120.71348725619725
0.0016265881946909222,119.51012292867539
0.0016165640251188517,118.50770597146834
0.0015904694297628056,115.89824643586373
0.0015356816472014846,110.41946817973162
0.0014464881369406313,101.50011715364627
0.001322125742414398,89.06387770102295
0.0011634303016940524,73.1943336289884
0.0009700883487017333,53.86013832975649
0.0007401082403935038,30.862127498933535
0.0004711400810879489,3.9653115683780475
0.0001621753034700634,-26.80757947031186
-0.00018458991669415285,-60.26748139190786
-0.0005606825139275143,-93.96628573415622
-0.0009512228505417817,-125.01070437081974
-0.001337757073790802,-151.2160080671136
-0.0017021916100192146,-171.77333676946083
-0.002029460826795061,-187.03880765071432
-0.0023082873824029747,-197.91416254319512
-0.00253035837581885,-205.33815019042171
-0.0026897247185014464,-210.0628687230596
-0.0027849304904616046,-212.66569035245067
-0.002820259988910838,-213.59207748352287
-0.002805481142809026,-212.1141928733417
-0.0027540520402096944,-206.9712826134085
-0.002680629069876086,-199.6289855800477
-0.002598399717057351,-191.40605029817414
-0.002517188070298132,-183.2848856222522
-0.002442363105875931,-175.80238918003212
-0.0023725218356503534,-168.81826215747435
-0.0022993997045745672,-161.50604904989575
-0.0022103799506080313,-152.60407365324212
-0.0020926867616483436,-140.8347547572734
-0.0019372973309770996,-125.29581169014898
-0.0017411468699911998,-105.680765591559
-0.0015082894634677485,-82.39502493921385
-0.001247881501529081,-56.35422874534713
-0.0009701260525713777,-28.578683849576795
-0.0006824475417352863,0.18874505628392083
-0.00038788912259487933,29.468919856667586
-8.588333133957744e-05,58.565279745849246
0.00022569200992150502,86.79364979696133
0.0005480416998232175,113.41519258410179
0.0008799955071934932,137.64717600078347
0.0012182270835295547,158.8627302671695
0.0015593003724556588,176.81681422555235
0.0019010010362206474,191.64206446068258
0.00224220155394633,203.69155010995334
0.0025819960172172554,213.38607219763975
0.0029189879105975948,221.13386502709443
0.0032507401609985394,227.2953764137696
0.003572822094175278,232.16675890619135
0.0038787708491965596,235.98847166922812
0.0041607993506235135,238.95627313224963
0.004410945434216701,241.22833554602886
0.004621859246792912,242.9268951312574
0.004787471389914857,244.14245163536552
0.004903768326522925,244.94150124118653
0.0049692887435561035,245.37360626113806
0.004985071458233194,245.4758461685759
0.00495464551249439,242.43325159469552
0.004885160373298513,235.48473767510777
0.004787119281057025,225.68062845095903
0.004672703419636603,214.23904230891677
0.004553537396975358,202.3224400427923
0.004438885532787442,190.85725362400072
0.0043342474811798965,180.3934484632462
0.004238113995181165,170.780099863373
0.004140667143666533,161.03541471190988
0.004025265355942965,149.49523593955308
0.003873747923314527,134.34349267670925
0.003673189469784566,114.28764732371316
0.003419932924118108,88.96199275706736
0.0031190671876502587,58.87541911028243
0.0027802059552873267,24.989295873989228
0.002413563445189576,-11.635917355562528
0.002026674075096525,-49.30213532228528
0.0016231633828923124,-85.76137348387851
0.0012040627325681163,-119.14223956641351
0.0007707110260954321,-148.09639475956857
0.00032737018481089733,-171.88610460899974
-0.00011812645756015245,-190.4679804876568
-0.0005560825194100689,-204.4103507421336
-0.0009783339452711882,-214.64066005553119
-0.001380553058431035,-222.12914484738684
-0.0017625586232310052,-227.69132609493334
-0.002127026728575548,-231.93034785793296
-0.002477672270683041,-235.26042822632976
-0.002817611880474111,-237.9544355786672
-0.0031484312510089846,-240.18932827308416
-0.003470053899606393,-242.08079650967113
-0.003781180013691959,-243.706571874211
-0.004080046468399958,-245.12132674987268
-0.004365113160576881,-246.36546439838133
-0.00463529732299322,-247.46942995496087
-0.004888907899378133,-248.45226405363954
-0.00512304131785735,-249.32230009376147
-0.005333504894147732,-250.07913030596316
-0.005515214026742449,-250.71636982363793
-0.005663080482562099,-251.2253833815854
-0.005772923391356165,-251.59859442028153
-0.005841987869037312,-251.83129462056155
-0.005868971103781486,-251.92182156671933
-0.005854470183602671,-250.4528195230327
-0.00580101081701687,-245.10688286445256
-0.0057125469054158965,-236.26049170435525
-0.00559378998879917,-224.3848000426826
-0.005449422511525101,-209.94805231527565
-0.005283382831390153,-193.34408430178092
-0.005097787732198989,-174.7845743826645
-0.004892487300245145,-154.25453118728007
-0.004665523922203994,-131.558193383165
-0.0044143154293753255,-106.43734410029812
-0.004137054931150874,-78.71129427785294
-0.003833700158968166,-48.375817059582175
-0.0035063043980126554,-15.636240964031114
-0.0031581312770766336,19.041291965790144
-0.0027913817608753765,54.301085244791054
-0.002405911038188905,88.49810910613265
-0.0020005013305453927,120.13784980430925
-0.0015748771722867956,147.993429907629
-0.0011308317764572198,171.29804995962013
-0.0006724385759329336,189.8813314111918
-0.0002056897319075588,204.1150249707195
0.0002622282813987283,214.7159783325214
0.000723215500571526,222.48940181664435
0.0011687192911618788,228.1721628208066
0.0015904864705570524,232.3570611456524
0.00198141035084293,235.4831434485262
0.0023363279562218222,237.85914036491857
0.002652403655557599,239.6958778516275
0.002928938123347629,241.13553455536797
0.0031670827593889414,242.2753967081232
0.003369970136012673,243.18645553967613
0.003542154209140856,243.92296957278953
0.003688700100593254,244.52681138399907
0.0038141635196802417,245.0288945310573
0.003921917955106157,245.45022685813566
0.004013809238013429,245.80293173390837
0.0040894567930086865,246.08905948728375
0.00414635803616164,246.3019149172939
0.0041808536260636115,246.43001053944252
0.004189313369065956,246.40938165067908
0.004168969005823834,244.3749453264669
0.004117705750504659,239.24861979454934
0.004033738139484901,230.85185869257364
0.0039171226961129384,219.19031435537735
0.0037713883079491077,204.6168755389943
0.0036032236540573925,187.80041014982277
0.0034196021241835275,169.43825716243626
0.003224442494102514,149.92229415433488
0.003016561195384305,129.134164282514
0.002790155685193081,106.4936132633916
0.0025374241944234777,81.22046418643127
0.0022522593893372195,52.70398367780545
0.0019333520239983647,20.813247143919963
0.0015850740011340643,-13.977123267590514
0.0012160081357690407,-49.96112368063251
0.0008360957991964446,-84.55616486159313
0.00045466882937122836,-115.61275829584945
7.92814371584079e-05,-141.95732334262874
-0.0002845358983900938,-163.38414293351528
-0.0006329780862752542,-180.3298611960847
-0.0009640978694829117,-193.53767984599187
-0.0012774522992672723,-203.79282240679944
-0.0015734866708807327,-211.78403031938683
-0.0018527982529286233,-218.05663780452392
-0.002115346348902183,-223.01566955853608
-0.0023601136774229884,-226.95457932922696
-0.0025851915404493126,-230.08641110741078
-0.002788231158740169,-232.56945795374932
-0.002967033236736764,-234.52499573286906
-0.0031200224167165554,-236.04811899970002
-0.0032465357731602078,-237.2146551901628
-0.0033468722085437607,-238.08554808373862
-0.0034222602440609254,-238.71069071140474
-0.003474605751162835,-239.1308678623324
-0.003506152573779704,-239.37882080627688
-0.0035190821534570008,-239.47932809983536
-0.0035150489000937125,-239.02688910291113
-0.0034948352314348127,-237.00552223702113
-0.0034571325659206362,-233.2352556856035
-0.0033973213819101043,-227.2541372845503
-0.0033090648201028524,-218.4284811038251
-0.003187068009232054,-206.22880001674525
-0.0030291375927759454,-190.43575837113437
-0.0028365767213411972,-171.17967122765955
-0.0026131594829388685,-148.8379473874267
-0.002363549878993251,-123.87698699286496
-0.002092604748976023,-96.7824739911422
-0.0018051678687517427,-68.03878596871414
-0.0015060815344376162,-38.13015253730149
-0.0012001509046133184,-7.537089554871712
-0.0008917950576079714,23.193964536697703
-0.0005846010301682495,52.99248916232142
-0.0002811786420548672,80.80623219580478
1.6805663262901198e-05,105.94660470680174
0.0003090601197615255,128.13790779573029
0.0005962592565397012,147.4061132424931
0.0008786037710249375,163.89822651421713
0.0011549705845555547,177.80072511129856
0.0014232398017922736,189.3464221643683
0.001681166637265998,198.82249474629737
0.0019270336794647287,206.5470150727843
0.0021597937882574412,212.831034402997
0.002378642949847751,217.9451195218341
0.0025824154810343905,222.1044462370064
0.002769171780433178,225.47077945247753
0.002936220779808288,228.16419088005622
0.0030804180050322595,230.27467928227426
0.0031987797795969405,231.87313910776507
0.003289166428382991,233.01923109165548
0.0033506413071753964,233.76421597117863
0.0033833209570858927,234.14938238671866
0.0033878658876558437,234.0962941355804
0.0033648119365875793,231.79089902875396
0.003313820083163131,226.69171368630916
0.0032332294491489925,218.63265028489528
0.003120701528602121,207.3798582302081
0.002974360772897809,192.7457826597769
0.00279399266028845,174.70897139884104
0.002582467934179466,153.55649878794267
0.002345796333204791,129.8893386904751
0.0020919312879102833,104.50283416102437
0.0018289154662763738,78.20125199763342
0.0015633024569729618,51.639951067292216
0.0012994311374208284,25.252819112078875
0.0010395153718315477,-0.7376228370157658
0.0007840994035557826,-26.13839190287007
0.0005317144257663732,-50.62981082521957
0.0002790580338696266,-74.07305619944276
2.2085161665775526e-05,-96.41968945199676
-0.00024252414143330104,-117.54918828636828
-0.0005162150608765032,-137.2028425788235
-0.000797940854868745,-155.03007411630037
-0.0010834877131967156,-170.67098744654695
-0.0013659426709192728,-183.8933457997535
-0.0016370073736172908,-194.67759297670497
-0.0018887611016130783,-203.21147772824764
-0.0021158327675306625,-209.83324972788958
-0.002316298096996429,-214.9345302802979
-0.002491263951575963,-218.88240318901433
-0.0026435914087542456,-221.9775771416411
-0.002776653620768089,-224.44622524177828
-0.0028934091654958236,-226.4476283643849
-0.0029957808310002564,-228.0857638881832
-0.003084493463344362,-229.42333664112897
-0.0031590986250509107,-230.49290283832613
-0.003218062957027007,-231.30436292900504
-0.0032582500506278984,-231.84098615095994
-0.0032746878091442426,-232.05675157327425
-0.003261482333678076,-230.73620402665762
-0.003213638532116172,-225.95182387046717
-0.0031289004845470696,-217.47801911355697
-0.0030086945468197237,-205.45742534082237
-0.002858293009324516,-190.41727159130158
-0.0026853676628821235,-173.1247369470623
-0.0024974129407992966,-154.32926473877964
-0.0022996466757762815,-134.55263823647812
-0.0020943147214530925,-114.01944280415923
-0.0018815009272443138,-92.73806338328136
-0.0016609648368565674,-70.68445434450672
-0.0014336621815108001,-47.95418880992999
-0.001202152105933906,-24.803181252240574
-0.0009698248588855984,-1.5705787609371558
-0.0007395275427384823,21.3791755705106
-0.0005125241660225671,43.590834377585495
-0.00028832366386644364,64.7829482363224
-6.536913351089149e-05,84.8327805979753
0.0001581784025715669,103.68242532584765
0.0003836156361916495,121.25793805287935
0.0006110482015011694,137.43504453657542
0.0008392816246301233,152.0693792996359
0.001066123862110531,165.0518659087468
0.0012887073111099649,176.342184611796
0.0015032110015741785,185.95226506282992
0.0017048841483124303,193.93940773430515
0.0018885068243875926,200.40434023914207
0.0020492558844148892,205.48766572855618
0.002184125240814595,209.37223052860668
0.0022925865363514217,212.2632475332538
0.0023762440581787695,214.36027653053802
0.0024377807936848722,215.83271963138208
0.002479825833468232,216.80592378172483
0.0025041256376232236,217.35655268006488
0.002511248105627113,217.51632966724927
0.0025005899248223863,216.45051158677657
0.0024704038627321014,213.43190537774805
0.00241862265812729,208.25378491726693
0.002343856898675885,200.77720897212643
0.002246034443905117,190.99496349504966
0.002126457447583441,179.03726386288199
0.001987380542134199,165.12957331795783
0.0018314092859547492,149.53244770001285
0.0016609792223080198,132.48944133533993
0.0014780328207315689,114.19480117769483
0.0012839831356325007,94.78983266778802
0.0010799220567564898,74.38372478018694
0.000866771163984631,53.068635503001055
0.0006452310228547908,30.91462139001704
0.00041582451885339853,7.97397098987782
0.00017935117569212156,-15.648915383418835
-6.27034021306353e-05,-39.50607897440255
-0.0003079079716523115,-62.89725229504394
-0.0005532210388570648,-85.12133844781776
-0.0007963538425688237,-105.67827237446342
-0.0010364769701367688,-124.33878618296747
-0.001273252360472365,-141.03207777967836
-0.0015057861965436742,-155.74818880312176
-0.0017322860156110988,-168.51506741437927
-0.0019502797477729005,-179.40942585248186
-0.002157051794459009,-188.5625117716949
-0.0023500729500159764,-196.1498614474072
-0.0025272122826767653,-202.36783655570449
-0.002686714860212198,-207.4087261177588
-0.002827057006314744,-211.44318267546157
-0.0029468251445987493,-214.6124888858172
-0.0030447045876204424,-217.0284200250046
-0.0031195533545602394,-218.776425825483
-0.003170428658766755,-219.91763047719377
-0.0031966121398365526,-220.49063594078734
-0.003197652936884621,-220.30629693131536
-0.003173261847471291,-217.86718798998237
-0.0031231962364729493,-212.86062689014815
-0.003047553957035807,-205.29639894643395
-0.0029476852478449635,-195.30952802734961
-0.0028265158301826123,-183.19258626111446
-0.002688034535378326,-169.34445678068585
-0.0025363432606728136,-154.1753293101346
-0.002374890419410805,-138.0300451839337
-0.0022058686932043504,-121.12787256328828
-0.00202932725844457,-103.47372908731025
-0.0018432483911230114,-84.86584235515438
-0.0016444915090134424,-64.99015414419748
-0.0014300850052679553,-43.54950376964877
-0.001198148964322883,-20.35589967514154
-0.0009482293852769084,4.631954899631045
-0.0006811103051171838,31.12298048518355
-0.00039850965368912867,58.28215209815449
-0.00010345930651619327,85.02297760186478
0.00019957006911774027,110.2095403987625
0.0005050088079297225,132.8948436662654
0.0008069275816691015,152.50946235124772
0.001099809896906654,168.9069818391737
0.001379149741198439,182.2784467069198
0.0016418594696988044,193.01499420777597
0.001886223075336026,201.57344538475044
0.002111607431313925,208.3885119050403
0.0023180578212198643,213.83068549813788
0.0025059963858112366,218.19750686961234
0.0026760317426046676,221.7204847210671
0.002828842663542516,224.57682714833538
0.002965057456221529,226.9003074271637
0.003085027407682321,228.78869009720867
0.0031886843275176404,230.31089024309387
0.0032755774930078737,231.5143977633825
0.0033449858559558604,232.43113386598864
0.003395826391921033,233.07874202113902
0.003426745632849672,233.46307707778612
0.0034363616482987447,233.58117265151947
0.00342331862656266,232.27687047791105
0.0033862309725675613,228.56810507840115
0.003323969263750807,222.34193419672573
0.003236382585283206,213.58326634996558
0.0031244639730357193,202.39140512521692
0.0029897930481291544,188.92431263456044
0.002833769075869171,173.3219154085621
0.00265722630910853,155.66763873249798
0.00246060015915148,136.005023736793
0.0022446409743856434,114.40910526020932
0.0020110322953813048,91.04823735977547
0.0017625274139555726,66.19774921720226
0.0015025139866434402,40.196406485989016
0.0012342535974539115,13.370367567036157
0.0009602953105732013,-13.998296573393574
0.000682395246180536,-41.3139110175524
0.0004018652917166572,-67.77511051655695
0.0001200282459843813,-92.66643178365831
-0.00016138075728136094,-115.41233747971347
-0.00044017422221297636,-135.63044635691827
-0.0007138392323412432,-153.15477641909268
-0.0009791953635414556,-167.99111241645457
-0.0012323887605325667,-180.2781325151488
-0.0014692794149019984,-190.25277188878835
-0.0016859092198890527,-198.2075903724875
-0.0018787630961377595,-204.44468268728744
-0.0020448846318930165,-209.24188876244204
-0.002181944800294981,-212.83542643083126
-0.002288248218035886,-215.4136815864939
-0.0023626732365654903,-217.1171428180858
-0.002404852321271895,-218.04712070245526
-0.002416278989647793,-218.29476782972068
-0.0024006947448537617,-216.73634335031753
-0.00236363551068145,-213.03041993308636
-0.002311299893279904,-207.79685819293178
-0.002249206271096746,-201.58749597461596
-0.002180807434313756,-194.74761229631696
-0.0021067779513161576,-187.34466399655713
-0.0020255034134904963,-179.217210213991
-0.0019343561064582334,-170.1024795107647
-0.0018309753051849805,-159.7643993834394
-0.0017133946443471232,-148.00633329965368
-0.001579889163367962,-134.65578520173761
-0.0014291162958125015,-119.57849844619153
-0.001260392269228428,-102.70609578778418
-0.0010741413340427716,-84.08100226921856
-0.0008724315460036447,-63.91002346530586
-0.0006601902484608297,-42.68589371102437
-0.00044519102226923013,-21.185971091864417
-0.00023649378733278689,-0.3162570663580803
-4.248331203833027e-05,19.042000809027556
0.00013043792543402733,36.09763193816026
0.00027865515559793736,50.43985735001154
0.00040319277020096396,62.22008443071596
0.0005096386373117051,72.0522968239115
0.0006062486375332153,80.76200317969594
0.0007013638055968802,89.11920679270094
0.0008015752989860665,97.67326187822182
0.0009108916015135517,106.6930808816754
0.0010304175221216726,116.16489280607097
0.0011588646266897428,125.87155233231746
0.0012934844592405522,135.5062312798499
0.0014307039425922965,144.75280830221757
0.0015652936862323094,153.25944715897134
0.0016902235206162025,160.66267982436136
0.0017978787899637113,166.66904480723272
0.0018822314121551996,171.13942467868355
0.0019412703845383575,174.1476777614257
0.0019776264190095004,175.95161323654332
0.0019972024147948196,176.90780749707886
0.002006202254422657,177.34387613155778
0.0020063422086454927,177.2887160705585
0.0019923126971602306,175.88576492203228
0.0019529759568948134,171.95209089549058
0.0018764416982021467,164.2986650262239
0.0017574804614339055,152.40254134939977
0.0016008420406736965,136.73869927337887
0.0014191653037163297,118.5710255776422
0.001227569768624069,99.41147206841615
0.0010388083317669358,80.53532838270282
0.0008604781222136933,62.70230742737857
0.0006955235818595236,46.206853391961616
0.0005445925381817126,31.113749024180514
0.00040731155646813464,17.385650852822717
0.0002823293774355719,4.887432949566441
0.00016609118298267328,-6.734253882751403
5.216505992259061e-05,-18.092259341257197
-6.734200695285473e-05,-29.919556758707486
-0.00019919367509764902,-42.80126806690178
-0.0003463739121030558,-56.891748817381206
-0.0005069527604638556,-71.81857282959996
-0.000674758997488168,-86.81523008469613
-0.0008416247814597268,-101.02673949893476
-0.0009998862087836227,-113.7949089756129
-0.0011440371279196114,-124.78567621993156
-0.001271186055462875,-133.95750335207944
-0.0013806001606030348,-141.45213306575357
-0.0014744332361605827,-147.58548776571595
-0.0015572844438405085,-152.7762978339832
-0.0016347430465137348,-157.44024066095514
-0.0017117563543304233,-161.89839385687497
-0.0017912602670336342,-166.31625793663991
-0.0018737613154971708,-170.70611291357375
-0.0019576655935696656,-174.97178099125716
-0.0020395567893334186,-178.94650198069806
-0.002112286053543952,-182.3244194538372
-0.002164717040283835,-184.6730074525803
-0.002183753995757465,-185.5081253742662
-0.002158117178362347,-182.9444436347544
-0.0020836489829459235,-175.49762409311208
-0.00196533715759333,-163.66644155785275
-0.001815459109082161,-148.67863670673583
-0.0016495058582904785,-132.08331162756758
-0.001482340023288362,-115.36672812735594
-0.001325510595241407,-99.68378532266041
-0.0011863195765996278,-85.76468345848251
-0.0010686694369412403,-73.99966949264375
-0.0009742755999666825,-64.56028579518797
-0.000903208494437204,-57.45357524224013
-0.0008526087845004475,-52.393604248564465
-0.0008157262018832642,-48.70534598684615
-0.0007826390252338677,-45.3966283219065
-0.0007425291081758432,-41.385636616104044
-0.00068628047238624,-35.76077303714373
-0.0006082935581246428,-27.96208161098401
-0.0005068950556180742,-17.82223136032715
-0.00038313743643878233,-5.446469442397965
-0.0002389797799088753,8.96410156471206
-7.622175181533116e-05,25.145864928242986
0.00010240055246165113,42.639549530239236
0.00029200502375093483,60.71864382868609
0.00048536986546762257,78.45028947129765
0.0006740226300859253,94.90834973099159
0.0008500136735733201,109.40782654141255
0.0010076000838373325,121.63386856319707
0.0011440831607990591,131.61906557031014
0.001259264507245683,139.60124663179218
0.0013538182672741244,145.84815613262518
0.0014277743606127267,150.54258084828825
0.0014805481187474346,153.7901964476429
0.0015114975454700737,155.6554088462656
0.001520538725425891,156.19481961127264
0.0015086349378245752,155.00444085114108
0.0014781255136657764,151.9534984352612
0.0014326569062810541,147.406637696789
0.0013768059637756262,141.82154344624618
0.0013155986019251409,135.70080726119764
0.001254140445338135,129.55499160249707
0.0011969671355540697,123.83766062409055
0.001146815538209072,118.82250088959077
0.0011040056224394643,114.54150931263
0.0010670052341060629,110.84147047928985
0.0010333848462211928,107.47943169080284
0.0010005803803798696,104.19898510667052
0.0009660047613654217,100.74142320522573
0.0009256834062405073,96.70928769273429
0.0008737452236966966,91.51546943835321
0.0008032820859926118,84.46915566794473
0.0007084145378749002,74.98240085617358
0.0005873387092532732,62.874817994010876
0.0004434806822577728,48.48901529446084
0.0002841202782499784,32.55297489368141
0.00011770135266938354,15.911082335621922
-4.8241510349800046e-05,-0.6831898492739589
-0.00020813443223282783,-16.647525223318006
-0.0003586310892031436,-31.54920800076193
-0.0004979191835127791,-45.13737469257506
-0.0006246352221965405,-57.25905686337909
-0.0007373662554367809,-67.80386349183675
-0.000834986317959914,-76.72461507423216
-0.0009173630357007355,-84.08418737043866
-0.0009861751294921507,-90.1052602519716
-0.0010445831999578747,-95.12089694431013
-0.0010958329787837456,-99.44723805474904
-0.0011419201496103938,-103.27653609372445
-0.00118328605570088,-106.66307727659088
-0.0012195952837123153,-109.59559473282388
-0.0012511533321093679,-112.11355119098329
-0.0012799862185306644,-114.38872877551121
-0.0013099380861687122,-116.72633813439386
-0.0013457356448549895,-119.48529701278295
-0.00139165697598354,-122.96838711966276
-0.0014501100925278637,-127.30988554799973
-0.0015198647813347826,-132.35450634944016
-0.0015955481713989068,-137.65891169049513
-0.0016685393932168858,-142.6073647909962
-0.0017293780799907405,-146.60638598600323
-0.0017699607270649856,-149.21061229017965
-0.0017847791818625099,-150.14892628142096
-0.0017711130401089408,-148.78231210606407
-0.0017283899105828993,-144.50999915345992
-0.0016574146553735242,-137.41247363252242
-0.0015600559066697522,-127.67659876214522
-0.0014402181030938772,-115.69281840455773
-0.0013042290189155719,-102.09390998672718
-0.0011599405589863164,-87.66506399380164
-0.0010147828127551424,-73.14928937068423
-0.0008730932684254557,-58.98033493771557
-0.0007347962566135865,-45.15063375652865
-0.0005960520183276574,-31.276209927935742
-0.00045153361901425755,-16.824369996595756
-0.00029705978768965256,-1.3769868641352558
-0.0001311250743847514,15.193523671452661
4.520734882249861e-05,32.63957066200912
0.0002293706799335172,50.49763631736445
0.00041728783919858374,68.15268508309623
0.0006037661365195788,84.94272204696094
0.0007834286632992497,100.30629918929638
0.0009515460111058115,113.87848137814983
0.0011043975107295277,125.49870515341684
0.001239652612223144,135.1898219092411
0.0013578021283691389,143.19459290748276
0.0014625341319287645,149.93075003335446
0.001559823704228692,155.8876153351353
0.0016562259648491872,161.50818739394433
0.0017572629557431798,167.10308962414925
0.0018662986738124101,172.8091440700931
0.0019839804908528286,178.59287506079937
0.0021082850125593387,184.29543412922192
0.002234621478373626,189.68226612155942
0.0023563565118651323,194.50247588816825
0.0024655497786682627,198.53302475438855
0.002554324614433339,201.6159297608324
0.002616385533591448,203.6722990951153
0.002648180144912796,204.69529615090758
0.002649692334478475,204.54604094459333
0.002624167208014739,201.9935282982197
0.0025772275031431444,197.29955781106028
0.0025154621033291785,191.12301782966367
0.0024448332064749105,184.06012814423687
0.0023693813192053894,176.51493941728475
0.002290999936896475,168.67680118639333
0.002209881248766061,160.5649323733519
0.0021243502989876525,152.01183739551104
0.002031309280227693,142.7077355195151
0.001927350088635709,132.3118163603167
0.0018099476905021467,120.57157654696047
0.0016781393201636163,107.39073951310742
0.0015327685623917405,92.85366373591985
0.0013770759181327829,77.28439931002409
0.0012162888058714423,61.205688083890024
0.0010563370152064688,45.21050901739267
0.0009023447230644163,29.811279803187425
0.000757671600979967,15.343967594742494
0.0006234745127466441,1.9242587714102082
0.0004980724587225039,-10.605213711748656
0.00037726684697791344,-22.614998987916245
0.00025539432520265207,-34.61218093272308
0.00012669295594081018,-47.09042943375187
-1.3581372131141556e-05,-60.395952891111435
-0.00016854926588517788,-74.6530757951739
-0.0003394994811352515,-89.74409132159604
-0.0005257223403399062,-105.31932325637796
-0.0007234497953397946,-120.7762062788573
-0.0009256520006235953,-135.36632148904343
-0.001122929733464261,-148.38905932003178
-0.0013052522163289194,-159.36624602200405
-0.0014639321016274947,-168.11324363901463
-0.0015930543970037573,-174.69632646660278
-0.001689924877848344,-179.3317800379332
-0.0017547594556129847,-182.2936866244775
-0.0017907334180029377,-183.889674335899
-0.001803315445263594,-184.44000028486798
-0.0017990176687872367,-184.01022263723226
-0.0017840494151772032,-182.51339727622891
-0.001763222578052142,-180.4307135637228
-0.001739206000141439,-178.0290557726525
-0.0017124390797091406,-175.35236372942262
-0.0016815641804168357,-172.26487380019213
-0.0016433427826158312,-168.4427340200917
-0.0015932981246172641,-163.43826822023496
-0.0015269781902114087,-156.8062747796494
-0.0014412647929146023,-148.23493504996878
-0.0013351592951972558,-137.62438527823414
-0.0012096725805764408,-125.07571381615263
-0.0010669618209096271,-110.80463784947125
-0.0009093492414451084,-95.04337990301939
-0.0007392652030868061,-78.03497606718915
-0.000559306530733351,-60.03910883184364
-0.00037221373940560866,-41.329829699069414
-0.00018068718517362257,-22.177174275870804
1.2848220642429689e-05,-2.823633694265582
0.00020649115673997034,16.516606946177642
0.0003991032105881306,35.55365784826125
0.0005902219723078556,54.02435021690761
0.0007796880654373704,71.72667403602841
0.0009673137608680819,88.49517157175947
0.0011532783298062311,104.23794231450381
0.0013382108495784513,118.93343281310497
0.0015226977249786437,132.57923886099854
0.0017067452498883814,145.15309106157468
0.0018896071081420474,156.61439289974783
0.002069781744984009,166.91974385124556
0.0022445147048540163,176.01031110662527
0.0024099122348674837,183.83450734151342
0.002561598589538192,190.3798135131965
0.0026955443636959304,195.68793497853719
0.0028085988327863462,199.8439279402571
0.0028986745298603127,202.95405395690938
0.0029646156261903455,205.12285301659347
0.0030058521795701125,206.43431698252823
0.0030220966177819135,206.94168991172063
0.0030131377204023,206.04580017375926
0.0029788102612058214,202.6130542541114
0.0029191286048874457,196.64488862227384
0.0028345910124101493,188.1911293745442
0.002726334470563901,177.36547518991938
0.0025959672113374643,164.32874926727573
0.0024452418378133594,149.25621191486525
0.0022756699746505553,132.29902559858482
0.0020882937049876106,113.56139863229036
0.0018837043458422825,93.10246271775755
0.0016622225533031853,70.95428346384784
0.0014241473138873286,47.14675952226217
0.0011699570729741236,21.727735430941674
0.0009007080886587947,-5.192233803624802
0.0006180379440569987,-33.19811328512049
0.00032377238906592076,-61.35854520307564
1.95051709134512e-05,-88.68348941902408
-0.0002935720316798316,-114.30608840373036
-0.0006144412191600985,-137.56680424852468
-0.0009418866784726976,-158.04855667538067
-0.0012743159529565095,-175.585182523673
-0.0016101765733139996,-190.25334788370697
-0.0019482610422910571,-202.30912102523968
-0.0022877422116354585,-212.10266078072274
-0.002627698100645806,-219.99985068781533
-0.002965497440743564,-226.32079969134165
-0.0032960590741844087,-231.33463339643694
-0.0036122251498748588,-235.27283041067287
-0.003905891559656106,-238.33581812646835
-0.004169155816881657,-240.69151355470564
-0.004395292262938052,-242.47450445794374
-0.004579259964834643,-243.78761802087803
-0.004717794522301669,-244.706079705909
-0.0048093555802257715,-245.28340086625835
-0.004853878457173473,-245.5561913104732
-0.004852481838928013,-244.95264055866792
-0.004807368918260308,-240.4413484918975
-0.004722563345154152,-231.96079118128182
-0.004603645258594981,-220.06898252536476
-0.004456159936139392,-205.32045027980587
-0.004284422496801865,-188.14670634605312
-0.004091227658668875,-168.82722253275415
-0.003877703897548945,-147.47484642076114
-0.0036426850447957,-123.97296114543663
-0.0033832420578271574,-98.0286624485824
-0.0030963800134109045,-69.34245800695712
-0.0027806519711728868,-37.76965378315535
-0.0024366349389352304,-3.3695189325051884
-0.002066250717193389,33.290141771362286
-0.0016719973124495597,70.33341875496538
-0.0012559902238642132,105.56632727020515
-0.0008197115377965315,137.14454681173072
-0.00036480266701079047,163.8924859616319
0.00010567018301062683,185.39750771711198
0.0005864827285904601,201.92246099463455
0.0010706370857841844,214.20026265376148
0.001550459601930111,223.14598499421257
0.0020191535245106798,229.64524298310627
0.0024717638856350406,234.42540460239476
0.002905456075285083,238.0276458501679
0.003319100612551084,240.82731438098727
0.0037123263985498005,243.07423515027259
0.004084580645786628,244.92991537312093
0.004434005810954826,246.494139264554
0.004756989158520825,247.82479684943576
0.005048444121448024,248.9525657658431
0.005302638537896543,249.89160386889995
0.005514105153616315,250.64711145332743
0.005678480954579213,251.22082999666318
0.005793136155846409,251.6148817615369
0.0058574128526024056,251.83378691992405
0.005872481432545124,251.82611702424867
0.005841128328410606,248.69080661079684
0.00576830285570076,241.40825933981216
0.005661117978019075,230.68977157164372
0.0055274863477634915,217.32660854608537
0.005373313418657255,201.90931563546172
0.0052007097560754735,184.6489493772836
0.005007907742038002,165.36874797353647
0.004790707046155394,143.64867838527564
0.004544887270368439,119.06670080658013
0.004268350019144369,91.41297568417318
0.003961704436375301,60.7484174072664
0.0036268358664073635,27.26156041047263
0.00326524336744112,-8.860054051125697
0.0028779944411238298,-46.57120275304779
0.0024663079209268552,-83.74677961786531
0.002032481737996173,-118.12789643830175
0.0015803615820861635,-147.91516374255517
0.001114220436264221,-172.24859254493597
0.0006379071565146897,-191.21701689064523
0.00015533445539198327,-205.50908485956745
-0.00032906407604589577,-216.05410555292022
-0.0008103382113980053,-223.7696539663348
-0.0012833792684350484,-229.44065228587448
-0.001743596501040166,-233.6766444031729
-0.002187268593132663,-236.92139522912439
-0.002610999368007823,-239.47805928438893
-0.0030110508256597497,-241.5452810661944
-0.003383075125684069,-243.24893349688614
-0.003722325492033648,-244.6666501524958
-0.004024260250123495,-245.84578865817235
-0.004285220715986027,-246.81595340833437
-0.004502889888955891,-247.59715354785476
-0.004676521461474129,-248.20503607561952
-0.004807262925492321,-248.65501591376278
-0.004898048421513806,-248.9639671481356
-0.004953158615576158,-249.15021189973015
-0.004977557596531867,-249.2323688649589
-0.004976189714456737,-248.87458448572553
-0.004953377378440783,-246.59335088413022
-0.004912184193350977,-242.47403237514953
-0.004853952232246204,-236.65083626467222
-0.004776938410153349,-228.94945405538675
-0.004675470451204272,-218.802658160479
-0.004541656877330395,-205.4213007730913
-0.004369239794303737,-188.17959247042552
-0.004156838195914944,-166.93943263154628
-0.0039087216043406205,-142.1277734741139
-0.003633266795412233,-114.58229258127517
-0.0033394279587948775,-85.19840891953962
-0.003033191661016332,-54.57477914168508
-0.002715946824770423,-22.85029551709415
-0.0023855648743083854,10.158066308131426
-0.0020393006356431162,44.03130787442604
-0.0016768111504433263,77.4010868083051
-0.0013016027288996162,108.55812087710086
-0.0009197805805019567,136.03094888321357
-0.000537619174561579,159.0632256520411
-0.00015958307485325031,177.67557668054377
0.00021219240148723508,192.38915509460037
0.000577120011601754,203.89965982326726
0.0009348327442306927,212.87098296495972
0.0012840386359420754,219.8571080282688
0.0016219489077814318,225.2966704966127
0.001944100923486698,229.52915485515865
0.002244911580672767,232.8174797620742
0.002518636883043131,235.36550009580296
0.002760309171473152,237.33003986068584
0.0029663731488089296,238.83023356374954
0.0031348813309229465,239.95533842007814
0.0032654387078077905,240.77206311042505
0.0033589367149921665,241.33039245548477
0.0034171809601104314,241.66781145371525
0.003442497347845911,241.81210219757358
0.0034373184528465744,241.15535200538227
0.003403916823365135,237.8151890572383
0.0033444037067244647,231.86387739317132
0.00326040425535398,223.46393225612286
0.0031519436083015176,212.61786755087664
0.0030175619703346635,199.17970375419122
0.0028559044021507795,183.01394693580284
0.002667516895448852,164.1751962656101
0.0024562557551212442,143.04908223284934
0.0022291293874762007,120.33644546834496
0.0019946050536437804,96.88401208510292
0.001760027250430529,73.42623176377779
0.001529454005845648,50.36890730528969
0.00130282061029373,27.705567750097885
0.001076456412280888,5.069147948813692
0.0008451468928594437,-18.009280656742437
0.000604837176615376,-41.587938380171934
0.00035448564730959203,-65.27248333973162
9.582802757395907e-05,-88.37527138827595
-0.00016798141862793564,-110.15815996956772
-0.0004340588541154676,-130.07505391443792
-0.0007008117709434138,-147.8673502636893
-0.0009680434423731258,-163.51688175227713
-0.0012361500881113935,-177.1293895732338
-0.0015048524515797461,-188.83512182445625
-0.001772300140064681,-198.75646839876995
-0.002034772501436638,-207.01738255310522
-0.0022869009335992605,-213.7590800641897
-0.0025213872616089215,-219.12521898327094
-0.0027295030632011226,-223.2587982049705
-0.0029022542972511845,-226.29844381229455
-0.0030321283846260418,-228.3758514706246
-0.003115749773104868,-229.62729050840318
-0.0031549614453303685,-230.1922465080637
-0.003156023383586145,-230.20735832183163
-0.0031277893540521246,-227.3839553684296
-0.003079963878359599,-222.60140779917703
-0.0030212546180541067,-216.73048176862778
-0.00295701358472562,-210.3063784357791
-0.0028877106336687493,-203.37608333009206
-0.0028083071035648085,-195.435730319698
-0.0027104499897735654,-185.65001894057366
-0.0025860287709401062,-173.20789705722777
-0.0024301027901215875,-157.61529897537585
-0.0022422014948775522,-138.82516945097234
-0.0020259531560254886,-117.20033556576598
-0.001788899624559901,-93.49498241920723
-0.0015409695696209313,-68.70197692531025
-0.0012920320701192704,-43.808226975144166
-0.001049640143191568,-19.569034282373945
-0.0008178080117125456,3.611674750860428
-0.0005967727299763781,25.591327403980074
-0.00038259822943177604,46.46445050530903
-0.0001682637062027771,66.64063871125865
5.403371705082708e-05,86.5465169508344
0.00029029656059697195,106.32359042224103
0.0005427980703734326,125.69110767323035
0.0008098099572109195,144.06195569225588
0.0010865430918550979,160.79662843092981
0.0013666656228527908,175.43723458549823
0.001643424213829248,187.7981725419379
0.0019103797676123153,197.93839039487452
0.0021617507915404474,206.07364727334982
0.0023925147333472615,212.48673716954266
0.002598660323117954,217.46923403646161
0.0027772303248692226,221.28462762484128
0.002925945505328152,224.14653269366065
0.003043094991183665,226.2183311175603
0.0031274932110637857,227.6189301599881
0.003178408431921536,228.42876217341777
0.003195329706411741,228.6922608062997
0.003177626606002103,226.9219507653359
0.0031245678623167406,221.61607639679968
0.0030359079805519417,212.75008822031978
0.0029124062656723164,200.39991673235727
0.0027561445734145306,184.7737475065787
0.002571492355573498,166.30852572247542
0.0023654733706690513,145.70662723203077
0.0021469449804867526,123.8537882138009
0.0019249070122121959,101.64999138634525
0.0017067860477958238,79.83789494470804
0.0014973097856045452,58.89026872558018
0.00129840899226684,39.00018939180964
0.001109916228114525,20.150912976578148
0.0009304517673939494,2.2044850402818295
0.0007582621536444559,-14.98327842310308
0.0005917448264098946,-31.441790232779464
0.0004293557445025048,-47.19739735144134
0.00026825811029099146,-62.41612199671827
0.00010386452429096643,-77.41120660204562
-6.933662217389608e-05,-92.51891231180818
-0.00025624081020644824,-107.92529339843176
-0.0004599562750533324,-123.5660632383936
-0.0006811126100427879,-139.11971439432742
-0.0009172542328328477,-154.06653082704577
-0.0011629921370011106,-167.8378130406587
-0.0014104497450170863,-179.96293348645645
-0.0016505198691281946,-190.1825777368392
-0.0018752832186553691,-198.5013551858883
-0.0020790627308771184,-205.10569435639462
-0.002256109242252328,-210.19391809776297
-0.0023992960904288107,-213.90961105294411
-0.0025023030928960368,-216.3799088168131
-0.002562068451714749,-217.74026155285438
-0.002579484747140599,-218.12698777710395
-0.002558647427320583,-216.04325579510234
-0.002505360374432798,-210.71455050632386
-0.0024254055829093886,-202.71907135398294
-0.002323338477766595,-192.51236083970358
-0.002202281080277451,-180.40662109078914
-0.002064726179549627,-166.65113101800677
-0.0019137979584018237,-151.5583089032264
-0.0017547823248025714,-135.65674554330118
-0.0015951889948892062,-119.69741255196466
-0.0014435304235215732,-104.53155541520137
-0.0013074103601867567,-90.91954908171971
-0.0011918482239196338,-79.36333545500744
-0.0010984582078104506,-70.02433384408911
-0.0010256915410881045,-62.74766717185451
-0.0009700321040089945,-57.18172346394351
-0.0009273245645730538,-52.91096952034943
-0.0008932979337196335,-49.50830643500741
-0.0008624307458861486,-46.421587651658925
-0.0008273757183444277,-42.916084897486826
-0.0007798454526866848,-38.16305833171254
-0.0007126054907645404,-31.4390621394981
-0.0006214296176250675,-22.32147482555081
-0.0005061389264538169,-10.792405708425756
-0.0003701931844127833,2.80155786916048
-0.00021921028315928656,17.861642569671865
-5.9262177993387664e-05,33.65772379162444
0.0001043165990993399,49.51284553947891
0.00026706999520469826,64.86277802089839
0.0004249206709538531,79.24027718978193
0.0005736135312251873,92.24635989091131
0.0007084038754546387,103.53587384537778
0.0008235886702929949,112.77941131647636
0.000913018292924712,119.68846042642512
0.0009713963142483938,124.06936125220129
0.000995594879109054,125.85504449645651
0.0009853989767522502,124.83545426077613
0.0009433844141733937,120.63399800289048
0.0008741243408076652,113.70799066631761
0.0007834039538687196,104.63595197242306
0.0006785094216175041,94.14649874730152
0.0005682361933766281,83.11917592321393
0.000462174949596648,72.5130515452159
0.0003694558155347926,63.24113813903037
0.00029755511944951573,56.05106853050269
0.00025120310440951004,51.41586702650211
0.00023123694055169318,49.419250640720435
0.00023451795468183397,49.73355361161044
0.0002548619491446748,51.67850976847203
0.00028481452318046763,54.529533788798524
0.0003174404487153633,57.61726342028161
0.0003472532049467014,60.42181632012722
0.0003700934563968725,62.55907251973645
0.0003824578251624493,63.7118218499046
0.00038113134936046823,63.57917426970649
0.0003633278568899596,61.798825022655635
0.00032741090365982333,58.20712969964201
0.00027364319007688675,52.83035834134835
0.00020457815654465383,45.92385498812506
0.00012465776569435072,37.931815903094744
3.89774501873417e-05,29.36378435239384
-4.7797541074420264e-05,20.68628522621765
-0.00013173780594036283,12.292258739623392
-0.00020955952202082165,4.510087131577512
-0.00027906010902665123,-2.439919186209244
-0.000339163914511354,-8.447841526191976
-0.0003895465406414216,-13.477287892293543
-0.0004300818549722958,-17.5162017639931
-0.00046006413110163627,-20.49790916613974
-0.0004780837795080089,-22.287196109199446
-0.00048261791361229884,-22.737065619815173
-0.00047303756635104667,-21.779030893689956
-0.000450995330194868,-19.57480727807209
-0.00042051105299329317,-16.526379557914602
-0.000385867881810463,-13.062062439631587
-0.0003498073456069199,-9.45600881927728
-0.0003130465818893475,-5.779932447520038
-0.0002751322209368772,-1.9884963522730106
-0.00023567685423782678,1.9569320844789688
-0.00019524422335490121,5.9985819526864
-0.00015552673839481492,9.96518272239287
-0.00011855362715869252,13.652704507923414
-8.565168942815501e-05,16.928758935830732
-5.707335190432723e-05,19.769224646359767
-3.358647511889391e-05,22.099538616639435
-1.762465146878251e-05,23.680893842101046
-1.2967941125153706e-05,24.14185982489715
-2.2976709259507606e-05,23.14098301146176
-4.722544221094569e-05,20.716109716317952
-8.002037126618585e-05,17.436616810793936
-0.00011184143599005081,14.254510338407442
-0.0001325675441290518,12.181899524507342
-0.00013449967036587932,11.988228533361216
-0.00011421842626208902,14.009957310441168
-7.368808419056655e-05,18.043921994609725
-1.9183344455800016e-05,23.452308757814553
4.116395073077275e-05,29.412690595069
9.97352997403385e-05,35.163450949736124
0.00015046422367059827,40.112161370890476
0.00018890032406830898,43.83934652630851
0.00021266930325410948,46.13379846864519
0.000221400841956521,46.974564266086375
0.00021627981879570677,46.46246195000495
0.0001994640744921332,44.78088751964759
0.00017360457640243202,42.19493771067748
0.00014134050951486828,38.96853102192111
0.00010480070862863898,35.31455093329817
6.531604303619674e-05,31.36608437405395
2.3490533067828984e-05,27.183533377217174
-2.036347796771139e-05,22.798132273663136
-6.565637152361516e-05,18.26884291807276
-0.0001110269665531542,13.731783415118855
-0.0001541551110351917,9.418968966915102
-0.00019222593570964933,5.611886499469341
-0.00022333469595026657,2.5010104754076163
-0.0002474548219170923,0.08899787872504236
-0.0002664220357841202,-1.807717674124944
-0.0002830775601333185,-3.4731670191352664
-0.0003001636468878033,-5.181410306904784
-0.00031927992174022056,-7.092115550762615
-0.0003397722491564412,-9.139503949461378
-0.0003587905331608559,-11.038586165648988
-0.000372341037100655,-12.390943782297164
-0.0003767870483003509,-12.834511697331681
-0.0003700505499829459,-12.160861865591174
-0.00035199466045918377,-10.355272913214964
-0.0003241165349897577,-7.567460366272357
-0.00028892268987460465,-4.048075854757054
-0.0002500270146923338,-0.158512330123475
-0.00021191648789981463,3.6520646204829923
-0.0001791294311727762,6.928728130052791
-0.00015525909640419651,9.312618877699624
-0.00014214824879171386,10.62119797243114
-0.0001394767496469029,10.887760375724495
-0.00014438744448549214,10.396690891865573
-0.00015209759019029374,9.625676321385411
-0.00015734116802237506,9.10131853817728
-0.00015608226875693293,9.227002764717238
-0.00014726350438276303,10.107287684862976
-0.0001330855017282515,11.521933573867873
-0.00011776251919576941,13.049902107672276
-0.00010563999891019764,14.257975602750319
-9.973282735350633e-05,14.846396169323599
-0.00010109442339807606,14.710236564866626
-0.00010851175592601856,13.968503312072375
-0.00011916004040262847,12.903674864411384
-0.00012973676571769883,11.846002332904346
-0.00013763120959474112,11.056557945200117
-0.00014203860921529514,10.615817983144717
-0.0001442061317416156,10.399065730512671
-0.00014694933138232504,10.124745766441727
-0.0001538318323540241,9.43649566927182
-0.00016857617229100642,7.962061675573589
-0.0001943956438019514,5.380114524479093
-0.00023263629829288157,1.5560490753860774
-0.00028202957692747264,-3.3831843389041625
-0.0003387472069955921,-9.051905076209135
-0.0003972440888676029,-14.88915637016862
-0.00045134958437685087,-20.27415253609731
-0.0004954697364441242,-24.651656979369942
-0.0005256756863747167,-27.639998098868052
-0.0005401662157017792,-29.070784883559615
-0.0005390884826403509,-28.96301157741679
-0.0005240635785704377,-27.46052117042547
-0.0004984412559454261,-24.898288907924304
-0.00046690580102140203,-21.7447434155219
-0.00043426149291311285,-18.48031260469298
-0.00040419011231720314,-15.47317454510201
-0.0003786994852055184,-12.924111833933539
-0.0003581408917059731,-10.868252483979008
-0.00034108017741815553,-9.16218105519725
-0.00032479576501577437,-7.533739814959133
-0.00030617723222027874,-5.671886535409571
-0.0002825336947678226,-3.307532790163957
-0.00025187360715560266,-0.24152640638140455
-0.00021280837714037827,3.664515369309353
-0.00016437515773221788,8.503909884930872
-0.00010593466702253336,14.333299213593742
-3.727143003804756e-05,21.160175873042455
4.108003270233803e-05,28.908243319552756
0.0001270564721505089,37.34142839533951
0.00021696528519948564,46.06277468343573
0.00030623775420919944,54.60315086739936
0.0003906050456029135,62.54741842092115
0.00046706674841870925,69.627684009833
0.0005342069896266701,75.74235171146906
0.0005918518276193051,80.91053376984837
0.0006405192948133628,85.2120432051714
0.0006815230907406117,88.7905774957255
0.0007169712141596913,91.84963694605361
0.0007494296456874061,94.62188598495615
0.0007813856944854194,97.32379188739004
0.0008146375863730768,100.10584991043102
0.0008499100407125599,103.023623433272
0.0008869013669267025,106.04611941156304
0.0009244923697378883,109.07772220524244
0.0009605761582443932,111.94942397444795
0.000992262877311832,114.43984626129895
0.0010164444588208906,116.32050104359874
0.0010305849991736665,117.41220858916168
0.0010335088596834807,117.63720030908793
0.0010254825167041273,116.83456601115259
0.0010072718575762146,115.01350009836133
0.0009790828754983624,112.19460189057612
0.0009400734664057714,108.29366098131702
0.000888859322826556,103.1722466233955
0.0008255067504575339,96.83698938649327
0.0007526958742035041,89.5559017610903
0.0006753649368795574,81.82280802869562
0.0005992324406013418,74.20955840087406
0.0005291542302506485,67.20173736580475
0.0004681423646920092,61.100550809940806
0.00041741338823775336,56.02765316451523
0.0003769075639342047,51.97707073416037
0.0003447111894298593,48.75743328372583
0.0003169647940671254,45.98279374745244
0.0002884991337683588,43.136227717575785
0.0002539004827257659,39.67636261331649
0.00020868088935763394,35.1544032765033
0.0001500484509556138,29.291159436301285
7.70621344479899e-05,21.992527785538897
-9.397852366345022e-06,13.346529104105405
-0.00010583937441258115,3.7023768994817923
-0.00020643512598185536,-6.356139500837434
-0.00030501225411811496,-16.193365573958893
-0.00039701911941589544,-25.330050284669888
-0.0004804208049253077,-33.553258044287226
-0.0005553805798130819,-40.880798291623115
-0.0006232309294016581,-47.45067307584079
-0.0006852552242090116,-53.39633391429688
-0.0007417219371662384,-58.753582512734674
-0.0007918215691113199,-63.45837310298225
-0.0008343844359444823,-67.41717571203
-0.0008687097411865319,-70.5828697481424
-0.0008948763479796929,-72.97933610975463
-0.0009135635442342235,-74.6816661863278
-0.0009257251933201939,-75.78537767251554
-0.0009322680972805064,-76.37779307755504
-0.0009339567035042974,-76.5305276310488
-0.0009314111647115013,-76.27597375176919
-0.0009247531215446061,-75.61016943507967
-0.0009134483759190222,-74.47969487252126
-0.0008963263482731204,-72.76749210793109
-0.0008719162045667786,-70.32647773729691
-0.0008393439744748654,-67.06925472810559
-0.0007988299354314234,-63.0178508237614
-0.000751680068778307,-58.30286415844975
-0.0006997986015125231,-53.11471743187138
-0.0006451763913693202,-47.652496417551085
-0.0005894353540902196,-42.07839268964103
-0.0005335151677656825,-36.486374057187305
-0.0004776019827747595,-30.895055558095013
-0.00042121529670333785,-25.256386950952848
-0.0003632636866501548,-19.46122594563455
-0.00030157448562548566,-13.292305843167636
-0.0002329840473275472,-6.433262013373788
-0.00015411283878666077,1.453773874699317
-6.257960092607278e-05,10.599536967840939
4.1654622705169775e-05,20.975466550497778
0.00015594498195236177,32.26298797437702
0.00027575164369013713,43.945271084320524
0.0003961026971947095,55.47526063844669
0.0005128651429190819,66.41932945854946
0.0006233301362787779,76.51726054861403
0.0007259173599345108,85.64551553529343
0.0008195090185920059,93.74544129211696
0.000902980350096048,100.7744802049404
0.0009751394785364275,106.69605589809655
0.0010350652284188031,111.50110179197137
0.0010825006786208105,115.23058908498848
0.0011180600295752831,117.98281337415884
0.001142993266080338,119.89013588632278
0.0011585444152273432,121.07032363913545
0.0011655640033471032,121.60066359858862
0.00116499236179107,121.52924542945402
0.0011581399416184229,120.8440034121893
0.001145665094407265,119.5965186910735
0.0011268387723742741,117.71388648777442
0.0010997355276098984,115.00356201133684
0.0010619591900111478,111.22592825146178
0.0010112148281928078,106.15149206962778
0.000945864926156516,99.6165018659986
0.0008661051442139332,91.64052367174031
0.0007742076400857111,82.4507732589181
0.0006737893918857744,72.40894843892445
0.0005686581880487405,61.895828055221045
0.00046204363932658037,51.23437318300503
0.000356280786751243,40.65808792547129
0.0002528078107338032,30.310790323727318
0.00015237657976489044,20.267667226836043
5.519499011319334e-05,10.549508261666334
-3.90526489077402e-05,1.1247443595729798
-0.0001314510777242194,-8.112345676233831
-0.00022370404202750433,-17.31246193676183
-0.0003174384157649591,-26.610934117202643
-0.00041335941073415624,-36.04743784411923
-0.0005107047981888275,-45.51468805512674
-0.0006073316909294401,-54.77644236544179
-0.0007004534801615911,-63.55100676892416
-0.0007875621811506409,-71.60604689110168
-0.0008672208931676503,-78.82924334265304
-0.0009392140777804525,-85.23058421963503
-0.0010042037757433454,-90.89960532703422
-0.0010628944029225,-95.92565567247733
-0.0011147431597425602,-100.28931939377956
-0.0011574808958391691,-103.83077654227826
-0.0011876133694938497,-106.2970102483558
-0.0012015388978421325,-107.42808239204913
-0.0011964885423809226,-106.92304684592816
-0.0011709800732935412,-104.37219993719
-0.001124708217483178,-99.7450143561537
-0.001058104622872191,-93.084654895055
-0.000972069026783084,-84.4810952861443
-0.0008680890916001278,-74.08310176784867
-0.0007490801981723536,-62.182212425071256
-0.0006196855485830111,-49.24274746613701
-0.00048564923331468295,-35.839115939304186
-0.0003525032827097833,-22.52452087881423
-0.00022407973368256497,-9.6821659760924
-0.00010190930412891644,2.5345877554607377
1.3860287694026321e-05,14.094859380804813
0.00012353173040202694,24.987982204773466
0.00022863601321510937,35.3342907589431
0.00033221444744051216,45.405617672969385
0.0004374285846229288,55.47538771316588
0.0005462846878055106,65.68955000893787
0.0006593004954054393,76.04010234979029
0.0007758809968734308,86.412380773833
0.0008949141557970061,96.6521103164879
0.0010152954010213774,106.61985786950348
0.0011362627457752478,116.2207763992699
0.0012573024260187546,125.39396592752477
0.001377795340060766,134.08402073812323
0.0014967177997369124,142.2230546817176
0.0016126326307199772,149.7367617760591
0.0017238873858638763,156.56152869600407
0.001828850498497262,162.657745188605
0.001926027914481487,168.01087799758275
0.002013854391887645,172.61366430459003
0.0020905105760263103,176.45283433915588
0.0021539304412496615,179.50645982762816
0.0022019903573345634,181.74810845172843
0.0022327728451907503,183.15164541634928
0.0022448355209729962,183.69485767803363
0.002237471867641091,182.95849234484308
0.002210939369968361,180.3052425775701
0.0021665431266428034,175.86561824501436
0.002106279608588065,169.8392664395405
0.0020320085310682064,162.41215868755464
0.0019449125729898713,153.70256287972114
0.0018454357961583655,143.75488519657054
0.0017336389842408319,132.57520400481718
0.0016096319521573482,120.17450079646882
0.0014738691392190036,106.59821950263436
0.001327204859974527,91.9317915781867
0.0011706273365110287,76.27403923183687
0.0010048555187297293,59.69685745370693
0.0008302359140833728,42.23489698907128
0.0006475576416240441,23.967069743138417
0.0004585842817726118,5.069733757995186
0.00026594226676732174,-14.174574348720341
7.250447078438379e-05,-33.30792572131857
-0.0001192667559628155,-51.864484218303446
-0.00030771820189377233,-69.50330726864502
-0.0004919773230174415,-86.01777570665274
-0.0006715808974068462,-101.29733506704157
-0.0008461318425566838,-115.28943711549762
-0.0010150826257135958,-127.97539459388682
-0.001177700020274821,-139.36306946201168
-0.0013332214684073287,-149.49160354784698
-0.0014812522820739867,-158.44540313182708
-0.0016218150798843307,-166.3401273060096
-0.0017549624977274752,-173.2890049612909
-0.0018802655768997555,-179.37523444415015
-0.001996494132063662,-184.64378067963094
-0.002101604552848778,-189.10933674156087
-0.00219301208505641,-192.7716532231618
-0.002268057373545415,-195.6307566077872
-0.0023245277159680442,-197.6974214042796
-0.0023610242054413226,-198.99541779514004
-0.002377013838512694,-199.55493719694257
-0.0023726572110384994,-199.11927444952312
-0.002348607451128468,-196.71429845851998
-0.00230578240440558,-192.4317937862312
-0.0022452050484631013,-186.37405819198335
-0.0021680199313382467,-178.65554647949787
-0.002075579250342235,-169.4114783798967
-0.001969409802154143,-158.7945335610875
-0.0018507999948977646,-146.93355283544966
-0.0017205345064260956,-133.90700398828275
-0.001578975076833643,-119.75106102903749
-0.0014264010443299105,-104.49365777866424
-0.0012633878183010577,-88.19233517577896
-0.0010911652638400761,-70.9700797296808
-0.000912121871106795,-53.06574045635269
-0.0007297285077830104,-34.826404123974235
-0.0005479133291086594,-16.644886256539134
-0.0003702097109577076,1.1252148670870363
-0.0001991586572398228,18.190113459378782
-3.6009496699500716e-05,34.29574008876294
0.00011957789231519776,49.37250686411542
0.0002692735161509718,63.514690279726366
0.0004154662011833674,76.89739021496072
0.0005605302775270104,89.68883597025777
0.0007062813267805952,101.99438159339948
0.0008537037275982759,113.83831045870004
0.0010028557624568147,125.17054569868166
0.001152825385795613,135.8835923415254
0.0013013096271486887,145.80828610070944
0.001444619522007802,154.74479079000793
0.0015782320474498031,162.51666225654145
0.0016976129308223797,169.01444141545102
0.0017990057091270412,174.21171998626116
0.0018800612546919476,178.16032156547308
0.001940593862887256,180.9927844054591
0.0019825167987702974,182.8973972727469
0.0020089891669024897,184.07640407872935
0.0020233076474608885,184.7065568847723
0.0020280485818597142,184.91404271843084
0.002024520792417361,184.56126377419548
0.0020120419054162754,183.3133750740869
0.0019880743902922476,180.91662356168416
0.001949271115887444,177.0362961212038
0.0018928236881014587,171.39155334260528
0.0018174026734812199,163.8494518805814
0.001723417871882165,154.4509717206759
0.0016128599017275348,143.3951747052129
0.0014886918765225317,130.97837218471258
0.0013541723411489045,117.52641864734987
0.0012123277695813427,103.34196149059368
0.0010657009202943953,88.67927656189894
0.0009162913548997401,73.73832002243343
0.0007655391289326059,58.663097425720004
0.0006143272775910355,43.54191229156295
0.00046300692624528313,28.409877156987722
0.0003115149571204667,13.260680244506078
0.00015960832281425967,-1.9297245867518875
7.136098795211758e-06,-17.146322362981156
-0.0001457696411425608,-32.27028410694722
-0.00029865653184298963,-47.14358026794364
-0.000450887210262519,-61.601496876908094
-0.0006018375987392341,-75.49929221629152
-0.0007510626441268922,-88.7315092877228
-0.0008982502990980761,-101.22762281021684
-0.0010429860361787283,-112.93121003498213
-0.0011844742557031696,-123.78016544351304
-0.001321359701747129,-133.70005513206797
-0.0014518079250576182,-142.6175491102393
-0.0015737818363285607,-150.48139924795913
-0.0016854274873092123,-157.2806209836678
-0.0017854029744359462,-163.05040685697557
-0.0018729982161600732,-167.86280885455616
-0.0019480290673789633,-171.80822651862746
-0.0020105679972870273,-174.9746995013311
-0.002060680118529533,-177.4333829187718
-0.0020982440475689388,-179.23129480517562
-0.0021229216004087234,-180.39165953273255
-0.0021341935250734994,-180.91624524348828
-0.002131167808272531,-180.59512866420857
-0.0021126405355644945,-178.74240139340492
-0.0020774963082520067,-175.22797866215615
-0.0020251662169941016,-169.99496953636563
-0.0019558720511610866,-163.06555295306413
-0.0018706043782694436,-154.53878566389983
-0.0017709545307648836,-144.57380091344385
-0.0016588056315054857,-133.35891098750406
-0.0015360526432369153,-121.08361216064701
-0.0014044840613703514,-107.92675397399061
-0.0012661231758691342,-94.0906654238689
-0.001123312486440493,-79.80959648100477
-0.000978331319311171,-65.31147976807259
-0.0008328976597474649,-50.768113811701966
-0.0006879047174761303,-36.268819584568504
-0.0005433593864016895,-21.814286477124433
-0.0003980655979518197,-7.284907632137455
-0.0002498726446417755,7.531195103659527
-9.644571269148688e-05,22.802402306399017
6.395635790948342e-05,38.56999238710401
0.0002321853218776798,54.75326490578718
0.00040813466272886283,71.1494817572285
0.0005902275354988351,87.40958656045805
0.0007753943434605074,103.0841413368441
0.0009595147043752437,117.7186482585156
0.001138098371504156,130.94966653838728
0.00130678665742207,142.5503962341378
0.0014617039310228185,152.43226960723587
0.001599670381440137,160.6178766081827
0.001718286130838177,167.20214523453575
0.0018160501403869857,172.3221291470341
0.0018923313151415872,176.12955665988622
0.0019472025648658844,178.76910986621255
0.0019812735321344315,180.36705843794655
0.0019959021368795627,181.0436233321844
0.0019931579468798408,180.73400462485552
0.001975436149631462,178.9618249000176
0.0019450563555986889,175.9238454967403
0.001903928893007309,171.81109923760232
0.0018533943714005218,166.75764707692363
0.0017943725960383639,160.85546954070782
0.0017276959895587136,154.1878088927428
0.0016544256605009273,146.86077598696417
0.0015758661784836603,139.00482778523747
0.001493250467328113,130.74325666968272
0.0014073700392143445,122.15521385830587
0.0013183875703826492,113.25696697513635
0.001225795760764415,103.99778601331293
0.001128017165748676,94.21992651173906
0.0010225685853678746,83.6750684736589
0.000906844221763555,72.10263211322693
0.0007789717430542268,59.31538424229412
0.0006382781667443441,45.24602661130585
0.00048536166755921306,29.95437669279275
0.0003221443063614827,13.632640573019714
0.00015156916878307362,-3.4241199479131805
-2.298044609958102e-05,-20.82508204023372
-0.00019817179651738734,-38.075088587004515
-0.0003708922193032016,-54.70899443126333
-0.0005383946536259637,-70.34883415497292
-0.0006988765430472942,-84.77125524417332
-0.0008515876048142062,-97.90635292566539
-0.000995853230077609,-109.73451541825393
-0.0011303120698400865,-120.21822726178571
-0.001252801199738175,-129.29729373486512
-0.001360794699002995,-136.9215051021905
-0.0014519645856175987,-143.07823384831391
-0.0015246892161944528,-147.80564915520497
-0.0015783631809429602,-151.19050883155126
-0.0016133892989274932,-153.3518938131327
-0.0016309854288798697,-154.42361991052522
-0.0016329307243900392,-154.50803010821483
-0.0016216012215827932,-153.37507982749025
-0.0015998541952219878,-151.20037719140973
-0.0015705729025679072,-148.27224792600165
-0.001536065968154464,-144.82155448465736
-0.0014974343630821802,-140.95839397742895
-0.001454346986948234,-136.64965636403434
-0.0014054013551903803,-131.75509318824896
-0.0013488064669647593,-126.09560436568687
-0.0012830511907357726,-119.52007674278818
-0.0012073873587575058,-111.9536935449615
-0.0011223314603856123,-103.44810370777216
-0.001029521738176851,-94.16713148689603
-0.0009309801365266284,-84.31297132187377
-0.0008283324235647117,-74.0482000256821
-0.0007224353810940061,-63.45849577861155
-0.0006133771715907523,-52.55267482828617
-0.0005002685401693973,-41.24181168615067
-0.0003815789104177888,-29.372848710989825
-0.0002559340365769267,-16.80836132690362
-0.00012287982634985283,-3.5029403041962315
1.6795299070287172e-05,10.457959784220199
0.00016119589105210072,24.817118149080606
0.0003077383858220934,39.21395143567862
0.00045363655274447773,53.276709644216766
0.0005962316053465781,66.67561660316633
0.0007331328517830039,79.14957949835436
0.0008622076454676916,90.50938492979911
0.0009815961043672897,100.63515791330722
0.001089837043842035,109.47662788845408
0.001185869866408966,117.03860884667019
0.0012684135392550693,123.31991263824209
0.001335667929638483,128.285651307784
0.0013855175823438521,131.87723777820725
0.0014160740273304376,134.0410852004999
0.0014262634967951847,134.75626469114826
0.0014161777571909818,133.74769073072795
0.0013870919507938425,130.83911009101402
0.0013413004178813345,126.2599567997632
0.001282362383590557,120.36615337068548
0.001214883723097933,113.61828732142307
0.0011437528807008263,106.5052030817124
0.001073133631729428,99.44327818457258
0.0010056962682897807,92.69954184060785
0.0009423189695937888,86.36181197100865
0.0008823076850014726,80.36068351177704
0.000824013757760194,74.53129078764918
0.0007655161739023445,68.68153240186423
0.0007051114654887544,62.64106156050523
0.0006414606865239531,56.2759836640251
0.0005735333828900175,49.48325330063154
0.0005005594943247088,42.185864444100666
0.00042198686412473944,34.32860142410374
0.00033733027228019074,25.862942239648866
0.00024619802444156676,16.749717455786467
0.00014847274907667056,6.977189919296845
4.4545933260134965e-05,-3.4151075859873976
-6.453689594279065e-05,-14.306619073442244
-0.00017704654254074883,-25.48004105995001
-0.00029064023036688865,-36.65294766631517
-0.00040249209454180327,-47.50447453426009
-0.000509406678905447,-57.70006130915498
-0.0006080158572648154,-66.92129906525021
-0.0006951064377839126,-74.90033018225665
-0.000767966472212517,-81.44530781980755
-0.0008246616101282977,-86.45064353210526
-0.0008642159090523271,-89.89529898743767
-0.0008867735652459142,-91.84184270033681
-0.0008935257030502729,-92.42192747816246
-0.0008864472790544964,-91.71408507858482
-0.0008679374752360457,-89.86310469673974
-0.0008405047816565355,-87.1198353387887
-0.0008065722760594036,-83.72658477907552
-0.0007684387685913219,-79.91323403226735
-0.0007282269302419618,-75.89205019733134
-0.0006875437845167554,-71.82373562481071
-0.0006472939745599031,-67.79875462912548
-0.0006077535320334357,-63.84471037647872
-0.0005688070055803365,-59.95005773116881
-0.0005302068959558454,-56.0900467687197
-0.000491698157339343,-52.23917290706946
-0.0004529410825788481,-48.363465431019975
-0.00041346450975718405,-44.41580814885357
-0.00037303611047548904,-40.37296822068407
-0.0003318664988225,-36.25600705538517
-0.0002905234723554803,-32.1217044086832
-0.00024967166961668234,-28.036524134803404
-0.00020984522078771562,-24.053879251906732
-0.0001713473489783168,-20.20409207096685
-0.00013426622914432268,-16.495980087567435
-9.864623183914336e-05,-12.933980357049506
-6.47130596881246e-05,-9.540663141947633
-3.289740373029395e-05,-6.359097546164565
-3.2865828277707065e-06,-3.3980154559122413
2.4653152207169322e-05,-0.6040419524182382
5.1827897221533686e-05,2.1133889239404358
7.896085666252866e-05,4.826145437596623
0.00010607557626585795,7.5359263622689285
0.00013229393058993938,10.15441198686919
0.00015601923753945121,12.521956901019788
0.00017541550796823648,14.455810794145817
0.00018891520325036942,15.800723984734962
0.00019554469153131748,16.46084904149758
0.00019498171879992228,16.40455176835806
0.00018743811423826753,15.650191312192588
0.00017356454558286553,14.262834446652388
0.00015441091851943936,12.34747174030977
0.0001314750459644501,10.053884484810846
0.0001066898257430435,7.575362462670185
8.229013757502873e-05,5.135393645868709
6.0516526907275964e-05,2.958032579093432
4.3226463083459595e-05,1.229026196711795
3.164190407592372e-05,0.07057029797433029
2.6348816095906384e-05,-0.45873755924482945
2.73947556098306e-05,-0.3541436078524078
3.400654515657648e-05,0.30703526528802194
4.460280381514035e-05,1.366649847958635
5.71346081298442e-05,2.619752827019075
6.953820512563813e-05,3.8599067993446536
8.000079149689668e-05,4.905845343912885
8.703353387317331e-05,5.608808760476741
8.93901280088236e-05,5.844344397084261
8.598042576443408e-05,5.503374172645309
7.594970804947472e-05,4.500302401149374
5.8781212888836305e-05,2.7834528850855316
3.432212510858559e-05,0.33754410706046073
2.854711037728658e-06,-2.809062399765921
-3.440453079942659e-05,-6.5335127718137835
-7.525014716594885e-05,-10.612896138930015
-0.00011696772124144708,-14.77325241366242
-0.0001569960852791292,-18.757153100109246
-0.00019329499676527643,-22.361331376743088
-0.00022440641962540722,-25.4427614513215
-0.00024926656941099567,-27.899261137467995
-0.00026700220101259943,-29.648340319743017
-0.0002769382591402993,-30.626906728678478
-0.00027873455619580756,-30.80371291670221
-0.0002724997173025478,-30.180229027376235
-0.00025897189325399224,-28.82744662252068
-0.0002401541849705977,-26.945675794181223
-0.00021931157733262656,-24.86141503038411
-0.00020028630998966484,-22.958888296087935
-0.00018653799364378468,-21.58405666149992
-0.0001805234961224055,-20.982606909362
-0.0001835235722591494,-21.28037654064796
-0.00019580663699458124,-22.498851538043994
-0.00021700173533521284,-24.598731319966074
-0.000246406575565004,-27.505896710901766
-0.00028292165263997066,-31.105082449728187
-0.0003242074258924923,-35.158106641390965
-0.00036638664308815376,-39.27871390945116
-0.00040465060822263724,-42.99735619929525
-0.0004344440891252449,-45.87888015412981
-0.00045254036721242933,-47.62278067841324
-0.0004575659184414046,-48.10620738628236
-0.00044983921992871483,-47.333537535013384
-0.0004306749716758371,-45.417112709725615
-0.0004016328389022899,-42.512899432370894
-0.00036405462023820904,-38.755077565962814
-0.00031900962608802136,-34.250578150944044
-0.00026754515647908257,-29.104131190050172
-0.00021088361918389457,-23.437977460531375
-0.0001504329785944218,-17.392913401584092
-8.760636695876852e-05,-11.11025223801877
-2.350052635606782e-05,-4.699668177748701
4.139873078255848e-05,1.790204683315758
0.0001070260305548212,8.349829654584594
0.0001724606366365776,14.878465803153144
0.00023523567390420241,21.122210755153404
0.00029165109025812707,26.71038750682069
0.0003379102392346058,31.27210518373374
0.0003713125025780118,34.55263621136051
0.0003910108754134614,36.48149142934706
0.00039813154189982045,37.17763048102921
0.00039513052585105817,36.87752887615299
0.0003848704233771303,35.8515186287602
0.0003699983408997403,34.36431038102121
0.0003534554058093624,32.71001687198341
0.00033875929984662713,31.240406275709887
0.0003295411926511544,30.31859555616261
0.00032862529639863353,30.225959664969373
0.00033710098499569667,31.060415817360187
0.0003538318510233237,32.705471811131254
0.00037549887758858046,34.83143934611245
0.0003974302677960839,36.977955677688584
0.0004148497850033569,38.678800679664946
0.0004239170770578357,39.5626467302303
0.00042216147992224355,39.38708701667108
0.0004083779004944993,38.00872907389666
0.00038252052107502917,35.422991131949644
0.0003454477929033382,31.715718314780545
0.0002987044196332297,27.041380987769696
0.0002442163269642931,21.592571720876037
0.00018345659982673396,15.516599007120123
0.00011707187438755527,8.878126463202257
4.510464844107807e-05,1.6814038685545378
-3.24571155453853e-05,-6.073512880494756
-0.00011525973430651204,-14.3384576361838
-0.0002023599789773343,-22.996820408607938
-0.00029219166049213583,-31.866316602056695
-0.00038273107400326595,-40.72079813055456
-0.00047173524777461,-49.32043872461281
-0.0005568697020810618,-57.43032486029344
-0.0006353410566905689,-64.79059755026931
-0.0007039338180679691,-71.12421355967348
-0.0007596104301479263,-76.19107481420231
-0.0008003384803416167,-79.85311408319666
-0.0008256616359673813,-82.1104062344655
-0.0008367748610231832,-83.09617923799861
-0.0008361346794616551,-83.0321610818458
-0.0008267822973562856,-82.09692287130885
-0.0008117578134859903,-80.59447448427933
-0.0007937261334704389,-78.7913064827242
-0.0007748534722551638,-76.90404036119668
-0.0007568140751587979,-75.10010065156008
-0.0007407895329739455,-73.49764643307485
-0.0007273273304880098,-72.15142618448128
-0.0007160409968956199,-71.02279282524229
-0.0007054359533912674,-69.96228847480704
-0.0006930377293071545,-68.72246606639575
-0.000675858278000278,-67.0045209357081
-0.0006510843513242012,-64.52712826810043
-0.0006166099244326597,-61.079685578946275
-0.0005712151329031954,-56.54020642599985
-0.0005144664550886411,-50.86533864454442
-0.0004467846932150487,-44.09716245718518
-0.0003692816437397205,-36.34685750965236
-0.0002834243139857633,-27.761124534256638
-0.0001906572712782913,-18.484420263509445
-9.195176807644706e-05,-8.61386994332502
1.2245802402733757e-05,1.8057914219769235
0.0001216567687109937,12.735450505187215
0.00023568394236140136,24.07201476103119
0.0003530914756707287,35.63699517604325
0.00047192931064933487,47.18074599753971
0.000589563574191145,58.39893836100345
0.0007029092237783798,68.9705316482757
0.0008087543083239595,78.6001326869965
0.0009040749009807641,87.0499859183798
0.0009862633729419879,94.15344099653349
0.001053396489469561,99.82359431474615
0.0011047682901497425,104.07932400955286
0.0011411501672748492,107.04855607170259
0.001164661858571195,108.94738808764352
0.0011782917582945406,110.04088793575181
0.001185312745712839,110.60207547361085
0.001188723349770292,110.87417019795635
0.001190861170504974,111.04455158996228
0.0011932611014805168,111.23566484656584
0.001196723435602854,111.51108558384958
0.0012014144522415969,111.88368927870847
0.0012067304284485803,112.30515867461551
0.0012113222353740843,112.6685501105749
0.0012133811100950925,112.83128770970494
0.001211082167157945,112.60139341599019
0.001202935149539951,111.78669165419076
0.0011879875007889996,110.29192677909565
0.0011659101071483599,108.08418741503165
0.001136861367480291,105.17931344822478
0.0011012668114954672,101.6198578497424
0.0010596322835225965,97.45640505245532
0.0010125891996605521,92.75209666625088
0.0009609698770428755,87.59016440448322
0.0009058201815265807,82.07519485285373
0.0008482773564289721,76.32091234309287
0.0007892132097125574,70.4144976714514
0.0007290437158219929,64.39754828239495
0.0006678260567589554,58.27578237609119
0.0006053006135744048,52.023238057636135
0.0005400212303893179,45.49529973912744
0.00046913461030575977,38.406637730771635
0.0003890218487633806,30.395361576533713
0.0002966510181375341,21.158278513949057
0.000191723059880593,10.66548268825495
7.736899258453926e-05,-0.7698903545137352
-4.092302420909508e-05,-12.58736280317258
-0.00015736377872724514,-24.162249180915524
-0.00026754491227284796,-35.01588665186253
-0.00036914576477572206,-44.902356039135796
-0.00046158355126860585,-53.76864852105648
-0.0005451642342729109,-61.661044636732655
-0.0006206431471705505,-68.67387498443817
-0.0006891449686439957,-74.93536921964863
-0.0007523248113637551,-80.61705643739464
-0.0008123932342677719,-85.93102441762066
-0.0008717759645563103,-91.09604146086093
-0.0009323723195799425,-96.27238775291185
-0.000994502108150631,-101.4773250901005
-0.0010564899614458024,-106.56379368341992
-0.0011150614906402395,-111.26952607555151
-0.0011663844502149464,-115.31101326859618
-0.001207170459642817,-118.46736722532586
-0.0012354219493169595,-120.62463656485383
-0.001250615555805513,-121.7749132830939
-0.0012531649292231734,-121.96068862551583
-0.0012435576086629282,-120.99995656949132
-0.0012218307860519082,-118.8272743083893
-0.0011881598923596656,-115.46018493916505
-0.0011435108543592979,-110.99528113912827
-0.0010897916377725274,-105.62335948045123
-0.0010294790987868362,-99.59210558188211
-0.0009650142107964018,-93.14561678283866
-0.0008982368561602018,-86.46788131921866
-0.0008301135228335527,-79.65554798655374
-0.000760944156353822,-72.73861133858068
-0.0006909093224062128,-65.73512794381976
-0.0006204385422411275,-58.68804992731123
-0.0005497424684293298,-51.61844254613146
-0.00047842509189635087,-44.48670489283357
-0.0004055243418487829,-37.19662988807678
-0.00032991784937658897,-29.635980640857387
-0.00025078773641531256,-21.722969344729748
-0.00016799781146640953,-13.443976849839446
-8.223270516638242e-05,-4.867466219836737
5.188436619622608e-06,3.8742659873013094
9.267865849948446e-05,12.612265657143181
0.00017869831530252137,21.172193077723957
0.00026166565668076164,29.379627179792063
0.0003398892491925524,37.05749555612874
0.00041170590151093947,44.0421459413807
0.0004757178931430958,50.206657958085806
0.0005310184505400353,55.47993813849608
0.0005772752361699219,59.85008467064312
0.0006146265699182397,63.349913261961674
0.0006434865871353264,66.03548119344237
0.0006644459396714945,67.97530911046758
0.0006782021996126257,69.24353527085141
0.0006855043977339008,69.915128076999
0.000687154530620815,70.06673642897609
0.0006840508200722086,69.75636537411545
0.000677215090749274,69.07279244182199
0.0006677931290671472,68.13059627360931
0.0006569487420957867,67.04615757647326
0.000645701801601475,65.92146352704208
0.0006347200127663277,64.82328464352734
0.0006241045061791128,63.76173398480586
0.0006133350253989831,62.68478590679289
0.0006013501409963249,61.48629746652707
0.0005868426039901285,60.03554376590743
0.0005687610495080194,58.227388317696516
0.0005466458315277893,56.015866519673516
0.0005206808324734136,53.41936661423594
0.0004915323326815516,50.50451663504974
0.00046021344297482176,47.37262766437676
0.00042794832195168546,44.14611556206312
0.0003961177952681134,40.96306289370592
0.000366153699132506,37.96665328014518
0.00033925561267119416,35.276844634014004
0.0003161774913175052,32.969032498645106
0.0002971461036481058,31.065893731705167
0.00028176793447734353,29.528076814628943
0.0002682578601026234,28.17706937715693
0.0002534184481762471,26.6931281845193
0.00023358306732574902,24.70959009946949
0.00020579531242882965,21.930814609777556
0.00016848681759241838,18.199965126136426
0.00012168325507069282,13.519608873963872
6.74438968589797e-05,8.095673052792561
9.464040026600074e-06,2.297687369554599
-4.799648571283373e-05,-3.4481630709841644
-0.0001012460365686171,-8.769663002902318
-0.00014776943454605904,-13.412456068182525
-0.00018634229578985367,-17.25472396716125
-0.00021697893006053168,-20.300536776494862
-0.0002406703067760776,-22.65163059217062
-0.0002590953934274112,-24.477247835043862
-0.00027434596719566774,-25.986275599727858
-0.0002886885856896827,-27.40366149306272
-0.0003042202607203271,-28.93647544016096
-0.0003223044823602812,-30.718323536850914
-0.0003432099941302565,-32.77406883593857
-0.000366094978568385,-35.019123118868194
-0.00038937912098133056,-37.29723709910328
-0.0004112577631162638,-39.43189325829906
-0.0004301884665239655,-41.27403082426485
-0.00044514491942640493,-42.726086063526154
-0.0004555700436557027,-43.73640869775916
-0.0004611770128553043,-44.279165843992416
-0.0004616580852583684,-44.325713205855735
-0.0004564824366267569,-43.80814834269459
-0.0004449472484814284,-42.65462952816174
-0.00042667401745939725,-40.827306425958625
-0.00040193010125105804,-38.3529148051247
-0.00037156190223406655,-35.31609490342555
-0.0003365843394648964,-31.81833862650854
-0.00029757135645319574,-27.917040325338473
-0.00025435929145686337,-23.595833825705235
-0.00020620309438416256,-18.78021411843515
-0.00015227513123662872,-13.387417803681767
-9.216827425278077e-05,-7.376732105296974
-2.61925120122734e-05,-0.7791558812462369
4.4599331103690416e-05,6.298618602249992
0.00011865024037816527,13.690755729013196
0.00019418867523171573,21.20566383420161
0.0002693746320214328,28.645954001474543
0.00034200051898861447,35.7827673101904
0.00040940062236091186,42.351547124051926
0.00046879992387011994,48.08962342168045
0.0005178830967846884,52.7906476026413
0.0005552721093379442,56.34488119472947
0.0005807869546762161,58.75625850137615
0.0005956763217187975,60.15795105835124
0.000602296029568806,60.77980730552424
0.0006034068948961499,60.88408132472822
0.00060141587343593,60.68497917870622
0.0005979291292890726,60.33630476402048
0.0005936975397228645,59.91314580739967
0.0005888309405975944,59.42648589487266
0.0005831185839359872,58.855250228711945
0.0005762168217837092,58.16507401348414
0.0005676960253301892,57.31299436813214
0.0005569917242544141,56.24256426055463
0.0005434355723603554,54.88694907114876
0.0005265152198205558,53.1949138171688
0.0005061109304605632,51.15448488116954
0.0004825595300400546,48.79934483911868
0.00045649755454453387,46.1931472895666
0.000428564170959836,43.399808931096814
0.0003991162194312965,40.45501377824287
0.00036810615617543027,37.354007452656255
0.0003351932054195183,34.062712377065054
0.0002999901159867295,30.54240343378617
0.0002623937338278643,26.782765217899655
0.00022287551295896194,22.83094313100942
0.00018249005938551394,18.792397773664618
0.00014241143843461959,14.784535678575184
0.00010354336712731223,10.897728547844448
6.647377004061921e-05,7.1907688391751465
3.1632445712766985e-05,3.706636406389923
-5.622646037799684e-07,0.4871653747352284
-2.9652898977599373e-05,-2.4218225885139995
-5.525116994629934e-05,-4.981050901180089
-7.720786789185479e-05,-7.175369937478284
-9.573833431750651e-05,-9.026402020174611
-0.00011142795555851319,-10.592866754626026
-0.0001251908329203572,-11.966259394099662
-0.0001380354708501034,-13.247348223867442
-0.00015053685514411985,-14.493510219852654
-0.00016258118714253052,-15.693406800377586
-0.00017346960862892193,-16.777503682534494
-0.00018230817162758002,-17.657028313853584
-0.00018836931437498576,-18.259911009700005
-0.00019130420618703215,-18.5517565397978
-0.00019118138842769093,-18.539474763863684
-0.00018831898589465217,-18.253234510559803
-0.0001830326099833607,-17.724596919430656
-0.00017564845119685056,-16.98618104077964
-0.00016724090423793575,-16.14542634488816
-0.00015999334623493253,-15.420670544587836
-0.00015687813113483205,-15.10914903457779
-0.0001606403371235845,-15.483914933140484
-0.00017206000250484654,-16.621016418293728
-0.00018918642792037062,-18.325009505493657
-0.00020796231000101882,-20.191077036309114
-0.00022374607266441136,-21.757967502949768
-0.00023277452170216483,-22.653450444266237
-0.00023292909382589933,-22.668776408073466
-0.000223609133259882,-21.73678035147173
-0.00020519708166851573,-19.895575192335105
-0.0001791288715204104,-17.288754177524574
-0.00014791422271791474,-14.167289297275008
-0.0001150186286804383,-10.877729893527366
-8.445156858250779e-05,-7.821023883734314
-6.011273828176836e-05,-5.38714085366037
-4.506220822825464e-05,-3.8820878483089993
-4.0887843016984775e-05,-3.4646513271820125
-4.755772418917908e-05,-4.131481288811466
-6.374744027057274e-05,-5.749797588131147
-8.735524270188902e-05,-8.108692666050676
-0.00011536728278527386,-10.905689754673535
-0.00014403929781939867,-13.765655087751009
-0.00016949107631170042,-16.301307712102634
-0.00018839647901945457,-18.182551432444104
-0.00019845262416648345,-19.182363685289804
-0.00019844745445449753,-19.181846714091215
-0.00018794518877174,-18.131620145815464
-0.0001670834292319247,-16.045444191833933
-0.00013724882194029095,-13.061983462670558
-0.00010137265141843188,-9.474366410484652
-6.359368396447064e-05,-5.69646966508853
-2.8366597469559185e-05,-2.173761015597383
4.5302205739268364e-07,0.7081967125613505
2.0284538258196763e-05,2.6912403666636777
3.0095686697410715e-05,3.672187273836575
3.013553137027589e-05,3.6761708402508972
2.1408680972646953e-05,2.803485800488003
5.271397479808081e-06,1.1897574512041158
-1.61746552024497e-05,-0.9548426485698617
-3.991445643600657e-05,-3.328627374106598
-6.239170353478754e-05,-5.575605249529298
-8.022280949818503e-05,-7.357480852777038
-9.093344067016411e-05,-8.427442977517947
-9.330528585854307e-05,-8.664341951679456
-8.721585042732361e-05,-8.05539840855751
-7.310205692636116e-05,-6.644019058461265
-5.135709705225856e-05,-4.469523071051006
-2.2017871522654164e-05,-1.5356005180905663
1.5178447054291163e-05,2.1839765492950147
6.041680419874806e-05,6.706190155659128
0.0001133407522599434,11.990685474447588
0.00017282259562949518,17.91648818166802
0.00023701488579654564,24.287916281702408
0.0003034259246260631,30.84491584200987
0.00036804527839590144,37.18253928875229
0.0004252402408734531,42.75037516952309
0.0004686585946838819,46.947409710377926
0.0004926570247244021,49.25525972936914
0.0004935919047318861,49.344984278930596
0.00047037349323353654,47.02314312909563
0.0004241733199018183,42.40312579592381
0.0003579028338648245,35.776077192224434
0.00027691485495094095,27.677279300836076
0.00018885968990740086,18.871762796482066
0.00010232137495785476,10.217931301527457
2.499189800823231e-05,2.4849836065652138
-3.766369714034313e-05,-3.7802995759777094
-8.289051570100393e-05,-8.300120226611945
-0.00011014616768079095,-11.021443850008266
-0.0001201688323780341,-12.021505217662265
-0.00011414852066764767,-11.419474046623623
-9.341332821653656e-05,-9.34595480151251
-5.985971048512621e-05,-5.990593028371476
-1.6301440411574013e-05,-1.6347660210162567
3.3700487858954887e-05,3.3652291623778776
8.595393345479046e-05,8.587285660247169
0.0001341238222935614,13.39448246034257
0.00016948946186945963,16.91753098436953
0.0001822526799785866,18.187337768907042
0.00016406827105934062,16.368896876982443
0.00011165551044802857,11.127620815851238
2.8312488802361027e-05,2.793318651284483
-7.729731861244712e-05,-7.765181127627099
-0.00019414536730376442,-19.41203092740394
-0.00031159229445077254,-31.03071677276352
-0.0004210555191020376,-41.73525447367185
-0.0005163237841899274,-50.92236749295407
-0.0005930203137834566,-58.21346387672066
-0.0006482397123615337,-63.397420876969534
-0.000680721738556819,-66.41923733408302
-0.0006918912614521257,-67.45342768350811
-0.0006862369648757278,-66.88799802586831
-0.0006704015728140549,-65.30445881970103
-0.000651316992720803,-63.39600081037584
-0.0006339202666661098,-61.656328204906515
-0.0006201658243485522,-60.28088397315075
-0.0006097560931472421,-59.23991085301975
-0.0006019662864887515,-58.46093018717068
-0.0005973419474712182,-57.99849628541736
-0.0005983402544768359,-58.09039424122224
-0.0006088326718271174,-59.08009822912305
-0.0006326472695989194,-61.318867203150184
-0.000672135781706996,-65.00721499397773
-0.0007272590347444612,-70.10352473640604
-0.0007951831295845685,-76.29412192423331
-0.0008709253280279709,-83.0733119502686
-0.0009485029333046486,-89.87257377944437
-0.0010220578292972334,-96.17697735345709
-0.0010863546769989834,-101.56937524655244
-0.001136767523072946,-105.71750809049836
-0.0011691321578514717,-108.34276305234404
-0.0011798014763342076,-109.20164236199582
-0.0011660666580448847,-107.82816053306354
-0.0011268097741586483,-103.90247214443991
-0.0010631725123100783,-97.53874595958291
-0.0009784629759941985,-89.06779232799494
-0.0008772477530932012,-78.9462700378952
-0.0007641643814631625,-67.63793287489132
-0.0006431064540123634,-55.53214012981142
-0.0005170945432435839,-42.93094905293347
-0.0003888236555194967,-30.103860280524753
-0.0002612501947111666,-17.34651419969175
-0.00013769241902925142,-4.990736631500236
-2.135005266382768e-05,6.641809562686673
8.553629741457474e-05,17.30221416454081
0.00018243570669170626,26.910522750089424
0.0002708886550041091,35.60922398233077
0.000354096414157943,43.709541742686206
0.00043592471204809146,51.58063100863137
0.0005198440669843032,59.538884890544736
0.0006082792697992794,67.78350936913738
0.0007023040411443243,76.37105009410699
0.0008008493468356912,85.1548025231768
0.0009007515565152492,93.81432137820406
0.0009976764477343787,101.9640404285437
0.0010872774339112127,109.26613940184464
0.0011659690335741187,115.48869766771621
0.0012314275653443865,120.5257022123944
0.0012835672460040583,124.44591786881975
0.0013245505403704219,127.46951829487467
0.0013578878612236544,129.891256412709
0.001387032409306538,131.98053996633124
0.0014140759042663659,133.89587667356568
0.0014389529198038501,135.63790406560528
0.0014592034574659257,137.04188243487877
0.001470533485590921,137.8218821571445
0.0014673491010084548,137.50344369889788
0.0014437662776565349,135.1451613637059
0.0013948897871940255,130.25751231745497
0.0013178114554573846,122.54967914379087
0.0012120503919348861,111.97357279154103
0.0010794891404493647,98.71744764298889
0.0009244358850746998,83.2121221055224
0.000752998306055845,66.06836420363692
0.0005719038223256357,47.95891583061598
0.00038726378584258474,29.49491218231089
0.0002038236803371941,11.150901631771832
2.483262514074264e-05,-6.745759385929241
-0.00014756739697522088,-23.909035900230318
-0.00031177470016995995,-40.04051024635297
-0.0004663182513785039,-54.906051514511006
-0.0006097846305817265,-68.3387025435008
-0.0007410839111485431,-80.2577424177774
-0.0008597472913466819,-90.67992797210323
-0.0009660555760313168,-99.70902452864313
-0.0010609211273227652,-107.5051492467117
-0.0011457082075668073,-114.25569007183428
-0.0012219385270729947,-120.14470192612562
-0.0012909765715334272,-125.32786940156117
-0.0013537707148990456,-129.91662035170148
-0.0014105740828464245,-133.96360728191587
-0.0014608782851256033,-137.46468397423916
-0.0015035127916265103,-140.37087502265862
-0.0015369257161610495,-142.6092765125216
-0.001559683723258356,-144.11416992592345
-0.001570753752042325,-144.84041451500426
-0.0015694825179426812,-144.7132911050399
-0.0015557135721496213,-143.33639652573393
-0.0015311074044863926,-140.87577975941105
-0.0014995211832318307,-137.71715763395486
-0.0014661404171048193,-134.3790810212537
-0.0014356048208154968,-131.32552139232146
-0.0014089501772125413,-128.66005703202595
-0.0013825162189440368,-126.0166612051755
-0.0013493815228045288,-122.70319159122471
-0.0013022667967124528,-117.9917189820171
-0.0012360051881402305,-111.36555812479487
-0.0011488342915503828,-102.64846846581011
-0.0010426659076528903,-92.03163007606085
-0.0009220954599624591,-79.97458530701775
-0.0007931663836142864,-67.08167767220047
-0.0006622978737084422,-53.994826681616054
-0.0005357960839434151,-41.34464770511334
-0.00041954960263870296,-29.71999957464213
-0.0003184035656527772,-19.605395876049556
-0.00023548557978015578,-11.313597288787413
-0.00017167650114473452,-4.932689425245287
-0.00012546383943827237,-0.3114233118272338
-9.27910176763448e-05,2.955654227729606
-6.796351113527741e-05,5.437523046126036
-4.5387601854876325e-05,7.69329515583837
-2.113418412585456e-05,10.115155855517289
6.407148902006289e-06,12.862836043569324
3.713430109514111e-05,15.924406149298475
7.063612025844664e-05,19.256621135672606
0.00010749018877631133,22.913841228445133
0.0001497931030132653,27.098886126191488
0.00020060946916328578,32.104709296800635
0.0002628299858907247,38.196384068354014
0.00033807192264544324,45.49789278143655
0.00042612621183973085,53.936623600931526
0.0005252648518979465,63.27839269335924
0.0006330773111514083,73.21810777829536
0.0007469454681628474,83.4368830622336
0.0008626895102920631,93.49986697586496
0.0009738126503269965,102.82912916666103
0.0010720396753240227,110.78925578876161
0.0011488953828316009,116.82281783783976
0.0011975298847314475,120.55053098372166
0.0012139515027916963,121.79320656714417
0.0011971778305400994,120.11583934198447
0.0011488728667820103,115.28534296617556
0.0010738392245681389,107.78197874478842
0.0009796145712385725,98.35951341183177
0.0008752262224598921,87.92067853396374
0.0007695626369014594,77.35431997812047
0.000670135816602033,67.41163794817784
0.0005823983424545117,58.63789053342571
0.0005096989651376181,51.367952801736344
0.00045351090856051156,45.74914714402569
0.00041350207957778273,41.7482642457528
0.0003876959016587798,39.16764645385251
0.0003727453245484925,37.67258874282378
0.0003641408061598196,36.8121369039565
0.00035537999586369366,35.9360558743439
0.00033813700687081345,34.21175697505589
0.00030373517505956105,30.771573793930646
0.0002449334419506899,24.89140048304353
0.00015697264657672807,16.095320945647348
3.80880454193216e-05,4.2068608299067005
-0.00010947967554410408,-10.543764380498336
-0.00027968748880556697,-27.456037492380727
-0.00046407805429289156,-45.480385920285435
-0.0006535969390094168,-63.491589038861186
-0.0008399181707375154,-80.51707973840419
-0.0010161386482137249,-95.86714103667516
-0.0011769190587053826,-109.15165041115213
-0.0013182838449107138,-120.2201276748637
-0.0014373802898912068,-129.08163888458148
-0.0015322851725038493,-135.83323630797315
-0.0016018455477861504,-140.6057190345859
-0.0016455033441170836,-143.5248034154402
-0.001663106936478416,-144.6852015064779
-0.0016548162781750125,-143.85613567613754
-0.0016211918673952393,-140.4936945981602
-0.0015634878189842054,-134.72328975705682
-0.001483944048071625,-126.76891266579881
-0.001385893956313749,-116.9639034900112
-0.0012735639888930184,-105.73090674793815
-0.0011515300217203775,-93.52751003067405
-0.0010240711944456994,-80.78162730320626
-0.0008944317284493577,-67.81768070357208
-0.0007642591860192786,-54.800426460564175
-0.000633594262838285,-41.73393414246481
-0.0005018572096181757,-28.56022882045388
-0.00036864785363338034,-15.23929322197435
-0.00023389005725081813,-1.7635135837181302
-9.74912595433063e-05,11.86551391426759
4.1116998007638646e-05,25.63605384537092
0.0001831964621923664,39.57942401088147
0.0003305228736141081,53.7609511285242
0.00048489935279858945,68.22214542933294
0.0006477674661102698,82.93706198053971
0.0008198588012017287,97.78316523335059
0.0010009690770896962,112.53879363696251
0.0011898746352209462,126.90870657731487
0.0013843346116691273,140.567037037051
0.0015811894859091692,153.2077756853273
0.0017764740280204164,164.58485728462006
0.001965634697973238,174.5387179841046
0.0021438441814594297,183.00384384236756
0.002306319747024815,189.9958865164726
0.0024486180280832515,195.5870854270349
0.0025669012473067917,199.87973241684418
0.002658173548035954,202.9842034346014
0.0027204080602537322,205.00192280282602
0.0027525964724735936,206.01502056166453
0.0027546958725455134,206.0803875555174
0.0027275614575059284,203.36694605155893
0.002672927573560641,197.90355765703018
0.0025932789093843357,189.93869123939965
0.002491710182289537,179.78181852991978
0.0023718420328900838,167.79500358997444
0.002237612259613843,154.37202626235037
0.002092942463723378,139.90504667330384
0.0019413883359796647,124.74963389893254
0.001785887293447969,109.19952964576298
0.0016286317153726144,93.47397183822753
0.0014710438153025963,77.7151818312257
0.0013138591746366638,61.99671776463245
0.0011572379963428003,46.33459993524611
0.0010007789910231467,30.688699403280747
0.0008432230592218953,14.93310622315561
0.0006823888677201321,-1.1498304904637189
0.0005154661048821909,-17.798330284053677
0.0003395952492993712,-35.13927157433928
0.00015248859549986025,-53.17637138545208
-4.7081220670454896e-05,-71.74348390029066
-0.0002590415884833762,-90.49622062769888
-0.00048214274297552493,-108.96731414142376
-0.0007142902795249067,-126.65876369671058
-0.0009528102408315757,-143.12632381411106
-0.0011942050184320673,-158.01388717565905
-0.0014340922449075481,-171.08552456704135
-0.0016674564957856535,-182.24575094162122
-0.0018891374170125757,-191.53399081835772
-0.0020943024031632937,-199.0910856646318
-0.002278822260337923,-205.11477020458986
-0.00243948461486636,-209.8191192614635
-0.002574021939679976,-213.40528775067042
-0.0026810625809515973,-216.04635409758308
-0.002760058104473973,-217.88263481375537
-0.0028113368872603596,-219.02587081847116
-0.002836087368352018,-219.56438837761183
-0.0028362053208104837,-219.34101111016525
-0.0028140823718185094,-217.1287162109678
-0.0027724405515191274,-212.9645341810296
-0.0027140420582774864,-207.1246848568655
-0.0026412323086442827,-199.8437098935451
-0.0025556101165694583,-191.28149068606268
-0.0024580024596770047,-181.5207249968173
-0.002348819542493086,-170.60243327842542
-0.0022288036747385572,-158.60084650297256
-0.0020994038453981613,-145.660863568933
-0.0019625884718888235,-131.9793262179992
-0.0018202593275921956,-117.74641178833642
-0.0016736136167985727,-103.08184070897411
-0.0015228177603753851,-88.00225506665537
-0.0013671178711357444,-72.43226614269128
-0.0012052216829366276,-56.24264732277961
-0.0010354574058186962,-39.26621961098646
-0.000856067819340818,-21.327260963198643
-0.0006656187469322119,-2.282353722338035
-0.00046340564553955433,17.895385039908525
-0.0002497248247160073,38.922710099035896
-2.5973028717844905e-05,60.29552119113383
0.00020544275863481603,81.3883913372494
0.00044136246449297847,101.55645620318035
0.0006781497528497715,120.23927181499414
0.0009119880104860642,137.03818740148756
0.0011391133401771612,151.74488485578544
0.001355939977291514,164.3228007022268
0.001558918241012992,174.85292050563493
0.0017445510971196966,183.4877005178299
0.0019096600091466547,190.41990501405397
0.0020517368676276895,195.8590397821482
0.002169206731801639,200.01217597183617
0.0022615852342222284,203.07204141990064
0.0023296934100211397,205.21731626732736
0.002375571103454973,206.6113819422776
0.0024021192427828297,207.3998262136925
0.002412623530684398,207.7081504982186
0.002410336633723886,207.46094916332075
0.002398149581392675,206.2422439301996
0.002378235587423298,204.25084453326193
0.002351827237330075,201.61000952393962
0.0023190363384214224,198.33091963307433
0.0022789283828474087,194.32012407567296
0.002230003065713828,189.42759236231487
0.002170843166048394,183.5116023957715
0.0021007869021888604,176.5059760098181
0.0020201134372945504,168.43862952038714
0.001929724998971559,159.399785688088
0.0018305666991086892,149.48395570180102
0.001723160456715119,138.743331462444
0.0016074361885470728,127.17090464563937
0.0014828580347785829,114.71308926879037
0.0013488113140075395,101.30841719168603
0.0012050504551715457,86.93233130808665
0.0010519547321913962,71.6227590100717
0.0008903478256317463,55.46206835410673
0.0007213215741187946,38.55944320281155
0.0005462671147105902,21.05399726199111
0.0003670033790104738,3.1276236919794695
0.00018583924587327276,-14.966262747499307
5.468716455616579e-06,-32.80948429609111
-0.00017130147313687346,-49.951971059538906
-0.00034187894609906974,-66.01913068987929
-0.0005041045846223826,-80.74968422248988
-0.0006563028638341063,-93.9989060659295
-0.0007972003628597063,-105.7173757724219
-0.0009257289097044237,-115.91605218330916
-0.0010406843566864972,-124.62354230625483
-0.0011406937087110325,-131.87290199951954
-0.0012245343805043602,-137.71362208807133
-0.0012915699170711454,-142.2276782927514
-0.0013420284822756384,-145.53406851439067
-0.0013769812885004403,-147.77848432489967
-0.0013980567765910046,-149.1136757641446
-0.001407005545676507,-149.67648932666677
-0.001405301431251568,-149.49098335174855
-0.0013939459507676902,-148.35543530336076
-0.0013734579053722366,-146.30663076381543
-0.001343940516766095,-143.35489190320126
-0.0013052648092069191,-139.4873211472837
-0.0012572294618828465,-134.6837864148764
-0.0011995512196073667,-128.91596218732843
-0.0011318411021917576,-122.14495044576753
-0.0010538602311649307,-114.34686334308485
-0.0009657035291741026,-105.53119314400203
-0.000867833304099783,-95.74417063657008
-0.0007609703266772127,-85.05787289431304
-0.0006459448464204259,-73.55532486863436
-0.0005235540254379353,-61.3162427703853
-0.00039450684286011355,-48.41152451260313
-0.00025947585395091915,-34.90842562168369
-0.00011925017334312733,-20.88585756090451
2.506920511296699e-05,-6.453919715295078
0.00017182867394719578,8.219410301249601
0.0003187588788045161,22.851367547270645
0.0004631342434963062,37.073974360233485
0.0006020581231168751,50.52686803790633
0.0007327184471897208,62.90101555635574
0.0008526958420276863,73.97438286051954
0.0009606228715451104,83.66478998663328
0.001056410921859187,92.02896446876213
0.0011409988035904603,99.21741988333042
0.0012157807569620994,105.41042532317704
0.0012820969802262512,110.77052179049039
0.00134089978216462,115.41700286700683
0.0013926161357104719,119.4193677706308
0.0014372350927753725,122.80830935430674
0.0014744633933528382,125.58999387141786
0.001503820877922494,127.75392066367506
0.0015243467409272436,129.2512719102883
0.001534528269608415,129.9892329561335
0.001532603627807721,129.79676877606408
0.0015171200903069232,128.24841502598431
0.001487438574111825,125.28026340647449
0.0014438851089976523,120.92491689505722
0.0013874837366863089,115.28477966392289
0.001319462729273051,108.4826789225971
0.0012408105770768012,100.61746370297212
0.0011521019503629056,91.74660103158256
0.0010536512607366838,81.90153206896038
0.0009458065454261566,71.11706053790765
0.0008291494301410557,59.45134900939756
0.000704619171518641,46.998323147156086
0.0005738534328104768,33.921749276339675
0.00043916748517727283,20.453154513019282
0.00030321835153794546,6.858241149086542
0.00016853633396436818,-6.607906175621034
3.7209964638008885e-05,-19.695511221526075
-8.923212871913633e-05,-32.187971965448
-0.00020980585114235164,-43.942466839655815
-0.00032393236327159995,-54.87818937847825
-0.00043128109510489715,-64.95813181698254
-0.0005317754669436407,-74.18489802315386
-0.0006260642526859682,-82.63662769279814
-0.0007156323721702397,-90.46540691734515
-0.0008023981598929749,-97.85143160408683
-0.000888052125014782,-104.9420801677341
-0.0009735561749664106,-111.81338161020035
-0.0010589567734831608,-118.46350759366459
-0.0011435182470961177,-124.83373449051858
-0.0012260575782615185,-130.84231007106965
-0.0013052596171416078,-136.41151595093555
-0.0013797661174188983,-141.4740673370706
-0.0014477489276185425,-145.94397822949603
-0.0015066656474703177,-149.70279740801553
-0.001553446069624065,-152.61162611995036
-0.0015850620827630542,-154.53976137307453
-0.0015991635774358609,-155.38997256371997
-0.0015945223201907787,-154.92584683921174
-0.0015711553012523576,-152.58914494536964
-0.0015301494357164065,-148.48855839177455
-0.0014733694579352682,-142.8105606136607
-0.0014030837062811087,-135.78198544824474
-0.001321645632562818,-127.63817807641568
-0.0012313068505836883,-118.60429987850269
-0.001134131698453148,-108.88678466544867
-0.001031954642744933,-98.6690790946272
-0.0009263147593801133,-88.10509075814521
-0.0008183888847298286,-77.31250329311673
-0.0007089597281941751,-66.36958763955138
-0.0005984706820278561,-55.32068302291949
-0.0004871859800138422,-44.192212821518105
-0.0003754013109720802,-33.01374591734191
-0.000263754425614147,-21.849057381548587
-0.00015323622020864421,-10.79723684099831
-4.483883077424638e-05,0.04250110588277413
6.087167735018515e-05,10.606691521899943
0.00016399188169237048,20.874117132882212
0.00026526784767137354,30.88670370834737
0.0003660766579822024,40.75031744084587
0.00046809306964800155,50.596019546843046
0.0005727881577127295,60.52637546846343
0.0006809924409838436,70.57268593847726
0.0007927186101460385,80.68295167891134
0.0009072008397555327,90.73502626531634
0.001022991386504987,100.55791005451933
0.0011381363424210799,109.96017398561145
0.0012503713807381419,118.75668849028125
0.0013572242647857686,126.78245299211031
0.0014557542706433472,133.8752772973409
0.0015425667707771725,139.87728641326038
0.0016142037933737402,144.65504896480968
0.0016677423463367363,148.12251052716897
0.0017012366689656794,150.2470171498953
0.0017138654125288685,151.03912133895798
0.0017058048364018716,150.23306372625828
0.0016779532219244164,147.44790227851277
0.0016316819104798545,142.82077113405657
0.0015686282805408027,136.5154081401514
0.0014906305229571736,128.7156323817885
0.001399783867446577,119.63096683072884
0.0012987682986767355,109.52940995374469
0.0011908235691707148,98.73493700314263
0.0010792962797049701,87.58220805656816
0.0009670235380098935,76.3549338870605
0.0008558936421641038,65.24194430248153
0.0007467634540889895,54.32892549497009
0.0006397166200942704,43.6242420954982
0.0005344594282751756,33.0985229135887
0.0004305953087500815,22.7121109610793
0.0003276794581644119,12.420525902512338
0.00022508298068939355,2.1608781550105074
0.00012188469395111908,-8.15525177289144
1.6946971078101384e-05,-18.613289005677995
-9.082208421751396e-05,-29.280645427722344
-0.00020224365900928007,-40.19011432468184
-0.0003176245109214503,-51.31513113745533
-0.00043658768670378634,-62.556730089824
-0.0005580694128952223,-73.75175981675288
-0.0006804502129991323,-84.69735380812132
-0.0008017492761753773,-95.18134474112723
-0.0009198019035865305,-105.00773565304918
-0.001032311981558216,-114.00648035745992
-0.0011367029804187205,-122.02332342171661
-0.0012300797932923379,-128.9161825483115
-0.0013094118971086505,-134.56291278617624
-0.001371907703960583,-138.87486425938985
-0.0014154247374901414,-141.806204734311
-0.0014387565328314032,-143.35379601133275
-0.0014416580681968477,-143.5450806300552
-0.0014246997289436986,-141.8492467047403
-0.0013890822872641602,-138.28750253678646
-0.0013364518534160234,-133.0244591519728
-0.0012690431331758409,-126.28358712795453
-0.0011897374719004616,-118.3530210004166
-0.0011019653388599866,-109.57580769636911
-0.0010093253214572657,-100.311805956097
-0.000914961971000651,-90.87547091043554
-0.0008212882833679556,-81.50810214716599
-0.0007307113363313178,-72.45040744350223
-0.000645826379859101,-63.961911796280546
-0.0005678638173951567,-56.16565554988611
-0.0004957134483307127,-48.95061864344171
-0.00042661336819679716,-42.04061063005016
-0.0003574611442061722,-35.12538823098766
-0.00028580705929910497,-27.959979740280943
-0.0002102667147901381,-20.405945289384256
-0.00013036310337219198,-12.415584147589644
-4.60479632535278e-05,-3.984070135723227
4.2651933696831476e-05,4.885308790564579
0.0001356464173493023,14.1696065778457
0.00023247307337668268,23.793113754625928
0.00033198799358607356,33.60729975502313
0.00043236928752753416,43.39738005301616
0.0005314184462900832,52.92037845298737
0.0006269944420109527,61.95466697795793
0.000717331046017546,70.33321772634471
0.0008010407758848945,77.94231062418804
0.0008768804111099549,84.696521827496
0.000943465190672924,90.51018116546587
0.0009991509826880276,95.28474603234203
0.0010421659501263169,98.91648399986853
0.001070983436201734,101.32138467903695
0.001084751183229929,102.46225538491055
0.0010835573986175964,102.34287692367728
0.0010684381253843116,100.83094960034882
0.001041119224998647,98.09905956178235
0.0010036170163408712,94.34883869600478
0.0009578782965706045,89.77496671897809
0.0009056093225777343,84.5480693196911
0.0008483026219567136,78.81739925758902
0.0007873484906076221,72.72198612267987
0.0007240952366617364,66.39666072809129
0.0006597744376687316,59.96458082879081
0.0005953276472935712,53.51990179127476
0.000531245068962881,47.111643958205754
0.0004675075329433707,40.73789035625471
0.0004036639770377605,34.3535347656937
0.0003390171755399717,27.88885461591482
0.0002728195297598534,21.269090037902988
0.00020440216256563328,14.427353318480979
0.00013319779846185907,7.306916908103558
5.872116748667144e-05,-0.14074399490629494
-1.9418480407838638e-05,-7.951731733860969
-0.00010143599164931267,-16.13240647264413
-0.00018723431147213293,-24.651189095379745
-0.000276284920984236,-33.429300966933354
-0.0003675804908739797,-42.338715044181455
-0.00045971585735193643,-51.21479299495548
-0.000551064989317916,-59.87910669222956
-0.0006399801733679519,-68.1633022422789
-0.0007249318141838219,-75.92479301842108
-0.0008045527353873815,-83.05086814444762
-0.0008776098695413294,-89.45432886101845
-0.0009429495123740089,-95.06587699269106
-0.0009994644366947138,-99.8280003143687
-0.0010461374574933693,-103.69485590953722
-0.0010821499999080948,-106.63681616088319
-0.001107007649963715,-108.64600635540747
-0.0011206246894701545,-109.73912740458259
-0.0011233395631250948,-109.95642735152062
-0.0011158844925409491,-109.21092029310604
-0.0010993135061377543,-107.55382165278655
-0.0010749009605496862,-105.11256709397976
-0.00104401342753872,-102.02381379288315
-0.001007996273608465,-98.42209839985765
-0.0009680702804452674,-94.42949908353788
-0.0009252244820432917,-90.1449192433403
-0.0008801423693788593,-85.63670797689707
-0.0008331738008240921,-80.93985112142035
-0.0007843634526687275,-76.0588163058839
-0.0007335226602692682,-70.97473706593796
-0.0006803365795227776,-65.65612899128891
-0.0006244840680822913,-60.07087784724028
-0.000565720220993528,-54.19449313836395
-0.0005039023280283175,-48.0127038418429
-0.0004389737233789484,-41.51984337690599
-0.00037093500024958055,-34.715971063969214
-0.0002998293366608595,-27.605404705097108
-0.00022574257310431552,-20.196728349442708
-0.00014884679632346046,-12.507150671357204
