Desplacment,Force
0.0,0.0
4.965343281817359e-08,0.004965343281100617
-3.5520549416562705e-07,-0.03552054915709083
-2.2939927625966337e-06,-0.2293992055835321
-6.57283954990709e-06,-0.657282292452117
-1.3301986515872105e-05,-1.330184871288888
-2.189335129592602e-05,-2.189273691686514
-3.1390945389960424e-05,-3.1389134479625267
-4.091318971078809e-05,-4.090918056244527
-4.990116729113673e-05,-4.989389337065772
-5.812957596674158e-05,-5.811807855875376
-6.55631783017735e-05,-6.554668302685918
-7.216449263732423e-05,-7.214249775413237
-7.777417054227062e-05,-7.774663899058989
-8.217880564969225e-05,-8.214632820525981
-8.537101645809172e-05,-8.533460677372801
-8.771152069001964e-05,-8.767203472622711
-8.984883795043586e-05,-8.980639571169187
-9.24603923254344e-05,-9.241414217833094
-9.598865430613566e-05,-9.593690735929098
-0.00010047168007895061,-10.04123427039568
-0.0001054440648628687,-10.537547947922903
-0.00011008669927634123,-11.000865550357227
-0.00011352060918192239,-11.343503678204712
-0.00011505789924721024,-11.49688053716422
-0.0001142237950268497,-11.413470115128165
-0.00011068626026804647,-11.059716639247842
-0.00010432578209816175,-10.42366882225937
-9.527682648634812e-05,-9.518773261078007
-8.398804173611337e-05,-8.389894786054532
-7.116148130885347e-05,-7.1072387433285416
-5.75130846601655e-05,-5.742399078459744
-4.357256029541776e-05,-4.3483466419849695
-2.9670611684087353e-05,-2.9581517808519293
-1.5969557242924973e-05,-1.5880463367356912
-2.4142481960451117e-06,-0.23251543204770517
1.1311664914256191e-05,1.1400673402090533
2.589618891489709e-05,2.598425664769597
4.2316533789111605e-05,4.240116418103821
6.154446225675197e-05,6.16198517384632
8.420159341428905e-05,8.425563995710938
0.00011024987908188358,11.02603872779695
0.000138982087079843,13.89139130496124
0.00016928040996869138,16.90856217409992
0.00019991451848621472,19.95365353936474
0.00022945476163213532,22.883839566319786
0.00025624018145482493,25.53478417299415
0.00027851584644515335,27.73458441806672
0.0002948052828987979,29.34022723963866
0.00030471331649232873,30.31555040597138
0.00030925817589317494,30.76259355035573
0.0003105443623001771,30.889066204778608
0.0003109662165280691,30.930543931184673
0.0003122900040162597,31.06068956745748
0.0003152253774477964,31.349208079699896
0.00031975785295747716,31.794522788452117
0.00032570739184375547,32.37872134212668
0.0003330173275957536,33.095958927161206
0.0003417362700625712,33.95064847417643
0.0003517908795460496,34.93516584555151
0.00036267467526764405,35.99950648112642
0.00037297564914812056,37.00550571713786
0.00038045805075476624,37.73540025735541
0.000382656253272702,37.94969409565906
0.0003776490764360166,37.44897641199053
0.00036470418652693955,36.15448742108282
0.000344292187497803,34.11328751816916
0.000317568950765633,31.440963844952165
0.0002857107389137793,28.25514265976679
0.00024961538845059907,24.645607613448767
0.00020991800844664005,20.675869613052868
0.00016704605177260943,16.388673945649803
0.00012135079445458564,11.819148213847424
7.314462673387503e-05,6.998531441776363
2.259536159100092e-05,1.943604927488952
-3.051472109434962e-05,-3.3671936338044883
-8.679237250156707e-05,-8.990911538227907
-0.00014667081214752534,-14.963328644989504
-0.00020998008579035238,-21.257373813733242
-0.0002761611266184129,-27.805051757422845
-0.0003445186855218047,-34.523683003024075
-0.0004139105438739238,-41.287234906155966
-0.00048270833305597065,-47.92613742535706
-0.0005492330177040377,-54.27321172580916
-0.0006123310532432185,-60.21973128214809
-0.0006718835563155873,-65.76010157962091
-0.000728792390053542,-70.98410147031433
-0.0007844547402209821,-76.02278354799678
-0.0008400592751938788,-80.9823439387847
-0.0008960647332399972,-85.89939271786182
-0.0009520937125132018,-90.73655216192098
-0.0010071605611465804,-95.4078056330398
-0.0010601334169063896,-99.821462846663
-0.0011103085149516646,-103.92777323223724
-0.0011575982605934393,-107.7303803710652
-0.001202305952398933,-111.26398661161048
-0.0012447006574420982,-114.55887096629742
-0.0012846882651183565,-117.61621181501877
-0.0013217513522738806,-120.4057907695725
-0.00135512160082929,-122.8808111573693
-0.001383994482401079,-124.99411673806445
-0.0014072884421976726,-126.67996982653898
-0.001423504189631892,-127.84344784889468
-0.0014308703966867072,-128.36922847606175
-0.0014277034312876235,-128.05253193615337
-0.0014128722562192764,-126.56941442931868
-0.0013861841068034137,-123.90059948773239
-0.0013487418932617492,-120.15637813356595
-0.001302821043833064,-115.56429319069743
-0.0012513308083593655,-110.41526964332759
-0.001197017913712831,-104.98398017867414
-0.0011414920596563942,-99.43139477303046
-0.0010848470695565796,-93.76689576304899
-0.0010259476452860216,-87.87695333599319
-0.0009631535114677838,-81.59753995416942
-0.0008949779205451651,-74.77998086190753
-0.0008204566593199231,-67.32785473938333
-0.000739186492197119,-59.20083802710292
-0.000651100007897699,-50.39218959716093
-0.0005562107851747167,-40.9032673248627
-0.0004545060988704758,-30.73279869443861
-0.00034608242026491727,-19.890430833882757
-0.00023126593983398123,-8.408782790789154
-0.00011048291015260082,3.6689186192713397
1.5696995763621058e-05,16.259897358654694
0.00014561551924422068,29.126231399461833
0.00027610829841223324,41.87593674167087
0.0004028305771782115,54.02390496539621
0.0005210623394728474,65.09741828231886
0.0006263169251328806,74.70749648279434
0.0007147728583147979,82.58215091291939
0.0007834748392274439,88.56133043034531
0.0008304014991319744,92.57316349254945
0.0008547264313183636,94.62898992654524
0.0008568493252106952,94.80762655976558
0.0008381758124385921,92.94027528255528
0.0008009397628563035,89.21667032432642
0.0007489444885426706,84.01714289296312
0.0006874813223872146,77.87082627741752
0.0006222140874528272,71.34410278397877
0.0005575999669459825,64.88269073329431
0.0004952363518096303,58.646329219659094
0.00043355884134998324,52.47857817369439
0.0003690522162239801,46.02791566109408
0.00029807928985664767,38.930623024360834
0.000218235745550128,30.946268593708872
0.00012867297585677132,21.989991624373207
2.95060126087865e-05,12.073295299574726
-7.908460762336776e-05,1.2142332763592987
-0.00019736711210163467,-10.607622040950604
-0.000325869745109915,-23.391677515643362
-0.0004648038412350246,-37.06229943144348
-0.0006134369559455485,-51.41643307523578
-0.0007697271105799074,-66.10177690683643
-0.0009306908526751293,-80.6830423926836
-0.0010936036776883768,-94.78493521690417
-0.0012565372301152737,-108.1524735975835
-0.0014169345387478338,-120.53912856211626
-0.0015704390888798127,-131.64458662996222
-0.0017109625643167926,-141.15679051979103
-0.0018316700372229995,-148.82784375491354
-0.0019262321793148064,-154.51773919704237
-0.0019898954118539665,-158.1923842013533
-0.0020199171588172887,-159.8821885627773
-0.00201536594343085,-159.33647872590512
-0.0019765452466774616,-155.45440905056626
-0.0019044726340745025,-148.24714779027036
-0.0018005179007623173,-137.85167445905182
-0.0016662948894047291,-124.42937332329299
-0.0015036202097096182,-108.1619053537819
-0.0013147231240010356,-89.27219678292364
-0.0011034215035464713,-68.14203473746721
-0.0008753831814259933,-45.33820252541942
-0.0006372574102421727,-21.52562540703736
-0.00039518682065474116,2.6803073133384485
-0.00015355549206463715,26.713946474444544
8.554823875183699e-05,49.94398024318834
0.00032221151477442755,71.9793772696186
0.0005579582537957074,92.64412712732032
0.0007948644222586189,111.86734505355918
0.0010350311252949062,129.61494197965516
0.00128073306310559,145.88618930307112
0.0015344019089216121,160.69881875452103
0.0017980995446349312,174.0557385796149
0.0020726244154693455,185.92501444162923
0.0023560469515986012,196.23529360704816
0.002643332386005339,204.93831753106133
0.002927110115465612,212.06940123026027
0.0031990463667093526,217.7593472755997
0.0034511715659219172,222.20208597856995
0.0036767870162143996,225.6094133302547
0.003870773160537187,228.1754241553567
0.0040293964715033825,230.05778373118045
0.004149943366030441,231.37330487508981
0.004230347843171319,232.2004844608087
0.004269056705345111,232.585241031396
0.004264929689609363,231.87000516073837
0.004216842882277782,227.0613244275803
0.004123498577482469,217.72689394804894
0.003983667546326528,203.74379083245486
0.0037965261758855628,185.0296537883583
0.0035619275025148135,161.5697864512834
0.003280742782993031,133.45131449910517
0.002955241213893272,100.90115758912923
0.002589102701876186,64.28730638742061
0.0021869379521323403,24.070831413036057
0.0017539453195343482,-19.141142407386376
0.0012971381726730432,-62.89875863234032
0.0008253522495651241,-103.32938176001873
0.0003479025109172484,-137.5520622319531
-0.00012694097821269154,-164.5214168671834
-0.0005925161379000951,-184.73092244133053
-0.0010434692576343726,-199.42795398606458
-0.0014753089958972796,-209.97999113059925
-0.0018840316673991414,-217.55431508023923
-0.002266158069816052,-223.04156768920183
-0.002619123198563001,-227.07995085530715
-0.002941354951942528,-230.10931265720293
-0.003232078317710572,-232.4256022690398
-0.00349064306417263,-234.22300539844665
-0.003715926289630734,-235.62586430811982
-0.003906152854764108,-236.71212382960778
-0.004058868039670614,-237.5285297749885
-0.004171174526854826,-238.10104774317193
-0.004240272369611413,-238.4426051055393
-0.004265697403737251,-238.56634893391578
-0.004250481584138636,-237.04476697405437
-0.004200948972355709,-232.09150579576166
-0.004125298706099439,-224.52647917013462
-0.004031122808357499,-215.10888939594062
-0.003922341199042485,-204.23072846443924
-0.003797614749595949,-191.75808351978563
-0.0036516927757992207,-177.16588614011283
-0.0034785287912471557,-159.84948768490634
-0.0032744600553170824,-139.44261409189897
-0.003040315711790366,-116.02817973922733
-0.002781221997713324,-90.11880833152311
-0.0025049556035965574,-62.49216891984648
-0.0022196502832333587,-33.961636883526616
-0.0019315065644371087,-5.147302561763364
-0.0016443076068800378,23.424877445271207
-0.0013605480727390707,50.846651067295035
-0.0010817729910999304,76.33383613579747
-0.0008034933575543429,99.82934982070041
-0.000513153192324959,121.91430116111614
-0.00019260164868910241,143.2201029976269
0.0001754637595800402,163.74126016694515
0.0005972370214629086,182.50749881658064
0.00106384969008335,198.27185050182175
0.0015536930134050168,210.4008155591979
0.00203874938617881,219.121491142604
0.0024913278805312323,225.14885802040402
0.0028892734464076144,229.24686522274692
0.0032182535232750877,232.0117300111469
0.003471381678554288,233.84431783978488
0.0036479975924477892,234.99956421617645
0.0037526331127314826,235.64268727895373
0.003796221511366816,235.90230769011762
0.003796509442425817,235.53408452655904
0.003775861225461162,233.46926283009353
0.003757287475956321,231.61188787960944
0.003760326430517751,231.46860115870535
0.003797935607051102,231.82191684495305
0.0038750825182462174,232.52396506044224
0.003988936791973717,233.50756431169614
0.00412967280069335,234.64421257659504
0.004282860164877624,235.79221462131923
0.004433042224938109,236.8376291852757
0.0045660998234943765,237.70502986607403
0.004669867268018173,238.3469976932323
0.00473563723730234,238.7394916914205
0.004759678220336672,238.88031762074402
0.004743305756410723,237.24307122814906
0.004690822948532567,231.99479044033345
0.004605288113106793,223.44130689775608
0.004484746755635337,211.38717115061044
0.00432186522010916,195.09901759799283
0.004107162072017672,173.62870278884404
0.003834191355387945,146.33163112587133
0.0035039641107797526,113.30890666505205
0.0031264930016322717,75.56179575030394
0.0027192999838761226,34.842493974689035
0.002302696159061605,-6.793468202184585
0.001894103910563525,-46.71559886567336
0.0015041698734124063,-82.09200169109138
0.0011366742150062056,-111.76558249387404
0.0007914049420637584,-135.864166796718
0.0004680996600382662,-155.02816223647517
0.000169053593911215,-169.96950368849366
-0.00010100960082082127,-181.36757141159777
-0.00033720474301890657,-189.88220534345413
-0.0005373509932270438,-196.15474189660586
-0.0007038059491898919,-200.78339447750446
-0.0008444039678569472,-204.31754401362645
-0.0009709754915144651,-207.23082383015054
-0.0010965313343114626,-209.89033101122985
-0.001232421421701299,-212.53187790484552
-0.001386469179222928,-215.25597402592408
-0.001562519587437022,-218.0541948830324
-0.0017610317461333512,-220.85510734232165
-0.0019798897311358423,-223.56761918707105
-0.002213924873507178,-226.09912683349523
-0.0024545495529566014,-228.3697081217786
-0.0026899049356603096,-230.32045851302232
-0.002904952303955522,-231.90884401009995
-0.003083551955030124,-233.1092766373177
-0.0032125611863641685,-233.91831113080184
-0.0032859953230583256,-234.35923803042027
-0.003305883169841855,-234.47635268876198
-0.003279729182927788,-231.86095399735524
-0.0032169406017109863,-225.5820958756751
-0.0031261721014205096,-216.50524584662745
-0.0030135102695176244,-205.23906265633894
-0.002882255691471471,-192.11360485172358
-0.0027351438993345827,-177.40242563803474
-0.0025771442660959738,-161.60246231417386
-0.002416150699818533,-145.50310568642976
-0.0022602405439829778,-129.91209010287423
-0.002114663276489296,-115.35436335350607
-0.001979879189195437,-101.87595462412018
-0.0018514498027662287,-89.03301598119936
-0.0017224486351962607,-76.13289922420256
-0.0015870444550130252,-62.59248120587901
-0.0014430913163142921,-48.1971673360057
-0.0012927694829875647,-33.164984003332954
-0.001142625219404022,-18.150557644978694
-0.0010013462044076349,-4.022656145339976
-0.0008762893955066842,8.474264162054821
-0.0007710307529708494,18.946953489263077
-0.0006853049302508018,27.41562349943706
-0.0006162020215403083,34.18702147005357
-0.0005575207581287345,39.889930422796624
-0.0005001569613256303,45.41643180566432
-0.0004335812310467618,51.76294974065319
-0.00034776887644278503,59.82332586107745
-0.00023462289348566802,70.21836741255822
-8.904566971394226e-05,83.15229425296683
9.016151873601942e-05,98.30871970132372
0.00030021524043002707,114.88954604819433
0.0005349690014820365,131.80694980011023
0.0007855841100900349,147.9419919490051
0.001039259434919908,162.28340218105353
0.0012798880804601015,174.13197533919404
0.0014909436622308858,183.22180303437133
0.0016589711544458049,189.65962081759366
0.0017758075641573026,193.7503727497793
0.0018387923803746488,195.8320501321422
0.0018493117838150601,196.09546776513127
0.0018113746037348164,192.30174975710688
0.0017331710603783672,184.48139542146197
0.0016276860508902342,173.93289447264868
0.0015116165404823999,162.32594343186523
0.0014027154356576906,151.43583294939427
0.0013165771469432768,142.82200407795287
0.001264190998120631,137.58338919568834
0.0012509342463464309,136.240228916111
0.0012766283359786938,137.9572229662264
0.0013345519053115994,141.7510625214939
0.0014121045243279963,146.6643020250673
0.0014937438312812475,151.632218801439
0.0015648022867431922,155.78758074753884
0.0016142440894188993,158.58733632338667
0.001635796551194642,159.78452624317555
0.0016285498773606537,159.0598588597767
0.0015956261239940912,155.76748352312046
0.0015418675807043227,150.3916291941436
0.0014716000872389973,143.36487984761106
0.001387549326584377,134.95980378214904
0.0012911082734423547,125.31569846794682
0.0011831708384200527,114.5219549657166
0.0010648588854440307,102.69075966811441
0.0009368224303812895,89.8871141618403
0.0007988550260790753,76.0903737316189
0.0006505177607751669,61.25664720122804
0.0004922145235693193,45.42632348064328
0.0003260383048916513,28.808701612876487
0.00015621663303767367,11.826534427478721
-1.0188012012125965e-05,-4.812745471392293
-0.00016416473343204148,-20.162079197538727
-0.00029699659435455353,-33.27378304196333
-0.0004026614877307274,-43.56300559284291
-0.0004793136980927043,-50.925766700827715
-0.0005290988220649052,-55.654921430080904
-0.0005567459557498783,-58.26160092083541
-0.0005677730471229968,-59.297209256600944
-0.0005672829285488684,-59.24819739918811
-0.0005599895767476156,-58.518862219062825
-0.0005519097098990795,-57.71087553420921
-0.000551142474961844,-57.62771005748661
-0.000566924705760833,-59.111235414172285
-0.0006075111627891452,-62.90382752639719
-0.0006781257125038925,-69.42080043591609
-0.0007799482937684884,-78.62042920361455
-0.0009104590097774477,-90.03761780408375
-0.0010642413554308237,-102.89914971543045
-0.001232909303728542,-116.21170597171569
-0.0014060191479412787,-128.96483696560392
-0.0015726014935709771,-140.34355585680223
-0.0017227370476950558,-149.84536281345106
-0.0018484815603647391,-157.2606842922122
-0.001944155559277917,-162.578024946476
-0.0020063829959428795,-165.88907680741508
-0.002033859635098378,-167.31470425449987
-0.002027055042493371,-166.59564036712734
-0.0019882283896822364,-162.71297508601387
-0.0019223748204712583,-156.12761816491604
-0.001837211083056118,-147.611244423402
-0.0017419202764788779,-138.08216376567802
-0.0016452934542808971,-128.4194815458799
-0.0015536011972846649,-119.25025584625668
-0.0014696212501319704,-110.85226113098724
-0.0013932721326404649,-103.2173493818367
-0.0013231969384211273,-96.20982995990295
-0.0012583269654391476,-89.72283266170497
-0.0011988448985750038,-83.77462597529059
-0.0011467639218520494,-78.56652830299517
-0.001105073195665145,-74.39745568430472
-0.001076019729995757,-71.49210911736593
-0.00105970095295273,-69.8602314130632
-0.0010538374688942073,-69.27388300721093
-0.0010546452983959834,-69.34806739935011
-0.0010581826744487373,-69.67274196448875
-0.0010613984274963847,-69.9676574677262
-0.0010623941635034546,-70.0589297202422
-0.001060106156450418,-69.83012901493854
-0.0010536951546956145,-69.18902883945819
-0.0010424833117308162,-68.06784454297835
-0.0010265286540307394,-66.47237877297067
-0.0010070779234428691,-64.52730571418365
-0.0009855074122733956,-62.3702545972363
-0.0009624986438677924,-60.069377756675976
-0.0009380207574421085,-57.62158911410759
-0.000911804414845642,-54.999954854460945
-0.0008839847100274846,-52.2179843726452
-0.0008555586916405843,-49.37538253395517
-0.0008284729289610396,-46.6668062660007
-0.0008052563826364811,-44.345151633544845
-0.0007883188169537349,-42.65139506527023
-0.0007791771605537232,-41.73722942526906
-0.0007777451267386248,-41.59354509588295
-0.0007820284775472371,-42.00942830070238
-0.0007883588008185205,-42.62358946744367
-0.0007919418799802927,-42.97096559863182
-0.0007874331418617101,-42.520091786773555
-0.000769815861589225,-40.75836375952504
-0.0007365843719629945,-37.43521479690199
-0.0006886083000905195,-32.6376076096545
-0.0006290770601547642,-26.684483616078968
-0.0005616987061558979,-19.946648216192333
-0.0004895440016898741,-12.731177769589957
-0.00041422056594187624,-5.1988341947901695
-0.0003342750181323793,2.7953616887931445
-0.0002451179570182954,11.699063940537256
-0.00014040972362977224,22.108448327347336
-1.4122618789134456e-05,34.541866318776506
0.00013797522613686838,49.25217819984564
0.00031754960759628956,66.11109310762868
0.0005233911424146509,84.57144934966563
0.0007518763984477578,103.7678441111759
0.000997969000860968,122.72676970272977
0.001255633677608159,140.54743332217637
0.0015157849698945278,156.41293561117502
0.0017656607053276117,169.70655860854143
0.0019903908224970742,180.1370508187607
0.0021760474566973826,187.74911825922626
0.0023123914152804745,192.80513093008517
0.002394320396854577,195.63967692922168
0.0024220842217818417,196.5670247033415
0.002399933993961364,194.35200192129375
0.002334315079766462,187.79011050180353
0.002232993400320126,177.65794255716992
0.0021074456277685107,165.10316530200836
0.001973623274942655,151.7209300194228
0.0018499071779890896,139.3493203240663
0.001752953687855401,129.6539713106974
0.001691641714380641,123.52277396322138
0.0016634119485386038,120.69979737901768
0.0016549113136985658,119.84973389501388
0.0016473330673345164,119.09190925860892
0.0016229050260118268,116.64910512633996
0.0015695225178879463,111.31085431395192
0.001481708586363026,102.52946116145989
0.0013583467868004027,90.19328120519755
0.0011994447026555239,74.30307279070966
0.0010038862179909105,54.74722432424834
0.0007694904902563451,31.30765155079181
0.0004945876017921638,3.8173627043736844
0.0001794582125002717,-27.552437325282064
-0.00017241273425403462,-61.371979029273334
-0.0005518800501907785,-95.01187648294095
-0.0009443297435141201,-125.58762065411848
-0.0013323256419749347,-151.0883229941847
-0.001698938028559748,-170.90637396557344
-0.0020297856716632746,-185.52564701743032
-0.002313492511142548,-195.89343814999071
-0.0025409739577621883,-202.94869917812582
-0.0027052216122932715,-207.43011237459996
-0.0028038767861682926,-209.89834190694623
-0.00284081358945467,-210.78195282576658
-0.0028259718333099944,-209.297777211299
-0.002773410855072092,-204.0416793875088
-0.002698559905941232,-196.55658447442278
-0.0026153143417057623,-188.2320280508758
-0.0025340105075121466,-180.10164463151423
-0.002460279312260017,-172.7285251063013
-0.0023926479275420947,-165.96538663450906
-0.002322514822919574,-158.95207617225702
-0.0022367896900846594,-150.37956288876558
-0.002122324750054759,-138.9330688857755
-0.0019699080969263556,-123.69140357293517
-0.0017763844212733203,-104.33903600763165
-0.0015456951066104374,-81.27010454134336
-0.001286818019692603,-55.38239584955991
-0.001009782729251938,-27.678866805493428
-0.0007219691113917573,1.101538395344569
-0.00042657077683402276,30.434497755587827
-0.00012330488284727047,59.529259176380535
0.00018968329994735786,87.62093971125374
0.0005134909349776157,113.92764226463564
0.0008470284988629073,137.67277442471934
0.0011871480409535468,158.27401274086213
0.0015305564383360731,175.5441301926712
0.0018750695965559535,189.66688787153237
0.002219501997296981,201.03430155953794
0.0025628780582251875,210.0953047241198
0.0029037555954277774,217.27668571587265
0.0032396592529954607,222.948613509043
0.003566062085118496,227.41013727521081
0.0038762894490213936,230.89889038157693
0.004162227459071215,233.60351051681067
0.004415539895460514,235.67254871688877
0.004628636894205243,237.21880600578265
0.004795455248098621,238.3249826161114
0.0049121921328999256,239.05154387006934
0.004977607151177933,239.4431444929028
0.004992920755562556,239.53329154609497
0.004961664533142529,236.40766930409225
0.004890912252279784,229.33244121781777
0.004791307309794231,219.3719469692625
0.004675475465068507,207.78876249669014
0.004555778313826173,195.81904737245674
0.004442320201578717,184.47323614771108
0.004340969126750443,174.33812866488367
0.004249568947084637,165.19811069830305
0.00415660499008543,155.90171499838235
0.004043783939055594,144.61960989539878
0.003892897075893807,129.5309235792201
0.0036924732110902576,109.48853709886514
0.0034406022879571994,84.30144478555931
0.0031430104137001955,54.54225735985893
0.002808199030962703,21.06111908610966
0.0024440709358740705,-15.282066093080223
0.0020560416119546018,-52.78924639152717
0.001647191659335924,-89.0892800944311
0.0012201014529791539,-122.02675677814794
0.000779026946979076,-150.04931180353321
0.0003308809624634387,-172.49022754478824
-0.00011554686154333404,-189.58433685595958
-0.0005515787135449098,-202.1717297217489
-0.0009713153495879074,-211.3180138228136
-0.0013727156064859223,-218.00334912725606
-0.0017570538052676598,-222.9918471903638
-0.0021273436098232994,-226.82206592421065
-0.002486565828624452,-229.85366342295586
-0.0028364998110509765,-232.32140384050314
-0.0031773658053197242,-234.37885975484187
-0.0035081519024066066,-236.12868170874665
-0.00382724668108329,-237.64161617598566
-0.004133081176571612,-238.96809903204735
-0.004424493174702185,-240.1449728285152
-0.0047005847986502204,-241.19867126900425
-0.0049594969108643526,-242.1438620108713
-0.005197810626241228,-242.98432965583928
-0.005410544773130462,-243.71502836195717
-0.00559184976212324,-244.3256033513277
-0.0057362676253761334,-244.80507708015858
-0.005839857074274825,-245.14567399449336
-0.005900657977301087,-245.34439964294302
-0.005918459329986842,-245.40242528476625
-0.005894969742755804,-243.05346656166245
-0.005833811665781104,-236.9376588641925
-0.0057399510901178325,-227.55160129786532
-0.005618154587503148,-215.37195103639687
-0.005471848388144939,-200.74133110057593
-0.005303157922043809,-183.87228449046293
-0.005113119234136585,-164.8684156997406
-0.004902064030061254,-143.76289529220747
-0.004669870845783776,-120.54357686445968
-0.0044160146976122494,-95.15796204730702
-0.004139585987240992,-67.51509101018132
-0.003839540362350802,-37.51052852116228
-0.0035154021788445645,-5.0997050835966125
-0.003167649296191552,29.295171768459415
-0.002796892180075781,64.14341132104795
-0.002403424082396122,97.60430027408277
-0.0019882650822616995,127.93974124725214
-0.001554003595225799,153.8763234604391
-0.0011046011433826358,174.87743893065604
-0.0006448327114953809,191.13668290307345
-0.0001799445176002124,203.32441235544667
0.0002845053171249268,212.29710526832196
0.000742165845644609,218.86291423412735
0.0011857433659332823,223.69000990810028
0.0016075290396732732,227.28465937948306
0.002000361474034572,230.00921809353517
0.0023587348494680904,232.11393502538925
0.0026794812086158642,233.7684926862812
0.0029617546947687057,235.08757704993192
0.0032065227725032765,236.14950519942752
0.0034165477010023445,237.01141076366233
0.0035958719365478103,237.71719059077623
0.003748905708186724,238.30065754720567
0.003879612397069435,238.78694493069787
0.003991013894548526,239.19356778052008
0.004084916033123086,239.53121995422518
0.004161173433152837,239.80225721440613
0.0042176766160825704,240.00136539376066
0.00425108723971405,240.1184427586127
0.0042578825244048045,240.0490050647432
0.0042352021574850445,237.7809683727672
0.004180929530965665,232.35370572082925
0.004093770116633148,223.6377642875775
0.0039742068382964575,211.68143645390847
0.0038255615309144343,196.81690571570616
0.003653674477107962,179.62820033505895
0.0034645699635557224,160.717748979835
0.003261829342560825,140.44368688034527
0.0030449603714338726,118.75678976765
0.0028097074302087274,95.2314956451355
0.0025499444084285693,69.25519346711968
0.002260488297932081,40.30958241747085
0.0019396724222015473,8.227994844417475
0.0015903520883429661,-26.505912450569518
0.0012191540016938374,-61.91942171493578
0.0008345506343413511,-95.47733937749253
0.0004455436234541395,-125.11996278304689
6.0559973986844526e-05,-149.77889919347234
-0.00031323765303102927,-169.37668224349727
-0.0006703372733690445,-184.48924233806025
-0.0010075506266238206,-195.9743179654244
-0.0013239411859820847,-204.69178972435705
-0.0016201821843848784,-211.36320573502377
-0.0018975458787723254,-216.5356400777196
-0.0021568583745937174,-220.59866372727907
-0.002398013063464518,-223.82304931142872
-0.002619990284184356,-226.39759185680813
-0.002821245399078094,-228.45714948281494
-0.0030001903004353184,-230.1010749882138
-0.0031555287708657886,-231.4041238040087
-0.003286435201929285,-232.4232353278746
-0.0033925914514707093,-233.20195126820326
-0.003474269738170466,-233.77443058656664
-0.0035323002101077805,-234.16797986681223
-0.0035679650189380948,-234.4046706820281
-0.003582779487342268,-234.5018621880203
-0.0035779836570035647,-233.96571851112748
-0.0035539580461166737,-231.56315742243837
-0.0035093837265817384,-227.10572546894483
-0.0034409561820799256,-220.26297101876358
-0.003344539642377369,-210.62131704850788
-0.003216593065681091,-197.82665937888012
-0.0030551910039084895,-181.68645320161994
-0.0028603106766993767,-162.19842048070868
-0.0026336513686831104,-139.53248967908206
-0.0023783043992467736,-113.99779273544837
-0.002098953396257149,-86.06269243648589
-0.0018017003969256003,-56.33739250333104
-0.00149328443291907,-25.49579610267801
-0.0011799457535108294,5.82949815682427
-0.0008663239705100014,36.79743183683274
-0.0005550276006525585,66.20673363688071
-0.000247212314266472,93.17645269851663
5.642706599263142e-05,117.1825791827696
0.0003555513625676779,138.03763679177808
0.0006499381560079185,155.80678400221737
0.0009386812934773771,170.68863903647477
0.0012199550624726403,182.95719524957372
0.0014915595934834936,192.9434678410846
0.00175160683421494,201.00853015053875
0.0019988134620705844,207.50447358230286
0.0022323597820194364,212.74241770930266
0.0024514116509843794,216.97535575637824
0.0026546804372680377,220.39775138638342
0.002840240795178703,223.1549251478098
0.003005681247326027,225.35556479571179
0.003148344126184559,227.08110424639352
0.003265721366569949,228.3936438415416
0.0033558699181948947,229.34172803601632
0.0034176139730702684,229.96306322519618
0.003450446011781321,230.28461711026247
0.003454247458340702,230.16510262049113
0.0034288402621136787,227.6243829977888
0.003373414948860897,222.08185167251062
0.0032864411767390264,213.38447446032356
0.0031662851787407752,201.36887466049845
0.0030120463555533884,185.94499234175976
0.0028243923342028423,167.17959020670517
0.0026067277660510447,145.41313339152538
0.002365174783765106,121.25783516293154
0.002107453422323867,95.48569901880762
0.001841168256334691,68.85718241989002
0.0015723667694171972,41.97703372814066
0.001304920308384431,15.232387624864039
0.0010406922979141232,-11.172838615759414
0.0007800589013776663,-36.86145346528045
0.0005216223687025193,-61.418100553889396
0.0002624147815736374,-84.64419520300663
-1.0606517388263818e-06,-106.43168182598951
-0.00027153384119442197,-126.63225868880541
-0.0005500532574143192,-145.0229236498623
-0.0008355459715643439,-161.35797540053647
-0.0011241403950386381,-175.42672307696427
-0.0014094763203645676,-187.14350905204464
-0.0016837820674631672,-196.59409092932555
-0.0019394079662150574,-204.01459904025936
-0.0021708952412496647,-209.74103138189255
-0.0023759313362069186,-214.13276117241074
-0.00255510799634984,-217.51500191901326
-0.002710833776125209,-220.1503774877866
-0.002846207911725624,-222.2360764509611
-0.0029641117336397537,-223.911934633944
-0.003066538927216261,-225.27052798979295
-0.0031543672216947046,-226.36884509597607
-0.003227335333153472,-227.23757994321903
-0.0032841058248155633,-227.88749988758175
-0.003321686401076077,-228.3057561867717
-0.003335108914195513,-228.4528952212996
-0.0033183716278213224,-226.77916658388054
-0.0032664083035843445,-221.58283416018276
-0.003176981085080821,-212.64011230983044
-0.0030516279097819346,-200.10479477994178
-0.0028958002505894125,-184.52202886068957
-0.002717390847139084,-166.68108851565668
-0.002524141691404062,-147.35617294215453
-0.0023214816545479603,-127.09016925654436
-0.0021118033834976483,-106.12234215151315
-0.0018952710277151555,-84.46910657326387
-0.0016716371618077039,-62.10571998251871
-0.0014417398425528567,-39.11598805703399
-0.0012079119685077418,-15.733200652522497
-0.0009732518360087101,7.724527659789641
-0.0007403264031518707,30.79105997444539
-0.0005102180803690294,52.96054408854237
-0.0002824105398347101,73.94455218049741
-5.547897499975477e-05,93.60756281642796
0.00017220841222616542,111.88244300772084
0.0004017908769213743,128.70395213674192
0.0006333485270473249,143.9819338912596
0.0008657822806278851,157.62567638057982
0.001097031472144937,169.5851391928993
0.0013242985269461527,179.8719856184389
0.0015437139941681904,188.53996084960048
0.0017503602751819747,195.67793420772304
0.0019387722689192192,201.40782981139938
0.0021038575292761865,205.88042474356095
0.002242360608003159,209.27588425676214
0.0023535554237997095,211.78620671548282
0.0024389169119028646,213.5923053890079
0.00250106938430327,214.8449755395008
0.0025426454856641223,215.65484439721894
0.0025654478002780996,216.0897306177363
0.0025701474029716665,216.17855716876753
0.002556301155460332,214.79393241763407
0.0025223615675062034,211.39997362222118
0.002466447908616201,205.80860773322098
0.00238731885827088,197.89570269868886
0.0022849976066765926,187.6635775392601
0.0021608385309782848,175.24766996942932
0.0020171445460764317,160.87827147924403
0.0018566138098121774,144.8251978528186
0.0016818456467757711,127.34838154917799
0.0014949970768185052,108.66352455345141
0.0012976774521061417,88.93156208221507
0.0010910699570782815,68.27081257942903
0.0008760253014903046,46.76634702063136
0.0006530196202495649,24.465778896557396
0.0004222723758864935,1.3910544602502541
0.00018430066412095843,-22.328775916326073
-5.959454024691603e-05,-46.156410137574476
-0.0003070459632383892,-69.3648837388989
-0.0005549884300010608,-91.24293967742915
-0.0008010895276511929,-111.30088876574871
-0.001044511769098861,-129.33609511240968
-0.0012849550992555256,-145.3139801919124
-0.0015215742347336116,-159.264725349315
-0.0017525820291444413,-171.2549861632021
-0.00197542661417796,-181.3941283977814
-0.0021872243935838654,-189.83774712450753
-0.002385228064583626,-196.77735176668313
-0.002567091507738362,-202.41836401577638
-0.0027308888986792798,-206.95724960722254
-0.0028749816922978137,-210.5656824905929
-0.002997881304359628,-213.38390759322422
-0.0030982102645096972,-215.5212051949944
-0.003174753262262186,-217.05950655642752
-0.0032264874308608658,-218.056298662136
-0.0032526337352969483,-218.54736993656508
-0.003252731474371955,-218.28673630243622
-0.0032265549435085143,-215.66908321609216
-0.003173975034669836,-210.4110923322243
-0.0030951877924542976,-202.53236811067052
-0.002991604025989937,-192.1739914642344
-0.002866204320470043,-179.63402091224506
-0.002723088073711936,-165.32239623643434
-0.0025665707385560555,-149.67066272084628
-0.002400410558064607,-133.05464467170142
-0.0022271376278464065,-115.72735164988138
-0.002047060725290509,-97.71966139429162
-0.0018582544660139084,-78.83903546663157
-0.0016574785565313637,-58.761444518377104
-0.0014415235478052151,-37.16594364576225
-0.0012082363660611503,-13.837225471355755
-0.0009569473242491365,11.274781661363988
-0.0006883195932030117,37.74345159098375
-0.0004040234701728683,64.65443082472858
-0.00010706539780947554,90.88512988104439
0.00019813753803308882,115.3119601140298
0.0005061060137676342,137.0508757645383
0.0008109994750290222,155.62372043495458
0.0011073352772492941,170.97327526655647
0.0013905479776162054,183.35645304361384
0.0016574026802929562,193.20129287370054
0.0019059996383171554,200.97830883149604
0.002135546210764279,207.1215197029303
0.002345991005992389,211.99359630114338
0.0025377212515951134,215.8812968823828
0.002711341912519081,219.00444972257168
0.002867519660650971,221.52869536131078
0.0030068371498117134,223.5770965605989
0.003129565028873665,225.23837565104355
0.003235533935187102,226.5744363702609
0.0033241879390059756,227.62759787989316
0.003394704694527358,228.426048988807
0.003445901311140482,228.98510589753948
0.0034763184032044073,229.30935295607466
0.003484397632888233,229.3945107186697
0.003468633522539592,227.81809968380557
0.0034277643106400716,223.73117849385355
0.0033611092527924785,217.06567270909426
0.003269074790965956,207.86222652644202
0.0031530405893210223,196.25880636194861
0.0030146551757193906,182.42026500178545
0.0028551378077988692,166.46852820973334
0.002675117272469436,148.46647467679
0.0024750175397261556,128.45650140246195
0.002255837594808915,106.5385069107379
0.0020196382933124354,82.91857676108994
0.0017694367050166543,57.89841793151183
0.0015085753844677353,31.812285876619924
0.0012399357895829036,4.948326388136761
0.0009655039677430232,-22.39043198565247
0.0006865326888139131,-49.48548523317468
0.00040408497889743726,-75.52347005794103
0.00011954316717690745,-99.78154252566677
-0.00016511148379830547,-121.69457094391252
-0.00044745844163286306,-140.9241839038257
-0.0007248879696910932,-157.3752888311935
-0.0009942498043504088,-171.13227050054695
-0.0012517453384483293,-182.40044284929056
-0.0014931995132005495,-191.46033926337805
-0.0017144817039845873,-198.62505349091305
-0.0019118143490002542,-204.2011606495511
-0.0020819971283012493,-208.46285792544626
-0.0022225751841291976,-211.6400385625261
-0.0023318755039008735,-213.91480567614477
-0.0024088896450968167,-215.4222745268542
-0.0024533364820986292,-216.25826588045933
-0.002466655133380128,-216.50407790735227
-0.00245236118547838,-215.07468311717747
-0.0024156737616082523,-211.4059407301647
-0.002362545521472138,-206.09311671655325
-0.002298402271102368,-199.6787916795763
-0.0022267629841083627,-192.51486298017576
-0.002148542508899118,-184.6928154592513
-0.002062504853676591,-176.0890499369986
-0.001966450174380018,-166.48358200734128
-0.0018583895260472474,-155.67751717406423
-0.0017365982651423885,-143.49839108357835
-0.001599446680359748,-129.7832326053143
-0.0014455778387901647,-114.39634844835597
-0.0012742466291337216,-97.26322748271166
-0.0010858226288094047,-78.42082745027996
-0.0008823457712903887,-58.07314169837837
-0.0006687243741077176,-36.71100198011126
-0.000452682975849756,-15.106862154315104
-0.00024316974729578496,5.8416435627804235
-4.839131118317232e-05,25.21587568303802
0.0001254572462691898,42.22620900369805
0.00027493583279884526,56.50518661697783
0.0004011603738427834,68.23723211165286
0.0005097156411189013,78.04657909871179
0.0006087956869716244,86.7477386763421
0.0007066833367136427,95.08914987072251
0.0008099642916901914,103.59855019559294
0.0009226929130202423,112.52804831428077
0.001046021780730511,121.85281896658951
0.0011786476175216529,131.3490900578442
0.0013176980077753153,140.70658919138558
0.0014593627194326396,149.61040907689082
0.0015981028820539632,157.7231039410149
0.0017265777421896914,164.71273331782555
0.0018369367397322134,170.32782367791648
0.0019230240374248533,174.466519370271
0.0019827986390739,177.21937633369748
0.002018945570046752,178.83711656174123
0.0020374551937378292,179.6520077734286
0.0020446593549008556,179.96672181691622
0.002042487316006406,179.73653659341906
0.0020259032971350318,178.07813470628165
0.001984029252408224,173.89073023360083
0.0019051587049603808,166.0036754888165
0.001784133462352275,153.90115122800592
0.0016256595624754575,138.05376124032418
0.0014422645226026011,119.71425725303853
0.001248941140042849,100.38191899706332
0.0010583534477891614,81.32314977169457
0.00087810615984646,63.29842097742443
0.0007112996158264671,46.61776657542513
0.000558828266171054,31.370631609883816
0.0004205126301289236,17.539068005670774
0.0002949968242773778,4.987487420516199
0.00017846394839420008,-6.6635721881092485
6.403677631525276e-05,-18.069465153093024
-5.6624869068466496e-05,-30.002747805601103
-0.00019052810903988373,-43.062508845976026
-0.0003406089583675883,-57.38081451160124
-0.0005046605737922547,-72.53633080223298
-0.0006761482688531106,-87.71097943124572
-0.0008466119872427264,-102.02074066486857
-0.0010082753304736468,-114.81157406708715
-0.0011557042262297394,-125.77770106023024
-0.0012861597505271084,-134.91069235435302
-0.0013990059227173834,-142.3751108589303
-0.001496349449338895,-148.49032695847714
-0.0015826063282427503,-153.66089750309763
-0.0016631036844135774,-158.27872380549866
-0.0017425597956658779,-162.64360615157716
-0.0018237814583005071,-166.91095580040954
-0.0019072360522481256,-171.09546865674898
-0.0019913721617804483,-175.1141983288414
-0.002072862486558766,-178.82073534013466
-0.002144659440883686,-181.93943996897445
-0.0021956882048796804,-184.07467198092303
-0.0022128660068741674,-184.77855366961143
-0.0021849269518969647,-181.98464817189114
-0.002107796281231134,-174.2715811053081
-0.00198662799559911,-162.15475254210565
-0.0018339242364702314,-146.8843766292178
-0.0016654419857628693,-130.0361515584816
-0.0014962685317182096,-113.11880615401563
-0.0013380735888526864,-97.2993118674633
-0.0011981384104501592,-83.30579402721058
-0.001080195387819994,-71.51149176419406
-0.0009857073986761487,-62.06269284980954
-0.0009144872890985646,-54.94068189205113
-0.0008634664704925361,-49.83860003144829
-0.0008258193503687544,-46.07388801907011
-0.0007917033435939593,-42.6622873415906
-0.0007504550284584875,-38.53745582804343
-0.000693068106980224,-32.798763680217064
-0.0006139185074199326,-24.88380372418794
-0.0005111708168381563,-14.609034666010302
-0.0003856624141362985,-2.058194395824526
-0.00023919510860445634,12.5734740306453
-7.354544390880808e-05,28.992011483108218
0.00010842754954998824,46.69487133877988
0.00030162728634668817,64.90481609223004
0.0004986092697705666,82.6528868465826
0.0006907329711909243,99.00857390588942
0.0008699472061339387,113.31316915768592
0.0010304424553591435,125.29171750466242
0.0011694502021747685,135.0116003809841
0.00128668677948156,142.73238744243673
0.001382747166610717,148.73460216403288
0.0014576241289339525,153.2127920007979
0.0015107620972338966,156.28554083585254
0.0015416047296579571,158.02935313992262
0.0015501844549745214,158.50929361792794
0.0015375614894247735,157.24699706295317
0.001506127406251525,154.10358874562826
0.0014595501205206386,149.44586017253965
0.001402417841307556,143.7326322512314
0.0013397982356833414,137.47067168880994
0.0012768877909980628,131.1796272202821
0.0012183506205597136,125.32591017644717
0.0011670486737698888,120.19571549746469
0.0011233718195901865,115.82803007949445
0.001085764533730972,112.06730149357303
0.0010516927620915807,108.66012432963389
0.0010184443598776761,105.33528410824343
0.000983285763441084,101.81942446458422
0.0009421339534899383,97.70424346946966
0.000889065298239091,92.39737794438491
0.0008171742893563572,85.20827705611154
0.0007206263563478824,75.55348375526407
0.0005976871790789086,63.25956602836668
0.00045185841346803566,48.67668946727939
0.0002904815157748983,32.53899969796565
0.0001220312600048505,15.693974120960876
-4.596526030609082e-05,-1.1056289551649494
-0.00020797310909088175,-17.276696354068317
-0.000360693401615045,-32.37952411009473
-0.0005023363106067887,-46.158134104929
-0.0006315068019952465,-58.45422201161787
-0.000746697226736424,-69.15118122431487
-0.0008466415530633923,-78.19586364187123
-0.0009310609699495036,-85.64686214066327
-0.0010015255421964703,-91.72462698761699
-0.001061155947782923,-96.76243667354463
-0.0011132328019401833,-101.08025946736356
-0.0011598401326515088,-104.87822162486016
-0.00120152095734568,-108.22057633961143
-0.0012380154447677787,-111.10441115416862
-0.0012696584850730326,-113.57227685578415
-0.0012984662911807404,-115.7924419517184
-0.0013282601891166407,-118.06175073710568
-0.0013637588637246316,-120.72967592687515
-0.0014092615411594846,-124.09196711459397
-0.0014672232392112568,-128.28067467706026
-0.001536469092278254,-133.14560821942896
-0.0016116677980853977,-138.25638063002933
-0.0016842169494420598,-143.01688401167127
-0.0017446486181634786,-146.85504182378912
-0.0017848171121114245,-149.34257190922506
-0.0017991299259698297,-150.2166948753484
-0.0017847495165914467,-148.77865393751011
-0.0017409924224463242,-144.40294452299784
-0.0016686068464524023,-137.16438692360566
-0.001569499293888471,-127.25363166721253
-0.0014477116616502571,-115.07486844339113
-0.0013097649958814421,-101.28020186650964
-0.0011636816014927553,-86.67186242764095
-0.0010169633377304333,-72.00003605140877
-0.0008738819120201884,-57.691893480384266
-0.000734183285873519,-43.72203086571732
-0.0005938391016842669,-29.687612446792123
-0.000447429497216642,-15.046652000029633
-0.0002908289801922493,0.6132921287756751
-0.00012271173492157307,17.388984341676874
5.564250931417491e-05,34.985801028695924
0.00024151133218923223,52.90606460024402
0.0004307804168315337,70.5197788916575
0.0006183311495797558,87.17279388479257
0.0007989128772260061,102.3280639934582
0.0009679041084640522,115.65071774140701
0.0011216324325984972,127.00746458848786
0.001257755976014202,136.44141217072195
0.0013767208744637888,144.20455428597256
0.0014821693862058778,150.71219513359424
0.001580052174114116,156.4428549370798
0.0016769298230468123,161.82601396296909
0.001778357215037909,167.16133481429478
0.00188774978610329,172.58082364862693
0.0020058117267999823,178.0538598079946
0.0021305649771433954,183.4313952692656
0.0022574332743437835,188.49422343747426
0.0023797456605944406,193.00948301107894
0.002489493226984732,196.77302009401032
0.002578705943770004,199.64283102930875
0.0026409552186701865,201.54936463961874
0.002672497623151285,202.48636796474818
0.0026731063885832656,202.2735994551659
0.0026458856429407555,199.5515248909149
0.0025964803132933543,194.61099192617476
0.0025316986253915838,188.1328231359977
0.002457894485291615,180.75240912600083
0.0023795823473059387,172.92119532743317
0.00229901092421075,164.8640530179143
0.002216456408382368,156.6086014350761
0.0021300014460499408,147.9631052018334
0.0020361068758587737,138.57364818271668
0.001930971022750791,128.0600628719184
0.0018119218285892135,116.15514345576068
0.001678151959943223,102.7781565911616
0.0015308591308008667,88.04887367692601
0.0013736410817237516,72.32706876921449
0.0012119108656391928,56.15404716075861
0.0010515475905755562,40.11771965439497
0.0008974463726671648,24.70759786355582
0.0007526961243508525,10.232573031924588
0.0006182679967422138,-3.20916673359623
0.0004924284449411003,-15.76098018497193
0.0003710208247006787,-27.77849919118146
0.0002484405746599707,-39.75821443871791
0.000118947481929444,-52.18094125594228
-2.222339271789936e-05,-65.37838923465442
-0.0001782205353812462,-79.45704447913985
-0.0003503229741236374,-94.27785959199886
-0.0005377579638772644,-109.47197417652504
-0.0007366674309949733,-124.4335471545582
-0.0009399540402573259,-138.43842381045715
-0.001138208005821921,-150.83642275769944
-0.0013214176143976782,-161.2092045638455
-0.001480890363137177,-169.42164099258784
-0.0016106384977358993,-175.56804059450576
-0.0017078301820126697,-179.87165175440964
-0.0017725260462220923,-182.59910331344858
-0.001807799328912157,-184.04123204431528
-0.0018191330868367584,-184.4979877401132
-0.0018131903178500543,-183.90371084144277
-0.0017964349704417378,-182.22817610061108
-0.0017739529082458068,-179.979969881018
-0.0017485943580861586,-177.4441148650532
-0.0017207793923634095,-174.66261829277826
-0.0016889375792523407,-171.4784369816714
-0.0016495402418630033,-167.53870324273765
-0.001597917043262294,-162.3763833826667
-0.001529623360611141,-155.54701511755138
-0.0014417382181968086,-146.75850087611818
-0.0013335443642670522,-135.93911548314253
-0.0012062856458456782,-123.21324364100514
-0.0010622165986097995,-108.80633891741726
-0.000903615098095659,-92.94618886600321
-0.0007327848412995073,-75.86316318638804
-0.0005521900823853213,-57.80368729496944
-0.0003644802977082967,-39.032708827266994
-0.00017230943459390312,-19.815622515827638
2.1922359848733803e-05,-0.3924430715639483
0.00021633531875081514,19.008999784559567
0.0004098036423444826,38.06980502555563
0.0006018427357578253,56.51144962782734
0.0007922232374812175,74.11742731163405
0.00098066214418654,90.71195781321185
0.0011672688504252274,106.20121852822773
0.001352676955372717,120.57177763830938
0.001537565692829698,133.8377264668513
0.0017220864819134033,145.99717175495775
0.001905619622289551,157.02826031592883
0.0020867032948179375,166.90138779167592
0.002262506142068326,175.56836268840064
0.002428964217175292,182.9876256225487
0.0025815019836248226,189.15704151456495
0.002715932653205668,194.12820788323032
0.0028290406148637395,197.99446433243963
0.0029187732859732537,200.86796795291053
0.0029840762626293124,202.8566430380197
0.003024492441916015,204.04576907113145
0.0030398105007027956,204.48832680231976
0.003029844535143312,203.49173024637142
0.00299442640337711,199.94991706975122
0.0029335508482309825,193.86236155513848
0.0028476916970322135,185.2764464352616
0.0027379535077055018,174.30262750259038
0.00260590141556793,161.09741828883324
0.0024532489408887817,145.8321708209184
0.002281511355707646,128.65841230280483
0.002091817696431877,109.68904637522796
0.0018849372686789339,89.00100359993361
0.0016614147579259806,66.64875252463828
0.001421733508592061,42.68062759124632
0.0011664318051014182,17.150457242182043
0.0008964639421654375,-9.833129718389328
0.0006132341287311455,-37.762857065816995
0.0003182922361296954,-65.66268070721416
1.3033336053679576e-05,-92.52857954066492
-0.0003013883747776628,-117.49274145529303
-0.0006238368994817473,-139.9150017966429
-0.0009528995902515227,-159.42353420146722
-0.0012867998875715416,-175.9179502131067
-0.0016238738679654001,-189.54468180859143
-0.001962890565692716,-200.61752911093046
-0.0023030748328199562,-209.52465849027507
-0.0026436139472200363,-216.65134504922293
-0.00298202277809757,-222.3248243512372
-0.003313382496555273,-226.8125193710367
-0.0036306863382477915,-230.33709969250157
-0.00392593054058866,-233.08500247359126
-0.004191229327573323,-235.20782539998376
-0.00441976945603816,-236.82401586733747
-0.004606322721992382,-238.02217330130307
-0.0047473628040096165,-238.86600089331364
-0.0048410462208895765,-239.40022746168071
-0.004887003772613843,-239.65520596313254
-0.004886098653481859,-239.06244142886007
-0.004840385185572328,-234.491094637907
-0.004753894261937613,-225.84200227443543
-0.004632345519968507,-213.68712807752485
-0.00448156046070654,-198.60862215132812
-0.0043062628851424836,-181.07886459492252
-0.004109593315117397,-161.41190759241388
-0.0038928088266465964,-139.73345874533382
-0.0036547099621229507,-115.92357229296924
-0.0033923851477615226,-89.69109085682643
-0.0031029708113897454,-60.74965721964872
-0.0027851582423387713,-28.968400314551303
-0.002439506949334137,5.578790528252098
-0.002067660666848508,42.036861326169145
-0.0016716307931649457,78.33510025740026
-0.0012530810359008136,112.2867301156269
-0.0008134054233347985,142.15000639925256
-0.00035463481423335093,166.92791278392528
0.00011948207330949364,186.42898621481106
0.000603050619904137,201.11889342007132
0.0010886829341689587,211.8598727322242
0.001568697160778435,219.6054724602956
0.0020366251616680655,225.2131060230158
0.0024881850521078263,229.35302857926948
0.0029213316204935286,232.50409875726692
0.0033356234123469853,234.98972607036998
0.003731248698075482,237.02089000342625
0.0041079750523491795,238.73139463987818
0.004463941165740723,240.20144459843092
0.004795213797789156,241.47489711707735
0.005096104486197073,242.57174187630164
0.005360065413189591,243.497583555958
0.005580751304568994,244.25075440400053
0.005752971452355756,244.8275563261257
0.005873436063022196,245.2260826445376
0.005941040274616639,245.44812776873857
0.005956720593561696,245.49226911349587
0.005923223186908297,242.14252844815599
0.005845659893661787,234.386199123505
0.0057315233649077755,222.97254624810387
0.005589490967670052,208.76930652433148
0.005426854269251849,192.50563668251124
0.005247174549066253,174.53766466395163
0.005049937463422059,154.8139560995323
0.004830657910114284,132.88600076875474
0.004583231384800676,108.14334823739394
0.004303248451677657,80.14505492509207
0.003990090861276827,48.82929588500902
0.003646374281793967,14.457637936723058
0.003275937192787156,-22.370292825302535
0.0028824021855306105,-59.76726068516876
0.0024681770549531664,-95.395308620565
0.002034624840496442,-127.30432634338217
0.0015830730131084119,-154.2631509609434
0.0011152000710718786,-175.8907652965355
0.0006336528899463995,-192.50716767286005
0.00014297761354792524,-204.85802169926555
-0.0003504340108578483,-213.85115805805606
-0.0008393074469007516,-220.35990253407604
-0.0013168328627853304,-225.11788432605857
-0.0017780246766761797,-228.68108586095238
-0.002220090670450233,-231.44051639449142
-0.0026414350786565137,-233.65506630957034
-0.003040403416110904,-235.48868488472462
-0.003414333438211246,-237.0407324033167
-0.0037592953448959787,-238.3682171685666
-0.004070562403146734,-239.501793463514
-0.0043434739308534824,-240.45714312806396
-0.004574286506467079,-241.2428175528643
-0.004760765379454597,-241.86531301087985
-0.004902715181177244,-242.33289390605404
-0.0050019735299690875,-242.65699886268163
-0.005062002749496554,-242.8519652252982
-0.005087266540982339,-242.93379496444038
-0.005082557727794001,-242.32307651480207
-0.00505246004643066,-239.31330837846795
-0.005000742179106533,-234.14152164605525
-0.004929930292103935,-227.0603329457954
-0.004840481859392095,-218.11548967461144
-0.0047294031120385955,-207.00761493926152
-0.004590517971120447,-193.11910084744665
-0.004416538870313334,-175.72119076673533
-0.004202803040934224,-154.34760782882432
-0.003950034699725805,-129.07077370798245
-0.0036649510315255956,-100.56240688796153
-0.0033577523494271277,-69.84253867811475
-0.003037886490332518,-37.8559527686538
-0.0027104445554980744,-5.112688181124038
-0.002375140411401906,28.132508455981807
-0.0020282153387380206,61.060321115785406
-0.0016661467616885918,92.59705439387595
-0.0012890248064295492,121.46007458473139
-0.0009011515496749737,146.4920960464503
-0.0005093589945314074,167.09183796679633
-0.00012048473812502884,183.35345830429662
0.0002604756806088282,195.8623104281985
0.0006308731192967652,205.38384374684804
0.0009897470661608385,212.6396313967266
0.0013366399781304524,218.2123490125049
0.001670471998080295,222.5361061849656
0.001988628425791819,225.92017674697377
0.0022869269281360536,228.58328409681673
0.0025603329239665736,230.68228046295462
0.002803976644247877,232.33176492906463
0.003014013456035689,233.6166845486118
0.003187995852994247,234.60021064177818
0.003324867851493489,235.3293963200851
0.0034246867393621754,235.83911094240895
0.0034882978313117512,236.15500274112136
0.003517111149207053,236.29592090835445
0.0035129614272473493,235.6986566714219
0.0034780726801636828,232.2097819630553
0.003415044009209563,225.90691486764334
0.003326050507739156,217.0075647206026
0.0032117576850576365,205.57828245245065
0.0030714445117859535,191.54696512528236
0.0029043774982121275,174.84026376789976
0.0027116406630688676,155.56658025357376
0.002497145818166105,134.1170957632975
0.0022671848839460724,111.12100234129424
0.002028872858386292,87.2897997853162
0.001788159028984871,63.21841684517412
0.0015484313626690624,39.245650213593265
0.0013102044018968597,15.422954136372994
0.0010715655197800517,-8.430845285927782
0.0008295357631673132,-32.368380987594456
0.000581752939394073,-56.12828663408886
0.0003275019642169927,-79.26196469877151
6.731622654757775e-05,-101.2402336660607
-0.0001978213798290236,-121.59565168524543
-0.00046717437390213473,-140.01996441445922
-0.0007403390541799124,-156.37022766832885
-0.0010168992993301652,-170.62790899935848
-0.0012958043668984238,-182.85051989366957
-0.0015747403519767867,-193.14149704410346
-0.0018500065813344038,-201.64687447635208
-0.002116825180113467,-208.55261053476335
-0.002369787689766877,-214.06898859593497
-0.002602401416578014,-218.3932119187883
-0.002807159757732257,-221.6950025040533
-0.0029762246235058958,-224.11396121199243
-0.0031028217567862326,-225.76468270661988
-0.0031838225836214313,-226.75528917793986
-0.003220931576932898,-227.1930643885768
-0.0032200898662997517,-227.1088933252622
-0.0031898196194431617,-224.0818686396032
-0.0031395507148210995,-219.05497817739698
-0.0030777775814964307,-212.8776648449301
-0.0030097158047013265,-206.07148716541968
-0.002935724183732214,-198.67232506850843
-0.0028507808419936647,-190.17799089465348
-0.0027468187080936213,-179.78177750464914
-0.002616280406981573,-166.72794739344428
-0.0024548350612257543,-150.58341281786244
-0.0022623802664176727,-131.33793333705427
-0.0020424810398644356,-109.34801068173056
-0.0018022255129905797,-85.32245799434496
-0.0015509505516099103,-60.194961856278034
-0.0012981077664854896,-34.91068334383597
-0.0010511925904703656,-10.219165742323568
-0.0008144687176806736,13.428891352884312
-0.0005884747897132971,35.71076059794891
-0.0003693553010656995,56.67803263608196
-0.00014986763139173572,76.74272165128004
7.813914415814236e-05,96.32691429686953
0.00032087938794771745,115.54585891422755
0.00058054828217149,134.08943706817394
0.0008550653438368862,151.3735178100051
0.0011391287521741798,166.81488455661489
0.0014259069769643464,180.05497885063303
0.0017083452226429733,191.02151913071842
0.0019799409735525453,199.86745649960685
0.00223500792601333,206.86688429054283
0.002468671119630479,212.32596192163447
0.00267702931405208,216.53363279001272
0.002857176409578383,219.73659974588546
0.0030068519723934943,222.12781102863497
0.003124336820096398,223.85083172281276
0.0032084538532821546,225.0082726428886
0.0032584895184896525,225.66844069703265
0.0032739164404506013,225.8678807736504
0.0032540335904984183,223.8795957784321
0.0031980889128534026,218.28512801393052
0.003105915168014104,209.06775353000063
0.0029784489954511615,196.3211362737064
0.0028180183435343024,180.2780710820205
0.002629151680534676,161.39140478205783
0.0024188870280981603,140.36493953840625
0.0021960174860302163,118.07798533161186
0.0019695296872260072,95.42920545119095
0.0017469857124282778,73.17480797141803
0.001533388680936978,51.815104822288035
0.0013309636093431277,31.57259766290302
0.001139687114815778,12.444948210168063
0.0009580504747118641,-5.7145430637981205
0.0007838936923948803,-23.028618213905023
0.0006150562379084322,-39.55364127478492
0.00044948356649382194,-55.35994740678488
0.0002840658829926071,-70.62565010378621
0.0001142697750005165,-85.63215444974571
-6.51003423212526e-05,-100.64917177175103
-0.00025851219412503795,-115.78611924538261
-0.00046867393453737936,-130.91978547937947
-0.0006959284739153545,-145.71003445937242
-0.0009376814840146274,-159.67155591143674
-0.001188547641011012,-172.31670437284927
-0.0014407554285786482,-183.28000765776352
-0.0016853252633514946,-192.3998917215729
-0.0019144036559632497,-199.74418041106125
-0.002122277399892387,-205.52491963136757
-0.0023030653447636096,-209.94893853875752
-0.002449425715202383,-213.16377799542047
-0.0025547510995697926,-215.2929407970598
-0.0026156592227276516,-216.45867432904058
-0.0026327740228268485,-216.77795761891517
-0.0026101105411966458,-214.51160945589487
-0.0025536741777902536,-208.86797311525564
-0.0024697291319905144,-200.47346853528174
-0.002363506517952229,-189.85120713145318
-0.0022387216333171977,-177.37271866795007
-0.0020981864353127673,-163.31919886750703
-0.0019450362521013886,-148.00418054636916
-0.001784357618083336,-131.93631714456393
-0.001623386594141201,-115.83921475035042
-0.0014703945678709123,-100.54001212332156
-0.001332808646306732,-86.78141996690354
-0.0012155149803503107,-75.05205337126141
-0.0011201016533944222,-65.51072067567254
-0.0010451279090666473,-58.01334624289506
-0.0009872642736122328,-52.22698269745361
-0.0009425067269087497,-47.7512280271053
-0.0009065827548730816,-44.1588308235385
-0.000873761673379865,-40.87672267421683
-0.0008363315025440856,-37.1337055906389
-0.0007856341354918805,-32.06396888541838
-0.000714229359831406,-24.92349131937093
-0.0006179619448851974,-15.296749824750071
-0.0004969919251228742,-3.1997478485177444
-0.000355260278483516,10.96233008620585
-0.00019881971425011566,26.4890048929604
-3.39726879728644e-05,42.59225076320469
0.0001339678871668766,58.58122355384496
0.0003007393919006638,73.91109408337607
0.000462469294861127,88.14992423851484
0.0006149688757957907,100.93507554394736
0.000753358168891397,111.9536865700664
0.0008716431505313634,120.90963090488648
0.0009633470628452321,127.55226021097506
0.00102293690745963,131.72622565297044
0.0010472201088027172,133.39482492019619
0.0010360804171490826,132.28085575483274
0.0009923262924710307,127.90544328702752
0.0009208525243902633,120.7580664789508
0.0008277805770247835,111.45087174240281
0.0007206913075938548,100.74194479930993
0.0006085925325831787,89.53206729824234
0.0005011800057102252,78.79081461094698
0.0004075761260433277,69.43042664425722
0.00033514681158086965,62.18749519801141
0.0002884345477230864,57.516268812233086
0.00026806116827086626,55.47893086701107
0.0002706965457266455,55.72769723790606
0.00029004755680961565,57.550317856607705
0.00031866650961135366,60.2325863497889
0.0003497122672992319,63.123747886130325
0.0003778032189323881,65.72247522532872
0.000398812490964175,67.65500247197009
0.000409156058208378,68.60289324963884
0.0004054498951029875,68.23227693909979
0.0003847307340751653,66.16036083631758
0.00034526657877937333,62.21394530673838
0.0002873579766985029,56.42308509865134
0.00021371986323351133,49.05927375215219
0.00012901652724127072,40.588940152928124
3.855178692817421e-05,31.54246612161847
-5.285995086685644e-05,22.401292342115404
-0.00014119711136918357,13.567576291882693
-0.00022310527849906804,5.376759578894245
-0.000296296307479768,-1.9423180476988258
-0.00035958478715313936,-8.268787590868042
-0.00041253763211626524,-13.554450298963905
-0.00045496460159142205,-17.780688056992
-0.00048617317535196207,-20.88279167639698
-0.0005048449184002075,-22.735560429536488
-0.000509592733387209,-23.20626411096874
-0.000499920384912484,-22.23902926349623
-0.0004775737733726801,-20.00436810951584
-0.00044661609964313033,-16.908600736560864
-0.00041134140341044444,-13.381131113292275
-0.00037450067799122517,-9.697058571370347
-0.0003368436960986707,-5.9313603821149
-0.0002979785751636291,-2.0448482886107393
-0.0002575943046806292,1.993449819299504
-0.00021632220710368633,6.118805771534744
-0.0001758930952780996,10.15587370888769
-0.00013833512003749967,13.90063886642291
-0.0001049332986306719,17.22494731211244
-7.586265909764288e-05,20.112507614950182
-5.178689170191546e-05,22.499293232855496
-3.502132172425256e-05,24.158619106706
-2.9231427357165913e-05,24.73109862567606
-3.7688899886562655e-05,23.88535137273639
-5.992648546407113e-05,21.66159281498554
-9.026824844024659e-05,18.627416517367998
-0.00011926521283302074,15.72772007809058
-0.00013689677947375321,13.964563414017334
-0.00013555873121336677,14.097073997989662
-0.00011189337110681903,16.452775639252497
-6.78909057405896e-05,20.82352922529462
-9.834784095076068e-06,26.567397081078695
5.4125342955637875e-05,32.85807373733508
0.0001163247410610171,38.930170462461454
0.00017061588032849632,44.187597816137014
0.00021243999776825376,48.20738248812405
0.0002393039261902757,50.774253128259
0.0002507280902945504,51.862100374235276
0.00024781684780630545,51.57097612541077
0.00023269145030747985,50.05843637552822
0.00020801953149290631,47.591244494070864
0.0001765083745440854,44.44012879918877
0.00014039161735376164,40.82845308015639
0.00010111819722022635,36.90111106680287
5.9396793880360625e-05,32.72897073281629
1.560841227272148e-05,28.35013257205238
-2.963714027336691e-05,23.825577317443543
-7.500343817905082e-05,19.288947526875152
-0.00011821848421738193,14.967442923042041
-0.0001565075361914266,11.138537725637573
-0.00018797205062808363,7.992086281971871
-0.00021255081514731165,5.534209830049069
-0.0002320203453089743,3.587256813882803
-0.0002491698748971675,1.8723038550634827
-0.00026672824246938527,0.11646709784170653
-0.000286335609710484,-1.8442636756010422
-0.00030742469816527737,-3.9530000547947046
-0.00032725172341836425,-5.935101318131948
-0.00034191512844113363,-7.400559014650933
-0.00034782999386131564,-7.991555278644839
-0.0003429218213549613,-7.500738028009406
-0.00032701816174517416,-5.91037206703069
-0.00030155885319888475,-3.3644412124017498
-0.0002689878537946729,-0.10734623218584322
-0.00023286127914766484,3.5048368905071245
-0.00019761597300844367,7.027003960948999
-0.0001677463818213974,10.00934069548341
-0.00014680595883942237,12.09817665477581
-0.00013660006006227242,13.115529302438542
-0.00013677158276584637,13.098377032081148
-0.0001444243702145517,12.333098287210614
-0.00015473171817108347,11.30236349155744
-0.00016237755648120626,10.537779660545159
-0.0001632730114330161,10.448234165364177
-0.00015631429278001893,11.142454205512848
-0.000143676719329098,12.402684219265613
-0.00012958199503548674,13.807346618215927
-0.00011841589037990029,14.919429001555581
-0.00011325413213063245,15.4332824764801
-0.00011521255738699231,15.237439950844117
-0.00012312451925383926,14.446243764159421
-0.00013418699438790837,13.339996250752511
-0.0001450984405065555,12.2488516388878
-0.00015324140190062823,11.434555499480524
-0.00015780901437509662,10.977794252033688
-0.00016005535234038407,10.75316045550494
-0.0001628070358339302,10.477992106150326
-0.00016963261872129478,9.795433817413869
-0.00018424505634757657,8.33419005478569
-0.00020983299904783382,5.775395784759965
-0.0002477102764784504,1.9876680416983097
-0.0002965783159507711,-2.899074515281691
-0.0003525880032387838,-8.497452005248391
-0.00041018253388591577,-14.245378456664383
-0.00046318458404628237,-19.52136702310451
-0.0005059939494926623,-23.769604941608247
-0.0005346749002715869,-26.60777457943195
-0.0005474224680476719,-27.86691542717093
-0.0005443906333137365,-27.56373195377739
-0.0005272240320284773,-25.847071825251465
-0.0004993127824009007,-23.05594686249381
-0.0004653934992639618,-19.66401854879992
-0.0004303258309400015,-16.157251716403888
-0.0003978400364307167,-12.908672265475406
-0.00036998109099231364,-10.122777721635103
-0.0003471274472682289,-7.837413349226628
-0.00032786691511036813,-5.911360133440554
-0.000309500155684074,-4.0746841908111415
-0.0002889406350198354,-2.0187321243872782
-0.0002635194296121596,0.5233745536837259
-0.0002312591228360072,3.748857155880351
-0.00019077308523917264,7.794263476381986
-0.00014108844543466007,12.751787140268407
-8.154848818947241e-05,18.676845082771642
-1.19190619714512e-05,25.57484191413839
6.728109593518915e-05,33.36642002060386
0.00015400105737074581,41.81269238216537
0.00024455786600566183,50.516204575932335
0.000334391243676923,59.01125670238094
0.0004192412679704551,66.8899009650368
0.0004961165792162927,73.89304986816883
0.0005636050663129522,79.92663018141407
0.0006215275998408892,85.01448021927779
0.0006703883923147769,89.23841541114945
0.000711480825838885,92.74104385102372
0.0007468893917589734,95.72181605468539
0.0007791576790397242,98.40750306009038
0.0008107561453176854,101.00857538364214
0.0008434750587861655,103.67133812539905
0.0008780409669381171,106.45020060252152
0.0009141617031013778,109.3160153660556
0.0009507316632747974,112.17738735023133
0.0009856578849365713,114.87209389566665
0.0010160594119177492,117.18716806512515
0.001038829528977438,118.90237258760607
0.0010514282145499085,119.84446627413656
0.0010526761725946747,119.9375157490191
0.0010428469737610118,118.9545958656528
0.0010227349325068105,116.94339174023268
0.0009925908039198925,113.92897888154087
0.0009516232325392348,109.8322217434751
0.0008984933301051164,104.51923150006327
0.0008332995129595484,97.99984978550647
0.0007587385971417368,90.54375820372532
0.0006797533972610576,82.64523821565739
0.0006020640186524337,74.87630035479499
0.0005305313719202627,67.7230356815779
0.00046817453255651063,61.487351745202695
0.0004162173085775299,56.291629347304614
0.00037460457416459576,52.1303559060112
0.00034142204038352364,48.81210252790399
0.00031280366349708936,45.95026483926057
0.00028356885928101575,43.026784417653204
0.00024829056963962315,39.49895545351395
0.00020246902065651384,34.91680055520301
0.00014330537995807088,29.00043648535872
6.985908337352534e-05,21.655806826904165
-1.6981201325865205e-05,12.971778356965114
-0.00011370889574526037,3.2990089150255972
-0.00021448056166137888,-6.7767827404660155
-0.00031311038034610266,-16.61645753531008
-0.00040504031922340374,-25.738960170765907
-0.0004882358687253588,-33.9315392351839
-0.0005628657202485366,-41.2133735987186
-0.0006302698742994462,-47.72411420124621
-0.0006917371150954005,-53.598570447094176
-0.0007475372221505233,-58.87368217909126
-0.0007968572163245154,-63.48647255586669
-0.0008385198517378414,-67.34429664191086
-0.0008718159999208103,-70.40057162746204
-0.0008968213775246832,-72.67956850737833
-0.0009142228384007054,-74.25709353132319
-0.0009249939593537598,-75.23001153589512
-0.0009300708995184127,-75.68764664832848
-0.000930253226420056,-75.70407023938604
-0.0009261989383040286,-75.29864142778331
-0.0009180656891958098,-74.48531651696142
-0.0009053443925505453,-73.21318685243497
-0.000886869443553305,-71.36569195271093
-0.0008611557094086917,-68.79431853824961
-0.0008273052324665256,-65.409270844033
-0.0007855171318195744,-61.23046077933788
-0.0007370900276961812,-56.38775036699857
-0.000683939616780342,-51.07270927541465
-0.0006280852342441504,-45.48727102179548
-0.0005711824183740519,-39.796989434785644
-0.0005141936635017016,-34.098113947550615
-0.0004573062438255206,-28.40937197993251
-0.0004000198626467989,-22.68073386206034
-0.0003412149480800789,-16.800242405388342
-0.0002787004296688824,-10.54879056426869
-0.0002093176631244631,-3.6105139098267616
-0.00012971715526630654,4.348904403415653
-3.756112407419073e-05,13.548797923268705
6.71515213015363e-05,23.94996722592098
0.00018175861519368114,35.225802240171625
0.00030172614418498377,46.85587587769247
0.0004221022281674916,58.29492825079511
0.0005387753148400731,69.11523151829525
0.0006490496858279483,79.06405676966838
0.0007513482880583335,88.0253042329908
0.0008445515046931267,95.94757352564065
0.0009275328961899869,102.79572551932692
0.0009991003693349822,108.54051499257513
0.0010583318152844346,113.17895592724186
0.0011049675014070037,116.7556767260698
0.0011396207338702472,119.36991479446579
0.0011635509164272663,121.15340400552442
0.0011780288327547241,122.22374043618021
0.00118394678829147,122.65935839375445
0.0011822884962068593,122.49266106612527
0.0011743959102889136,121.70340247433069
0.001160938047458234,120.35761619126272
0.0011411673710323316,118.3805485486725
0.0011131195079019617,115.57576223563548
0.0010743617203664436,111.69998348208368
0.0010225815484897907,106.52196629441839
0.0009561464927482009,99.8784607202594
0.0008752714522989609,91.79095667533541
0.0007822484284106133,82.48865428650065
0.0006807045763608388,72.33426908152319
0.0005744468058843083,61.708492033870144
0.0004666994088835203,50.93375233379134
0.00035979730951713737,40.24354239715304
0.0002551902576050018,29.78283720593949
0.00015365338296632322,19.629149742071633
5.542413783822867e-05,9.806225229262179
-3.978432516052887e-05,0.28537892938642506
-0.00013303360653898593,-9.035417548781423
-0.00022601087684662164,-18.302037030618216
-0.0003203322430968959,-27.646498104692597
-0.0004166990081984321,-37.10590545781375
-0.0005143527047140381,-46.57166910607316
-0.0006111613932712091,-55.80825338519005
-0.0007043538832813395,-64.53691529623885
-0.0007914370844931235,-72.52976382276077
-0.0008709823146912476,-79.67880557390227
-0.0009427715265815105,-85.99686848106113
-0.0010074549940628475,-91.5745637547036
-0.0010657235134948631,-96.50171298271545
-0.001117029211170144,-100.76113863224457
-0.0011591135452439178,-104.19842613608995
-0.0011885051328201447,-106.56823996626193
-0.001201627848660943,-107.6180469947607
-0.0011957322068291841,-107.02848281158482
-0.0011693455899187593,-104.38982112054234
-0.0011221621868527007,-99.67148081393648
-0.0010546049982285912,-92.91576195152552
-0.0009675648340995339,-84.2117455386198
-0.0008625288298164085,-73.70814511030724
-0.0007424244626279529,-61.69770839146168
-0.0006119173146531628,-48.64699359398268
-0.0004767769089455109,-35.13295302321749
-0.00034255408536211615,-21.71067066487801
-0.0002130868018663864,-8.763942315305037
-8.990025980515335e-05,3.5541513153970814
2.6867544966394533e-05,15.20901945404529
0.00013752550346845757,26.18640122536002
0.00024360227485983548,36.60413008275915
0.0003481276143807923,46.73040035976969
0.0004542475836924879,56.833706156833294
0.0005639568261329968,67.05488095059158
0.0006777689633418624,77.38191034862109
0.0007950899140195286,87.69787704986602
0.0009148089335859217,97.84802462970448
0.0010358206222437153,107.69386849566412
0.0011573612111810815,117.14248225319942
0.001278917452052642,126.13583831941523
0.001399875042228829,134.62275551575607
0.0015192175752491643,142.5411975589788
0.0016355125128902752,149.82391664278384
0.0017471038407057646,156.41463034150095
0.0018523439681016611,162.28032941767276
0.0019497126916087919,167.41200332135762
0.0020376210043848695,171.8077856706649
0.002114236135802134,175.46029522938443
0.0021774872636815745,178.3537098217078
0.0022252511012401037,180.46727571378992
0.0022556070631649786,181.77921413889442
0.0022671111421814086,182.27012101336715
0.0022590512718932065,181.46413398454692
0.00223168841238995,178.72784803422132
0.0021863529301146016,174.19429980668647
0.0021250744141701177,168.06644821223807
0.002049744057203453,160.5334125155716
0.0019615667695829036,151.71568375351669
0.001861007790892751,141.65978588450142
0.0017481560732217922,130.37461411740554
0.0016231553671325787,117.87454350848418
0.001486488653817028,104.20787217692913
0.0013390176633450363,89.46077312972994
0.0011817078386752702,73.72979066275333
0.001015231129016198,57.08211969684611
0.0008398832356772187,39.547330362948166
0.0006564237998012291,21.201386775349217
0.0004666240372758299,2.221410522809295
0.00027315065076734794,-17.08897646704119
7.892509218862694e-05,-36.23248033982677
-0.00011356433346422615,-54.728621392321415
-0.0003026782254535065,-72.23394029291657
-0.00048759298135106255,-88.5487196735075
-0.0006679107522487137,-103.57459251990407
-0.0008432911612220701,-117.27254492818625
-0.0010132117735034535,-129.63623909593557
-0.0011769218475543397,-140.683828975174
-0.0013336043276168724,-150.46280567830757
-0.0014827907729450935,-159.06383433708757
-0.0016244337548587619,-166.60737374207986
-0.0017585376623485284,-173.21150181257255
-0.0018846534781155673,-178.96566830986282
-0.0020015528096607752,-183.92276985779932
-0.002107201826654818,-188.1063177740795
-0.002199022412817482,-191.5245366292106
-0.0022743498223615,-194.18422726602518
-0.0023309407040179664,-196.0999209481771
-0.002367337275040872,-197.2957397069554
-0.002382931840121091,-197.79958651830674
-0.002377811166065069,-197.2875191127045
-0.0023525589662056474,-194.76229912676234
-0.002308084418675437,-190.3148443737413
-0.002245506477099791,-184.0570502161767
-0.0021661568755099725,-176.12209005719487
-0.0020716055727499284,-166.66695978119046
-0.0019635513466195434,-155.86153716815193
-0.0018433555807440508,-143.8419605806027
-0.0017117732913004688,-130.68373163624446
-0.0015690789528184132,-116.41429778803892
-0.0014154733463853729,-101.05373714473488
-0.0012515120013027066,-84.65760263646825
-0.0010784710442066085,-67.35350692685846
-0.0008988158868002353,-49.387991186221136
-0.0007160705478316359,-31.1134572893612
-0.000534152152382532,-12.921617744450813
-0.00035651364799226557,4.8403011088292915
-0.0001855743935179842,21.86283433795895
-2.246472092934496e-05,37.88974018013708
0.00013323508996402472,52.8597374359338
0.0002832228331471611,66.8703565826038
0.00042988151087567343,80.09521006090435
0.0005755768023392803,92.69928199542994
0.0007221310631062757,104.78555626856622
0.0008705448400083007,116.37760931724814
0.001020879618836788,127.42602122417524
0.0011721971070120746,137.82578236763132
0.0013221281165597687,147.4140720487411
0.0014668938775341592,156.00329487872636
0.0016018878503179436,163.4346370779322
0.0017225095941285917,169.61768636815614
0.0018249514744276992,174.54198805192883
0.0019068117023797512,178.26865328138175
0.001967834641894406,180.9300602892246
0.0020098520171318067,182.7061050275521
0.002035955942166244,183.78673247417328
0.002049423457236754,184.33750738488473
0.002052878684697207,184.47807936271326
0.0020477424751706094,183.9644584100535
0.0020334827720670623,182.53848809969875
0.0020076998827404037,179.9601991670329
0.001967126241656902,175.90283505868274
0.0019089590811394788,170.08611900694044
0.0018318250569071494,162.37271658370747
0.0017360914694563296,152.7993578386255
0.0016237597323825125,141.56618413124377
0.0014978820609252252,128.97841698551505
0.0013618675670481583,115.37696759780837
0.001218902392805444,101.08045017353692
0.0010716335886124403,86.35356975423656
0.0009220626229676158,71.39647318975412
0.0007715210597588073,56.34231686887327
0.000620707572341681,41.26096812716064
0.0004697747522893183,26.167686121924373
0.00031850920439805157,11.041131332797706
0.00016660347698901312,-4.148419806463504
1.3926986956362626e-05,-19.36958471587764
-0.00013931691848903128,-34.48403548324452
-0.0002926007559272942,-49.319826228431815
-0.0004452498493426189,-63.704208316267206
-0.0005966583179251285,-77.49211497701634
-0.0007464427736029667,-90.58342697394171
-0.0008943630686320796,-102.91462499442017
-0.0010400506769222104,-114.43479297160042
-0.0011827059850596814,-125.08496110554526
-0.0013209141379088498,-134.79263455777365
-0.0014527367506192177,-143.4869333520931
-0.0015760087439485452,-151.12049776556879
-0.0016887469080040243,-157.68738145643945
-0.0017895005649107695,-163.2280692895848
-0.0018774883879062567,-167.81947999004862
-0.001952501835619972,-171.55634612445346
-0.002014635690536583,-174.5308601868373
-0.0020640145714514546,-176.81843108506274
-0.00210059710485653,-178.47039566225544
-0.0021241258382702806,-179.5139149347976
-0.0021341484112566166,-179.95395603131047
-0.0021298100270476694,-179.52011761041575
-0.002109903990280947,-177.52951393374352
-0.0020732823066867173,-173.86734557432055
-0.0020193489078426823,-168.47400568991708
-0.0019483449950690617,-161.373614412555
-0.0018613495567223783,-152.67407057788668
-0.001760099011882634,-142.54901609391223
-0.0016466326408429016,-131.202378989939
-0.0015229535596168748,-118.83447086733634
-0.0013908661695867205,-105.6257318643209
-0.0012523101207668062,-91.77012698232949
-0.0011094785070960593,-77.48696561525479
-0.0009644942934441975,-62.9885442500686
-0.0008189682687769933,-48.43594178334818
-0.0006737640446283135,-33.9155193684802
-0.000528927320954974,-19.431847001146245
-0.00038333133834489186,-4.872248740138035
-0.00023487979387385742,9.96540985371114
-8.124555518073229e-05,25.229793474419733
7.935718463563638e-05,40.95537266990336
0.0002478574139037969,57.05741915443463
0.00042422636598741007,73.32877931569439
0.0006069374075272418,89.4157574621699
0.0007929288163662683,104.86679517033994
0.000978044969050381,119.23097624231961
0.0011577263147947955,132.1552267509266
0.0013275251359126214,143.42849536438382
0.001483471948553606,152.98024523999035
0.0016223017317010867,160.85019139617415
0.0017415494969990465,167.14738092442857
0.0018396768679186312,172.01885295276585
0.0019160466437537311,175.62232069638097
0.0019707550711926384,178.10536843536997
0.00200445559160015,179.59493282499542
0.0020185541172356176,180.2091651875934
0.002015157519739892,179.8502647450397
0.0019966843286067723,178.00294563172773
0.001965464134177217,174.8809261887722
0.0019233905841171896,170.67357118276942
0.0018717763426294599,165.51214703399646
0.0018115237866733634,159.48689143838683
0.0017434847364507222,152.6829864161227
0.0016687817915166077,145.21269192271126
0.0015888040827066628,137.2149210417168
0.0015048611119723465,128.82062396828516
0.0014177877924774647,120.11329201879697
0.0013277510085316843,111.10961362421892
0.001234223452905166,101.75685806156712
0.0011356078958984037,91.89530236089088
0.0010294190203583512,81.27641480688563
0.0009130664280178111,69.64115557283161
0.000784694638389947,56.8039766100452
0.0006436292121267892,42.697433983729425
0.000490439258017833,27.378438572833804
0.0003269980327976516,11.034316050815674
0.00015619966565731108,-6.0432657155405325
-1.8603884027613846e-05,-23.442807934948696
-0.00019408872353391274,-40.65328780818312
-0.00036713812617522736,-57.203036848148486
-0.0005350043771785941,-72.71400724652524
-0.0006958980443240705,-86.96898028435298
-0.0008490917550923467,-99.90733437534058
-0.0009939280697822846,-111.51966738586471
-0.0011290401657332264,-121.77893767719041
-0.001252229068069303,-130.63563326441292
-0.0013609097248623424,-138.05012037666566
-0.0014526887109457581,-144.01950878867788
-0.0015258916773395943,-148.58988983146196
-0.0015798875240598928,-151.8533998045281
-0.0016150806508370447,-153.93163912653597
-0.0016327069899614015,-154.95811952134585
-0.0016345658939863337,-155.02765835380936
-0.0016230462944960954,-153.87569840478554
-0.001601014232335764,-151.6724921887524
-0.0015713622702178476,-148.70729597696078
-0.0015364081219412292,-145.2118811492989
-0.0014972394918504437,-141.29501814022035
-0.0014534763941467684,-136.91870836985282
-0.001403652427058492,-131.93631166102517
-0.0013459319501091804,-126.16426396609403
-0.0012788073854086948,-119.45180749604546
-0.0012015905864438791,-111.7301275995639
-0.0011148972427126845,-103.06079322644443
-0.0010204700444875385,-93.61807340392984
-0.0009204076808401396,-83.61183703918995
-0.0008163693009244882,-73.20799904762481
-0.0007092089589936042,-62.491964854536405
-0.0005989988328530404,-51.47095224048003
-0.00048484370802416923,-40.055439757592914
-0.00036522674018598186,-28.093742973774173
-0.0002387988162546346,-15.45095058063945
-0.00010512418316101929,-2.083487271277919
3.501145424967246e-05,11.919579656439357
0.00017973805614351823,26.29241703357642
0.00032650962156128844,40.67138213935973
0.00047257484402915393,54.6839349276494
0.0006152986190114882,68.0015907005885
0.0007523049625679628,80.36705765389274
0.0008814761462759086,91.59781886744231
0.0010009742576529083,101.58316516581613
0.0011093644959345571,110.28284824916021
0.001205606029565955,117.71062310072595
0.001288419778840311,123.87281898779467
0.001355985190112624,128.74096112593213
0.0014061491782414004,132.26193974110117
0.0014369815744801437,134.3864288724172
0.0014473776841348522,135.09595994105172
0.0014374186242924088,134.10005395680736
0.0014083875742508974,131.19694895265621
0.0013625937005935416,126.61756158692063
0.001303599034738808,120.7180950014473
0.0012359899607958305,113.95718760714955
0.001164611902685714,106.8193817961379
0.0010935714779487624,99.71533932244273
0.0010254884764328445,92.90703917085095
0.0009612181404690565,86.48000557447214
0.0009000846168701559,80.36665321458209
0.0008404924218901857,74.40743371658506
0.0007805867534201789,68.4168668695844
0.000718718888266749,62.23008035424141
0.0006535796730904053,55.71615883660703
0.0005841474361522475,48.772935142791255
0.0005096571817862936,41.32390970619586
0.00042957716367879437,33.31590789544594
0.00034346669486662486,24.704861014228996
0.00025099564074891704,15.457755602458215
0.00015210615935063072,5.568807462629585
4.722725332471127e-05,-4.918247418098198
-6.259020920404658e-05,-15.875984254957226
-0.00017564034206051337,-27.084685146313003
-0.00028961844782601445,-38.262696661848764
-0.00040173628814407336,-49.091736388088385
-0.0005088272439263291,-59.24150933930909
-0.0006075444879484259,-68.39991148668028
-0.0006946953178926172,-76.30753515640113
-0.0007675917645765203,-82.78229518748303
-0.0008243253403317921,-87.72805314842829
-0.000863940004553586,-91.13099000113876
-0.0008865851358583728,-93.05710159158178
-0.0008934384416889953,-93.63723825346457
-0.0008864486905793115,-92.9382631424962
-0.0008679895493753155,-91.0923490220966
-0.000840557676323739,-88.34916171693895
-0.0008065820163411274,-84.9515957186778
-0.0007683784578275746,-81.1312398673225
-0.0007280839227054015,-77.10178635510518
-0.0006873028146788941,-73.02367555245446
-0.0006469133640650986,-68.9847304910749
-0.0006071458193906461,-65.00797602362964
-0.0005678362576717029,-61.07701985173532
-0.000528702188821112,-57.163612966676226
-0.0004894759757596186,-53.24099166052688
-0.0004498274465943953,-49.276138744004555
-0.00040931003672818795,-45.22439775738383
-0.0003677227780854584,-41.06567189311086
-0.00032530955700559705,-36.82434978512473
-0.0002826729705676066,-32.56069114132569
-0.0002405153451945328,-28.34492860401831
-0.00019941075851106628,-24.234469935671658
-0.0001597002261989785,-20.26341670446288
-0.00012150081931710654,-16.44347601627568
-8.487175362875201e-05,-12.780569447440229
-5.003949084278566e-05,-9.297343168843595
-1.74272297449693e-05,-6.03611705906196
1.2884747589945377e-05,-3.004919325570492
4.143061733757742e-05,-0.15033235080728816
6.911041747713226e-05,2.617558353247925
9.66410524756381e-05,5.369870464550849
0.00012404783962912075,8.10841807446276
0.00015046701625740487,10.746299996989842
0.0001743274227462311,13.126481902834293
0.00019382313554846165,15.06936444562185
0.00020741272630854076,16.422501669263458
0.0002141383673465414,17.09180082670861
0.0002136816259483709,17.046126686891558
0.00020624904630610463,16.302868722664932
0.00019248185871218671,14.926149963273142
0.0001734203111283372,13.019995204888193
0.00015055353693417127,10.733317785471598
0.00012580558126470772,8.258522218525243
0.0001014005809658716,5.818022188641631
7.956588237359182e-05,3.634552329413654
6.214432512301806e-05,1.8923966043562774
5.034358362118296e-05,0.7123224541727676
4.473719486334662e-05,0.15168357838913357
4.5362671340829144e-05,0.2142312231105316
5.1439612363289355e-05,0.821923419620532
6.138375080363062e-05,1.8163112790702185
7.315023994317084e-05,2.9928512265975846
8.46887190143393e-05,4.1464576162096245
9.420939090142107e-05,5.098186616804966
0.00010025326841866325,5.70227960177956
0.00010160543476626161,5.837420787878054
9.720289470928762e-05,5.397166782180656
8.621007861279234e-05,4.297885172531128
6.812109781801474e-05,2.4889870930533666
4.278863735982746e-05,-0.044258717896539373
1.0499217693570912e-05,-3.2729692125796013
-2.752480241362667e-05,-7.073409758921296
-6.907033273733903e-05,-11.221571819249077
-0.00011141546975248308,-15.442488096041355
-0.00015199446150797875,-19.47822770742873
-0.00018876761759100308,-23.125795837778043
-0.00022028327332469064,-26.243226331220228
-0.0002454883992876562,-28.729950399867423
-0.00026352214353703586,-30.505287874808648
-0.0002737209274756254,-31.50779968026533
-0.0002757537990964261,-31.707490689541874
-0.00026973641158688276,-31.105751938587545
-0.00025641227859691076,-29.773338639590346
-0.00023778819307830772,-27.910930087730044
-0.0002171308846353446,-25.845199243433733
-0.00019828137901358177,-23.96024868125745
-0.00018469338641276007,-22.60144942117528
-0.00017881141695826768,-22.013252475726038
-0.00018189879267377734,-22.319294731290167
-0.00019420611091981616,-23.538532074884728
-0.00021534926675636015,-25.63015583311223
-0.00024461929828029273,-28.51908320455813
-0.00028091495421462626,-32.08954790528655
-0.0003218965900423347,-36.10332081782228
-0.00036368625127563707,-40.17473650714533
-0.0004014742353742184,-43.83569341151186
-0.0004307065517172251,-46.653256178574566
-0.00044816268019983943,-48.329387490835146
-0.00045248081856199613,-48.74325371655362
-0.00044399606686339833,-47.894778546693836
-0.0004240434364205607,-45.899515502410075
-0.00039420256199993483,-42.91542806034749
-0.0003558310255021696,-39.07827441057096
-0.0003100085603331441,-34.49602789366842
-0.0002577892943330166,-29.27410129365566
-0.00020040218606584052,-23.535390466938054
-0.00013926401765761653,-17.42157362611566
-7.579888451042535e-05,-11.07506031139654
-1.1113505724178433e-05,-4.6065224327718495
5.43016724055955e-05,1.9349314668606699
0.00012038473072397825,8.539760811110654
0.00018622623096231858,15.107618769962196
0.00024937450785588177,21.385586046366427
0.00030614291280003724,27.004316034723754
0.00035274189948027304,31.594338587260808
0.0003864708601935743,34.90213767341068
0.00040647859063547493,36.85795004456414
0.0004138871024606424,37.58088794873223
0.0004111521030713996,37.30738800980795
0.0004011418831657115,36.30636601923914
0.0003865130235823893,34.84348006090692
0.00037021322990468024,33.21350069313602
0.00035575849346996174,31.768027049664173
0.00034676824281390615,30.869001984058613
0.00034604621067937816,30.79549961466501
0.0003546566049280133,31.641909615204607
0.00037143789064393405,33.28919031495605
0.0003930525556463553,35.4061637758184
0.000414823491316442,37.53272009130371
0.00043198339067289734,39.20461439970637
0.0004407093087732142,40.05328565379219
0.0004385469033579451,39.83704511226527
0.00042429844691338334,38.412199467809096
0.00039791480639943526,35.773835416414286
0.0003602457032155495,32.00692509802572
0.00031283100384994875,27.265455161465642
0.00025760384672749895,21.742739449220664
0.00019605907489913827,15.588262266384596
0.00012887527226204527,8.869882002675299
5.6128231464879546e-05,1.5951779229587264
-2.2168069481209535e-05,-6.232978176312686
-0.00010564556825088287,-14.563639279168697
-0.000193357493985022,-23.277959458416866
-0.00028374102822429595,-32.19202486521112
-0.00037477870945469826,-41.07867639032307
-0.00046423446785300325,-49.69791991849601
-0.0005497814340403975,-57.81586407378304
-0.0006286358357720009,-65.17535918344404
-0.0006975934660509882,-71.50386209614071
-0.0007536270946302669,-76.56679480371479
-0.0007947098056194365,-80.23107954971766
-0.0008203834126010893,-82.49973200525463
-0.0008318354312034156,-83.50630903824006
-0.0008315148371074695,-83.47424962864544
-0.0008224619801236406,-82.56896393026256
-0.0008077280268800713,-81.09556860590563
-0.0007899958640829562,-79.3223523261941
-0.0007714484571410803,-77.46761163200651
-0.0007537681177994857,-75.69957769784706
-0.0007381283282069572,-74.13559873859421
-0.0007250498357638362,-72.82774949428212
-0.0007141072882101617,-71.73349473891467
-0.0007037636777507961,-70.6991336929781
-0.0006915091285672109,-69.47367877461957
-0.0006743336335507806,-67.75612927297654
-0.0006494160777708044,-65.26437369497893
-0.000614653554801504,-61.78812139804889
-0.0005688362822973032,-57.20639414762881
-0.0005115450748132944,-51.477273399227926
-0.00044321824396174447,-44.644590314072936
-0.00036498763086802714,-36.821529004701205
-0.0002783415323306462,-28.156919150963112
-0.0001847451025640299,-18.79727617430149
-8.518800974160604e-05,-8.841566892059102
1.986683158733264e-05,1.663833113409884
0.0001301238546422323,12.67764016962048
0.0002449659246593409,24.091510164228982
0.0003631336127051038,35.72034849529957
0.0004826525618366687,47.308214023764094
0.0006008701235198615,58.54650154640473
0.0007146954582228413,69.11356668632196
0.0008209281796199043,78.71777838010698
0.0009165718867260637,87.1288427058112
0.0009990547395005358,94.18951754193887
0.00106648598811024,99.82200118778592
0.0011181780236958498,104.05166402271493
0.0011549019244023687,107.00902206097341
0.0011787629186995544,108.90905924560153
0.0011927320829950153,110.01349603731971
0.0012000744294928783,110.5916435581454
0.0012037967929438024,110.88412619099108
0.0012062607144890428,111.07749697204811
0.001209027390229111,111.29440915718446
0.0012129085406806903,111.5983072513953
0.0012180640648945147,112.00128356730512
0.0012238604809866383,112.4533903985931
0.0012288952751612376,112.84526301808391
0.0012313034557124435,113.03242571056445
0.0012292151791091683,112.82359805023695
0.0012211141970779032,112.01349984711044
0.0012060413676885358,110.50621690817368
0.0011836752345168397,108.26960359100407
0.0011541906769894957,105.32114783826968
0.0011180358118558446,101.70566132490455
0.0010757443876094454,97.47651890026465
0.001027979602690264,92.70004040834652
0.0009756053683554172,87.46261697486182
0.0009196932024381581,81.8714003831359
0.0008613959858270867,76.04167872202876
0.00080159201038735,70.0612811780551
0.0007407007630997381,63.972156449293905
0.0006787880962877601,57.78088976809612
0.0006156129342037798,51.463373559698084
0.0005497549049851935,44.87757063783945
0.0004783840638542014,37.740486524740234
0.0003978904987619092,29.691130015511018
0.00030522955077764833,20.425035217084933
0.00020006985527485605,9.909065666805706
8.550125854549928e-05,-1.5476779619630872
-3.302356111779912e-05,-13.385121409662444
-0.00014973368486169875,-24.975896663702944
-0.0002602196607047883,-35.839383267030875
-0.00036214788949413904,-45.72839585341589
-0.0004549219328017425,-54.58983322515544
-0.0005388423609379801,-62.47120953572785
-0.00061467015804514,-69.46910346816328
-0.0006835426670036845,-75.71415547144883
-0.0007471272535941693,-81.37931720615993
-0.0008076401884711999,-86.67627596113851
-0.000867504349775663,-91.82156962597276
-0.0009286086893339077,-96.97234250650277
-0.0009912558145202157,-102.14352489414891
-0.001053745873862622,-107.18793741049542
-0.0011127748223086762,-111.84605391758413
-0.0011644821294677019,-115.83947305787265
-0.0012055568487627435,-118.9530868371316
-0.001233983257302877,-121.0772425526043
-0.0012492209657489865,-122.20549260410996
-0.001251669205636169,-122.3772672740068
-0.0012418059701231208,-121.39094372270198
-0.0012196694713289412,-119.17729384328403
-0.001185453899760774,-115.7557366864673
-0.0011401627665799145,-111.22662336838135
-0.0010857517748821366,-105.78552419860357
-0.00102473782012721,-99.68412872311092
-0.0009595765316215104,-93.16799987254097
-0.000892093312105553,-86.41967792094523
-0.0008232262102096092,-79.53296773135085
-0.0007532571710062401,-72.53606381101393
-0.0006823801841720965,-65.44836512759957
-0.0006110751776370531,-58.317864474095224
-0.0005396256443671621,-51.172911147106134
-0.00046770242716382765,-43.98058942677269
-0.0003943762032672501,-36.647967037114924
-0.0003185095536705268,-29.0613020774426
-0.00023922906399354078,-21.133253109744
-0.00015632643310313092,-12.842990020703015
-7.042587445023099e-05,-4.252934155413025
1.7183053342295314e-05,4.507412609575767
0.00010490980838056105,13.26669039906795
0.0001911908955063469,21.84668159165802
0.00027441941850722175,30.069536076072374
0.00035289161643219807,37.7567609796552
0.000424947905712924,44.74567925526826
0.0004892037187618038,50.91195019431633
0.0005447651127595506,56.18736747853205
0.0005913053822304242,60.56220840769865
0.0006289604636731956,64.07045583439485
0.0006581361865591408,66.7684493920074
0.0006794104083632301,68.72422043981611
0.0006934624212408577,70.01057624092448
0.0007010155740800298,70.70018555669066
0.0007028396059248344,70.86652838661097
0.000699800239340055,70.56259172813301
0.0006928971726210577,69.8722850562333
0.0006832737953843199,68.9099473325595
0.0006721139133198249,67.79395912611
0.0006604718727626112,66.62975507038864
0.0006490491441759662,65.48748221172411
0.0006379659264982609,64.3791604439536
0.0006267014521206015,63.252713006187655
0.0006141802274099698,62.000590535124495
0.0005990805637218766,60.490624166315165
0.0005803493726769575,58.61750506182326
0.0005575442786914089,56.3369956632684
0.0005308822353009975,53.67079132422726
0.0005010681663701365,50.689384431141164
0.00046914760887838803,47.49732868196631
0.0004363628903327055,44.21885682739805
0.00040409694029541553,40.992261823669054
0.0003737711289797288,37.959680692100385
0.00034656779118498064,35.239346912625564
0.00032322208424802795,32.904776218930294
0.0003039436879179215,30.97693658591965
0.00028832537765824054,29.415105559951552
0.0002745729235923037,28.039860153357868
0.000259485285127722,26.5310963068997
0.00023939769156860867,24.522336950988368
0.00021135929366176116,21.718497160303617
0.00017380772512053046,17.963340306180545
0.00012677150770426515,13.259718564554017
7.230755327984288e-05,7.813323122111788
1.4105110759210154e-05,1.993078870048515
-4.358102554838297e-05,-3.7752448391221445
-9.705786444878309e-05,-9.118822319740248
-0.00014379990661319563,-13.782146334299917
-0.00018256506247291208,-17.641807097317358
-0.00021334703415477343,-20.700130002317938
-0.00023711870357921862,-23.057326709212134
-0.00025554755022555946,-24.881636504111142
-0.0002707218803333414,-26.381582633507122
-0.00028491155912796295,-27.782295766236636
-0.00030022118533433423,-29.29138873397069
-0.00031802380683178754,-31.04322854898932
-0.00033859754581853116,-33.063517354153234
-0.00036110863404423634,-35.26852196510575
-0.0003839831217932795,-37.502838702825784
-0.00040542215832796853,-39.590857629559196
-0.00042389083706469513,-41.38461878484267
-0.00043837220093485596,-42.78776532504163
-0.00044831939639523096,-43.7498227276607
-0.0004534554620956742,-44.24599238426161
-0.000453481217765829,-44.248479518491074
-0.0004478724682299646,-43.68760456490464
-0.00043593163970252996,-42.493521712161176
-0.0004172838728692936,-40.628745028837535
-0.0003921977617255276,-38.120133914460936
-0.00036151742202741866,-35.05209994465004
-0.00032625126119020743,-31.525483860928915
-0.000286963190304321,-27.596676772340277
-0.00024347831663966112,-23.248189405874285
-0.0001950424855732183,-18.404606299230004
-0.00014082391795906303,-12.98274953781448
-8.041726206252545e-05,-6.942083948160721
-1.4139249595032047e-05,-0.3142827014113817
5.694791134890247e-05,6.792571333234377
0.00013127817688704491,14.210503586187103
0.00020707395694454032,21.74624855651668
0.0002824935242009492,29.201392573770665
0.0003553313996427548,36.34694189048716
0.0004229252244723495,42.91914698812321
0.0004825010229558807,48.65685581707407
0.0005317395145589819,53.355433007978135
0.0005692532159917281,56.906429489952224
0.0005948492237727937,59.314203302644124
0.0006097641043224004,60.71135681862524
0.0006163471221357175,61.32661886482003
0.0006173605787655306,61.421261469933874
0.0006152208366223021,61.207287255611035
0.0006115473826666728,60.83994186004811
0.000607102305655893,60.39543415897012
0.0006020002997509209,59.88523356847292
0.0005960289652502557,59.2881001184064
0.0005888406340123992,58.569266994620754
0.0005800043796755219,57.68564156093302
0.0005689598839394835,56.581191987329184
0.0005550473435178779,55.18993794516862
0.0005377633926300977,53.4615428563906
0.0005169937658964478,51.38458018302561
0.0004930757144849095,48.99277504187178
0.000466642842102176,46.34948780359842
0.00043833164762030664,43.518368355411496
0.00040849969986391736,40.53517357977256
0.00037710436662419293,37.395640255800124
0.00034381217130758106,34.066420724138936
0.0003082425626503198,30.50945985841281
0.0002702962945994691,26.71483305332774
0.0002304457772090114,22.72978131428197
0.00018974525877280015,18.659729470660842
0.000149369176160022,14.622121209383028
0.0001102232224127521,10.707525834656037
7.28979865541678e-05,6.975002248797608
3.782467715506921e-05,3.4676713088877484
5.420352467457975e-06,0.227238840126625
-2.3861186144675395e-05,-2.700798762010642
-4.9635379794446626e-05,-5.277469127844468
-7.175380221964221e-05,-7.48770805565722
-9.0427890521607e-05,-9.35277646671636
-0.00010623510026785163,-10.930630558825108
-0.00012008031119720349,-12.311858120850802
-0.00013296501233666446,-13.59652181828582
-0.00014546191608268814,-14.841765584451885
-0.0001574601948712925,-16.036561558815258
-0.0001682676212175866,-17.112082016501287
-0.00017699774534816684,-17.980367845322615
-0.00018292876460170357,-18.56998690372389
-0.00018571459142082612,-18.846855355595224
-0.0001854237033750522,-18.817766551017833
-0.00018237254963431653,-18.512651176944267
-0.0001768748015126387,-17.962876364776484
-0.00016925537921853246,-17.20093413536586
-0.0001605885438673562,-16.334250600248232
-0.00015305896246104616,-15.58129245961723
-0.0001496420107569774,-15.239597289210357
-0.00015308745139555225,-15.582702396268441
-0.00016418064009046364,-16.68694148456325
-0.00018097673415629038,-18.357477638916563
-0.0001994245331598461,-20.19020145556383
-0.0002148875883467374,-21.72456392574644
-0.0002236050589501836,-22.588788281998653
-0.00022345691541818401,-22.573973928798697
-0.00021383847694914996,-21.61213008189529
-0.00019512844955793738,-19.74112734277404
-0.0001687619102835496,-17.10447341533526
-0.0001372516012709657,-13.95344251407687
-0.00010406908010506713,-10.635190397487012
-7.323063444405e-05,-7.5513458313853
-4.86409447952457e-05,-5.09237686650487
-3.336187879105247e-05,-3.5644702660855474
-2.8980277386866996e-05,-3.1263101256670005
-3.546175074474982e-05,-3.7743209802000925
-5.148006453469157e-05,-5.375555647922608
-7.49342914630728e-05,-7.719189640551883
-0.00010281418129072398,-10.503075526859089
-0.0001313803263781321,-13.35250915174576
-0.00015675633221083157,-15.880554746900252
-0.00017561680831442133,-17.757214597803475
-0.00018565620499627278,-18.755271785896046
-0.00018565829168585917,-18.755479164773682
-0.00017518484415836582,-17.70813441202435
-0.00015437463137380638,-15.627113133568406
-0.00012461804558773457,-12.651454554961223
-8.88496310023963e-05,-9.074613096427397
-5.120797848575212e-05,-5.3104478447629795
-1.614335523690253e-05,-1.8039855198780208
1.2495469676555333e-05,1.059887657233857
3.213400079722063e-05,3.023586711534839
4.174272638176945e-05,3.9842514553749844
4.156901203666856e-05,3.9668800208648953
3.261309532421805e-05,3.0712883496198446
1.6227814467854473e-05,1.4327602639834873
-5.4844124412476175e-06,-0.7384589053990108
-2.9502860485514524e-05,-3.140123803566392
-5.226254890942619e-05,-5.415341846710166
-7.037163318788454e-05,-7.224968686121202
-8.135103733163017e-05,-8.321740138479061
-8.39826414673386e-05,-8.584569785381671
-7.814833066785814e-05,-8.001138705433627
-6.429091697543715e-05,-6.615397336191528
-4.2807487201401264e-05,-4.467054358787941
-1.373421598917216e-05,-1.5597272375650297
2.3197684834312863e-05,2.1334104828257843
6.818232420559365e-05,6.630228007222467
0.00012087194890807741,11.891049132154306
0.00018014351653523536,17.794982070701632
0.0002441489036009532,24.145728188848448
0.00031039208737961596,30.68222925038726
0.0003748580728329934,36.99884939411943
0.00043191228637965145,42.54560378181304
0.0004752042767332866,46.72333723034402
0.0004990947341938591,49.016308734458825
0.0004999439787097651,49.0976474340787
0.00047666501382003163,46.76975094510535
0.0004304300329638807,42.146252859490254
0.0003641498681836387,35.51823638146605
0.0002831768974206801,27.42093930517019
0.0001951628591933327,18.619535482435456
0.00010869597813185238,9.972847376287428
3.147305325059909e-05,2.2505548881620974
-3.103971707120285e-05,-4.000365513902081
-7.609379005818487e-05,-8.502518670753549
-0.00010316103101256162,-11.204571797224158
-0.00011299675426894948,-12.18576866651525
-0.00010680169231549002,-11.566262471169305
-8.590200610748193e-05,-9.476293850368496
-5.218101816924142e-05,-6.1041950565444445
-8.436986249316192e-06,-1.7297918645519208
4.177581907168894e-05,3.291298684782969
9.42563337747694e-05,8.535944594121807
0.00014264504308358276,13.364509205106772
0.00017818957571302596,16.904648725389674
0.00019107040305071756,18.18578619566369
0.00017295255536080046,16.37400142667198
0.00012060040546904686,11.138786437496622
3.7357411067886525e-05,2.8144869973805857
-6.809896746524482e-05,-7.7285290928425825
-0.00018476342579071118,-19.35490391737642
-0.0003020366346798947,-30.949238979644843
-0.0004113612871658589,-41.626578374335814
-0.0005065156520791428,-50.783696355068415
-0.0005830810977476552,-58.04138118149799
-0.0006381056935732052,-63.18862668040992
-0.0006703097818603889,-66.1725040179089
-0.0006811425018484065,-67.17126624824164
-0.000675152391869629,-66.5722552503639
-0.0006590483974291155,-64.96185580631254
-0.0006397998873007545,-63.037004793476434
-0.0006223333042930272,-61.290346492703705
-0.0006085535380784316,-59.91236987124415
-0.0005981034903086837,-58.86736509426936
-0.0005902245716262307,-58.07947322602406
-0.0005854778939124344,-57.60480545464443
-0.0005863862158408804,-57.687541747311236
-0.0005968994428948881,-58.67641789190509
-0.0006208891086899646,-60.92484595814814
-0.0006606919929673112,-64.62986142572353
-0.0007162055801758953,-69.74146827803202
-0.0007845232177365824,-75.9372256680332
-0.0008606138712639396,-82.70653070982246
-0.0009384853514005191,-89.4818271095681
-0.0010122977330035514,-95.75386157149593
-0.0010768347815994536,-101.11290216824437
-0.001127467887743469,-105.23328285921839
-0.0011600051306615087,-107.8412264323817
-0.0011707636080069276,-108.69660656669373
-0.0011570153998999876,-107.32178575599974
-0.0011176571278391004,-103.38595854991101
-0.0010538744956370076,-97.00769532970173
-0.0009690263022698735,-88.52287599298832
-0.0008677120331674561,-78.39144908274659
-0.0007545738579799475,-67.07763156399574
-0.0006334904302068919,-54.96928878669018
-0.0005074678355723275,-42.36702932323374
-0.00037920435377035845,-29.54068114303683
-0.00025168049926466195,-16.788295692467184
-0.00012824592878940915,-4.444838644941903
-1.2117789583486843e-05,7.165743140630988
9.447467305115125e-05,17.792828461141113
0.00019103971346941175,27.359564246966553
0.00027916723684986956,36.01337247809595
0.00036209410675456215,44.06876088491146
0.00044369315006972357,51.89455909006612
0.0005274189419665863,59.80377687956984
0.0006156768628942358,67.99135757908128
0.0007095382995519741,76.51105024819026
0.0008079596667501406,85.21679318213437
0.0009078265434165543,93.79284121096032
0.0010048554021477142,101.8607893982163
0.0010947302858587964,109.09019135706892
0.001173865786330696,115.25504602982723
0.0012399054013873846,120.25254634711993
0.0012927053876831836,124.15044917259613
0.0013343599617642293,127.16376169660151
0.0013683173094683173,129.57972183195238
0.0013979868228010657,131.66072518834275
0.0014254393879864352,133.5613580515565
0.0014506096928159902,135.28295014833927
0.001471048984798875,136.66614223348307
0.0014824717450494659,137.43337479958728
0.001479279257899706,137.1141260846113
0.0014555656605712978,134.74276635177048
0.0014064041104304749,129.8266113376882
0.0013288607857897385,122.07227887361455
0.0012224556640468883,111.43176669932954
0.0010891144916403426,98.09764945867498
0.0009332316717765679,82.50936747229751
0.0007610255231794628,65.288752612587
0.0005793265177739169,47.11885207203241
0.0003943102663196908,28.617226926609803
0.000210731727261119,10.259373020752623
3.1800541212376293e-05,-7.630419827310432
-0.00014040665713230315,-24.76095664799712
-0.0003043517993759048,-40.832830874066765
-0.00045860558889119525,-55.61416767746928
-0.000601769349596771,-68.94142009321178
-0.0007327517610120926,-80.73855146044633
-0.0008510864054354277,-91.02858077836366
-0.0009570765024427224,-99.9228172056122
-0.001051679274231249,-107.58915405523999
-0.0011363137742301955,-114.22144655708766
-0.0012125484996332169,-120.00780187864937
-0.0012817739181359056,-125.10538004265878
-0.0013449424711241694,-129.62535045134558
-0.0014022981405064098,-133.61993975398985
-0.001453318468582801,-137.08550828649737
-0.0014968156464164751,-139.97476199533492
-0.0015312086899732635,-142.21677715585298
-0.0015550096448134678,-143.7463756766349
-0.0015670904278096112,-144.51590758035306
-0.0015666679972749684,-144.47366452688877
-0.0015534620783177065,-143.15307263116256
-0.0015290665850143399,-140.71352330082593
-0.0014973464605522171,-137.54151085461362
-0.0014635437023135377,-134.1612350307457
-0.0014323598249754849,-131.0428472969404
-0.00140486600454686,-128.29346525407792
-0.0013774088454603652,-125.54774934542844
-0.0013430694420414199,-122.1138090035339
-0.0012946010666641345,-117.26697146580536
-0.0012269200875676199,-110.4988735561539
-0.0011383901132918798,-101.64587612857989
-0.001031057950199986,-90.91265981939048
-0.0009096201293892171,-78.7688777383136
-0.0007801581614282238,-65.82268094221429
-0.0006490661752549885,-52.713482324890755
-0.000522588540732088,-40.0657188726007
-0.00040655056406692055,-28.46192120608396
-0.0003057564659776903,-18.382511397160936
-0.0002233157615764581,-10.138440957037712
-0.00016009494432289657,-3.81635923168156
-0.00011454932325284637,0.7381862900477063
-8.256678088434314e-05,3.9359787949904934
-5.838521325794019e-05,6.352819955944875
-3.634896715914825e-05,8.55405559723351
-1.2485882969788009e-05,10.9360497548838
1.483794312390628e-05,13.660691876953114
4.553370055142817e-05,16.71716227533008
7.919978139474665e-05,20.062889642635575
0.00011641641195854005,23.752019452802106
0.0001592650441926825,27.984935545717786
0.00021076718667483496,33.04863495783057
0.0002737424945050059,39.198487242621624
0.0003497234039893418,46.546437000420156
0.0004384245058943971,55.008150601954256
0.0005380684756589202,64.34064867482468
0.000646226054080403,74.23404017570743
0.0007602821744284615,84.36839489621774
0.0008760677190477333,94.31244119815963
0.0009870899181407403,103.49769200143594
0.001085062927573554,111.30389605047105
0.0011614911605718568,117.19183479161839
0.0012095120322716186,120.7990952791813
0.001225146702911839,121.9580439508353
0.0012074645296991863,120.18982662957
0.0011582170852821488,115.26508218786626
0.0010823091519365318,107.67428885330456
0.0009873721482028168,98.18058847993305
0.0008825038832893541,87.69376198858677
0.000776635377254861,77.10691138513747
0.000677280776033881,67.17145126303947
0.0005898483706316476,58.42821072281612
0.000517607881112705,51.204161770921864
0.0004619367950013912,45.637053159790476
0.00042240919546683304,41.684293206334665
0.000396993891035522,39.14276276320356
0.0003823402642996381,37.67740008961517
0.0003739652547321048,36.83989913286184
0.0003653842644287449,35.98180010252585
0.00034824820860594134,34.268194520245494
0.0003138105405302262,30.82442771267398
0.0002547422627389587,24.917599933547233
0.00016623314274433548,16.066687934084907
4.654413283339662e-05,4.097786942991025
-0.00010198600392109744,-10.748237526222546
-0.00027319128416022047,-27.74972541872041
-0.00045851606528203115,-45.83169228145405
-0.0006488579229453915,-63.849880936636524
-0.0008358856651410024,-80.82533317991484
-0.0010127032363432284,-96.07423651836503
-0.0011739601893319385,-109.2198092784754
-0.0013156423748466861,-120.12739417154765
-0.0014348482636114062,-128.82160223500318
-0.0015296270806120177,-135.41386894950483
-0.0015988436133855732,-140.04793361081553
-0.0016420040056731758,-142.86055430427947
-0.0016590434145097727,-143.95470860945093
-0.0016501960559481847,-143.06997275329212
-0.001616062037477274,-139.65657090620107
-0.0015578981596144946,-133.84018311992313
-0.0014779309022445834,-125.843457382932
-0.0013794970665440439,-116.00007381287804
-0.0012668686529923815,-104.73723245771183
-0.0011446980319475197,-92.52017035322564
-0.0010173313467870817,-79.78350183718184
-0.0008880237773432719,-66.85274489280086
-0.0007583578283828049,-53.886149996754156
-0.0006282549062858787,-40.875857787061534
-0.0004970115862460522,-27.751525783078886
-0.00036414570137426576,-14.464937295900238
-0.00022955581052257196,-1.0059482107308595
-9.315942750761008e-05,12.61989728336886
4.5605283307628206e-05,26.393111236249105
0.00018802437123990239,40.34080316662437
0.00033592722917684755,54.525197500310156
0.0004911698982347157,68.98208732989362
0.0006552141205649557,83.6742547416276
0.0008287548782784527,98.46188379410759
0.0010114942389612461,113.10369983449333
0.0012020901481830917,127.28968206846226
0.0013981963983559934,140.69021314335382
0.0015965870869331723,153.00877481780483
0.0017932733384266343,164.01965950210698
0.0019837037405724357,173.58905863504185
0.0021630490275070494,181.67657483530837
0.0023264994966443026,188.31838375766242
0.002469550034866466,193.6010093683015
0.0025882721231520432,197.63502210258918
0.0026795877239103255,200.5348558911371
0.0027414282037100416,202.4034251255428
0.002772789777568217,203.32267910135275
0.0027736782833890357,203.3484495360207
0.002745042585320839,200.48487972920103
0.0026887637885600634,194.85700005312347
0.002607482966411039,186.728917838221
0.002504425982193757,176.42321941649286
0.002383300901891872,164.31071138630438
0.002248085649947736,150.7891861918908
0.0021027027728038484,136.25089847750198
0.0019506874072469332,121.04936192181046
0.0017949588454552058,105.47650574263773
0.0016377102925561884,89.75165045273597
0.0014803728523248955,74.0179064296067
0.0013236690734817768,58.34752854529482
0.001167696394421252,42.75026063924233
0.0010119357153771564,27.17419273483278
0.0008549797706249178,11.478598259608916
0.0006945125244334314,-4.565917397319141
0.0005276423668495406,-21.17871063675946
0.0003514963344406632,-38.46613816473814
0.00016382518604167687,-56.4084959257413
-3.65439201625347e-05,-74.81236436988011
-0.00024950499064706113,-93.31066097898545
-0.00047381138192324583,-111.42475604043018
-0.0007073951743719604,-128.65908901892138
-0.0009475995410384474,-144.58410920101414
-0.0011909026032287026,-158.86833104696868
-0.0014328427690374977,-171.30708668655208
-0.0016682821030960758,-181.8381741866183
-0.0018919215315661097,-190.53092945795078
-0.0020988039074576075,-197.5488156899192
-0.0022847100659810697,-203.10331098938036
-0.0024463744981874846,-207.41401734107646
-0.0025815047062375624,-210.68155095418936
-0.0026887215657710323,-213.07478994283505
-0.0027674830814688727,-214.72822942611762
-0.0028181436286748626,-215.74735824541526
-0.0028419484330306317,-216.2146499996633
-0.002840888061084248,-215.91283904372517
-0.002817487659032434,-213.57279883854378
-0.0027746208991984017,-209.28612285514052
-0.0027151774810205537,-203.34178103735573
-0.002641553479477547,-195.9793808830551
-0.0025552915858518327,-187.35319152048362
-0.0024570855162343655,-177.5325845587369
-0.0023472300658815785,-166.54703952345818
-0.0022264374313513556,-154.4677760704359
-0.00209621905138472,-141.44593807377237
-0.0019586516795311957,-127.68920088841992
-0.0018157243881373355,-113.3964717490339
-0.0016686549235053244,-98.6895252858328
-0.0015175622105212754,-83.58025398742792
-0.0013616129415501698,-67.98532709031734
-0.0011994477888907526,-51.76881182437563
-0.0010293619656879796,-34.76022950409833
-0.0008495857823026277,-16.782611165563136
-0.0006586592141130992,2.308954422347985
-0.00045581450526679105,22.5060551551526
-0.00024125794867612316,43.48252908931814
-1.6310720854202384e-05,64.71229979413764
0.00021663616375001531,85.55007082687577
0.00045435702659111187,105.3396305169513
0.0006930835148959071,123.52473985192866
0.000928845020853958,139.72929034046052
0.001157751965905407,153.78194873233758
0.0013761497684501942,165.68879316671797
0.0015804744354252283,175.57076785375315
0.0017672423868225948,183.61161566046627
0.001933281947977943,190.02390178357086
0.002076064212008076,195.02586014730065
0.0021939686080732707,198.82483037681135
0.002286462089322068,201.60846625462415
0.0023543392535955343,203.54707121052382
0.002399651880020912,204.7941037968682
0.0024253521707410393,205.4850931462922
0.0024348039836786543,205.7363002368185
0.0024313486688365884,205.3907687526119
0.0024179702868073077,204.05293054968382
0.002396932314196237,201.94913328857675
0.0023695393713719704,199.2098390061501
0.0023359175250125997,195.84765437021304
0.002295079007138986,191.76380258285164
0.0022454458556115066,186.80048743010371
0.0021855395013922847,180.80985200818154
0.002114665214265301,173.7224232954832
0.0020330905367935154,165.5649555483046
0.0019417168912542208,156.42759099437512
0.001841497886766223,146.40569054557537
0.0017329808255945732,135.5539844284104
0.001616143549374634,123.87025680641646
0.0014905122921686123,111.30713108581429
0.0013555241700620412,97.80831887515718
0.0012109463357730524,83.35053544625833
0.001057117472709346,67.96764913988768
0.0008947805534976445,51.73395721871752
0.0007249444450337596,34.75034637232903
0.0005489582693713999,17.151728806093057
0.000368663720664305,-0.8775053234077941
0.00018644554440283415,-19.05077456570973
5.086117889137877e-06,-36.90722104399506
-0.00017255267920742438,-53.98494398890236
-0.0003438815477919967,-69.91261929558118
-0.0005067937047298671,-84.444240265012
-0.0006596780932801849,-97.45537313398754
-0.000801296032594362,-108.91535555351355
-0.0009305621160232281,-118.84937751937719
-0.0010462115548960783,-127.2968861812825
-0.001146797535202832,-134.3005958392732
-0.0012310449275528578,-139.91942680502646
-0.001298307109136036,-144.24384346057982
-0.001348842921635098,-147.3989197486761
-0.0013837752209300649,-149.53295413310332
-0.0014047790898543554,-150.79773265981046
-0.0014136281126529077,-151.3264745201217
-0.001411790890764218,-151.12885372690488
-0.0014002446658912843,-149.97423123961156
-0.00137947680437109,-147.8974450875921
-0.0013495503629769204,-144.90480094817516
-0.001310295813985735,-140.97934604905663
-0.0012614791318011664,-136.09767783059974
-0.0012027969137740446,-130.22945602788755
-0.0011338615008107582,-123.33591473155892
-0.0010544641348444708,-115.39617813493017
-0.0009647576952938598,-106.42553417986906
-0.0008652773994345542,-96.47750459393852
-0.0007568103591461324,-85.63080056509634
-0.0006402262898021023,-73.97239363069332
-0.0005163272047640497,-61.58248512688807
-0.00038580302666119283,-48.530067316602384
-0.0002493084421864449,-34.88060886912759
-0.00010764248815196633,-20.714013465679734
3.8043554210690417e-05,-6.145409229414063
0.00018601611413557426,8.64867608701576
0.0003339266000539066,23.370901337107185
0.0004790062855849522,37.64195577519352
0.0006183735882243331,51.099549888428236
0.0007492875104702203,63.44212652555348
0.0008694303213385168,74.46096969889052
0.0009775301746500534,84.08766536880626
0.0010735573962092763,92.38871310301194
0.0011584612067925169,99.51873881213578
0.0012336066087006608,105.65760611035111
0.001300286318976057,110.9654294311814
0.0013594089438269123,115.55943278169991
0.0014113752564676547,119.50878023729942
0.001456168240458414,122.84567778793031
0.0014935030735224604,125.57898632640523
0.0015229137540240271,127.7012777143761
0.001543451048812961,129.16706799459638
0.0015536030793289481,129.88671262752004
0.0015515918427522612,129.68558896985132
0.0015359304610552957,128.11945080015477
0.001505934306706427,125.11983536526789
0.001461881827723663,120.71458746699149
0.0014047590776527167,115.00231245989687
0.0013357785801363894,108.10426270826414
0.0012559443526834909,100.12083996297429
0.0011658786331370256,91.11426800832777
0.0010659658284619766,81.12298754082286
0.0009566288915430302,70.18929384892822
0.0008385104838451692,58.37745307914212
0.0007125847424132479,45.78487893595
0.0005804974043633693,32.57614513096213
0.00044455560676571137,18.981965371196335
0.0003074081020734424,5.267214901969444
0.00017158997579560376,-8.310454881513731
3.9210932703203245e-05,-21.487723488224805
-8.817054242257611e-05,-34.04042550699706
-0.00020954481785647608,-45.82184249199246
-0.0003243238491731767,-56.751205720631816
-0.00043219064146660243,-66.79539616693117
-0.0005331028417193723,-75.96360772403824
-0.0006277545539504772,-84.34093331436704
-0.0007176752196587483,-92.0845650263828
-0.0008048177644170614,-99.37706483055378
-0.0008908932029791366,-106.36602421988204
-0.0009768697862124673,-113.12681934946895
-0.001062788393337651,-119.657357143705
-0.0011478990154826171,-125.89976482714916
-0.0012309987304353366,-131.7743017466351
-0.0013107492547055853,-137.20605654196848
-0.0013857668556977929,-142.13110193859146
-0.0014541951590667805,-146.46817763359778
-0.0015134628941493962,-150.1055668434754
-0.0015604677407266047,-152.91234322983777
-0.0015921442766313077,-154.76518696833577
-0.0016061064636465493,-155.572047398094
-0.0016010987079553682,-155.0712718289759
-0.0015771353489075278,-152.67493592419186
-0.0015353301889525614,-148.4944199286952
-0.0014775922112641071,-142.7206221598498
-0.0014062344474438206,-135.58484577782113
-0.0013236429500840712,-127.3256960418462
-0.0012320895978382726,-118.17036081726634
-0.0011336577901525835,-108.32718004869743
-0.0010302119064095822,-97.9825916743973
-0.0009233347932544779,-87.29488035888687
-0.0008142524955239126,-76.38665058583034
-0.0007037874924065911,-65.34015027409818
-0.0005924008374169269,-54.20148477513177
-0.0004803493390132512,-42.99633493476419
-0.00036790423937624545,-31.751824971063616
-0.0002556756861467971,-20.528969648118782
-0.00014463523159979994,-9.424924193419065
-3.5766875177583354e-05,1.461828041084527
7.03662494426718e-05,12.064463792369677
0.00017386844657090746,22.35821734754712
0.0002755044279496698,32.38500436503541
0.00037667880922385424,42.25143224633129
0.0004790949941953033,52.08879899634032
0.0005842453457234833,61.99843861408502
0.0006929696596881263,72.00887687238942
0.0008052783480395348,82.06460107459937
0.0009203954830449776,92.04047445858924
0.0010368590973399707,101.7642578358519
0.0011526978690782315,111.04569114469804
0.0012656248158802045,119.70317123744587
0.001373137217007543,127.5771941290193
0.0014722559066868042,134.51324040489033
0.001559543194919501,140.3630670455911
0.0016314978247951924,145.00357824369638
0.0016851611806183758,148.35799570646836
0.0017185676533929889,150.4005035733734
0.0017308980757534665,151.14557981476887
0.0017223449192455525,150.29026416397747
0.001693839216059982,147.43969384542044
0.001646800815048017,142.73585374422396
0.0015829138236828526,136.3471546077075
0.00150405098863933,128.46087110335523
0.0014123260267929797,119.28837491872021
0.0013104247091333932,109.09824315276158
0.001201588224196075,98.21459465902977
0.0010891685126937578,86.97262350879804
0.0009760175148290228,75.65752372232454
0.0008640500869328537,64.46078093270762
0.0007541549505114414,53.4712672905664
0.0006464405377893885,42.69982601836111
0.0005406187332872609,32.11764556814835
0.00043627392229030385,21.68316446845265
0.000332922329131389,11.348005152561162
0.00022988960804879656,1.0447330443019196
0.0001262186680095436,-9.316511976374775
2.0756165253356933e-05,-19.817979063780747
-8.75839026642524e-05,-30.522964841780862
-0.00019960390789046134,-41.458382325408806
-0.00031559164196412763,-52.591495301517114
-0.0004351611695800172,-63.81844541514962
-0.0005572528332475721,-74.97351447934314
-0.0006802599725551345,-85.85388182550919
-0.0008022141418479432,-96.24967596030726
-0.0009209531553999874,-105.96880361780532
-0.0010341679658895271,-114.84629526859585
-0.0011392536753911232,-122.73428533835914
-0.00123327638293568,-129.49857335785765
-0.0013131617387685448,-135.02587362892652
-0.001376072326764939,-139.23601508194875
-0.0014198232167591115,-142.08987474312798
-0.0014431764963426217,-143.58838151429262
-0.001445873315396244,-143.76031697740217
-0.0014284943621292075,-142.0224216506985
-0.001392279876392685,-138.40097307704627
-0.001338934561315266,-133.06644156930437
-0.0012707540717858924,-126.24839261636701
-0.0011906678647325014,-118.23977191102792
-0.0011021328441430459,-109.38626985208236
-0.0010087520862789188,-100.04819406566965
-0.0009136599955257229,-90.53898499035006
-0.0008192597093526076,-81.09895637303853
-0.0007279643323879056,-71.96941867656832
-0.0006423931070897938,-63.412296146757164
-0.000563806683692632,-55.55365380704098
-0.0004911142323037043,-48.2844086681482
-0.00042155035639863524,-41.3280210776413
-0.0003519865328029214,-34.37163871806991
-0.00027993653550516164,-27.166638988293936
-0.00020398580909100912,-19.571566346878686
-0.0001236453120777933,-11.537516645557103
-3.887325497833741e-05,-3.0603109356115152
5.028915249407369e-05,5.854815497244896
0.00014374354020737918,15.18080874457211
0.00024103433834969803,24.839932440289736
0.000341037684829612,34.68296276572869
0.00044195380345418613,44.49498947133363
0.0005415945840095645,54.03270795222449
0.0006378090729999881,63.073563785087565
0.0007288020721661153,71.44925066781208
0.0008131482920490211,79.04526990052126
0.0008895706005780214,85.77693124211996
0.0009566621647214186,91.56139163066733
0.001012767855500033,96.30471575349016
0.0010561082979170429,99.90837523476156
0.001085144574530746,102.29256268885256
0.0010990052844353372,103.42204348296877
0.0010977590681604877,103.29742185548383
0.0010824341474014888,101.76492977958394
0.0010547712437442638,98.99863941386145
0.0010168238712108817,95.20390216052323
0.0009705870583931005,90.58022087874514
0.0009178093320033766,85.30244823977274
0.0008600063192301499,79.52214696245007
0.0007985690561166123,73.3784206510963
0.0007348323623048304,67.00475126991812
0.000670013435622047,60.52285860163978
0.0006050496801547556,54.02648305491065
0.0005404401786717052,47.56553290660561
0.0004761820941000565,41.139724449440735
0.0004118388864641475,34.705403685849845
0.00034671920071871525,28.193435111306613
0.00028007183961286546,21.528699000721637
0.00021121931202742436,14.643446242177527
0.00013958646455574037,7.480161495009128
6.468378974229256e-05,-0.010105015001448725
-1.3881536756830905e-05,-7.863565459210208
-9.632833168253955e-05,-16.08595553177806
-0.0001825683705082149,-24.64495014811383
-0.00027208568638709444,-33.46109136069727
-0.0003638841050637781,-42.40540444021032
-0.0004565619118372833,-51.31174405565981
-0.0005484851288119915,-59.99967594882522
-0.0006379878970666755,-68.2988225088428
-0.000723517058712575,-76.06519389180288
-0.0008036833224565864,-83.18590085609021
-0.0008772376256360996,-89.5750151530748
-0.0009430172568227546,-95.16575680650213
-0.0009999104356600767,-99.90386334214993
-0.0010468959980451111,-103.74681293000177
-0.0010831497440741244,-106.6678106706137
-0.0011081697890231322,-108.66093128190708
-0.00112186321898257,-109.74382087219686
-0.0011245647133920121,-109.956791070351
-0.0011170089265461968,-109.20121238576945
-0.0011002595770792675,-107.52627743907652
-0.0010756062930093663,-105.06094903208641
-0.0010444323603176339,-101.94355576291316
-0.0010080971920022328,-98.31003893137307
-0.0009678303418112125,-94.28335391227104
-0.0009246242903587027,-89.96274876702005
-0.0008791633384101909,-85.41665357216887
-0.0008317975306358546,-80.68007279473524
-0.0007825721263388456,-75.75753236503432
-0.0007312998202052561,-70.63030175167539
-0.0006776681319890326,-65.26713293005305
-0.000621359620371631,-59.63628176831288
-0.0005621345636463303,-53.71377609578281
-0.0004998563036460811,-47.48595009575789
-0.00043447346498224135,-40.94766622937392
-0.00036598900693355746,-34.09922042450553
-0.00029444398440008334,-26.944718171158122
-0.00021991781786602927,-19.49210151775271
-0.0001425742204360921,-11.757741774758996
