Desplacment,Force
0.0,0.0
-6.451209330511731e-07,-0.064512092951718
-1.937215404373223e-06,-0.19372153086811417
-2.780074565945394e-06,-0.2780074283124452
-2.6412565349675222e-06,-0.264125625214658
-1.8137871261422297e-06,-0.18137868433212873
-1.1502171102697351e-06,-0.11502168274487927
-1.4615774680004059e-06,-0.14615771641127298
-2.8571014247751925e-06,-0.28571008549979143
-4.617016584442612e-06,-0.46170150261846704
-5.516466482338772e-06,-0.5516464009890377
-4.346049008547393e-06,-0.4346046536098998
-4.163112980212017e-07,-0.041630882557280806
6.1514209490489515e-06,0.6151420364178913
1.4517531817834737e-05,1.4517494023323099
2.3736306030662015e-05,2.3736132483237293
3.320847552707423e-05,3.3207995967918507
4.270762997230243e-05,4.270660716327854
5.208937478155513e-05,5.2087517013613205
6.101362490891582e-05,6.101063790207784
6.890416037148796e-05,6.889985713731234
7.484421576123096e-05,7.483870029424357
7.792981676169554e-05,7.792359035518058
7.777667464280029e-05,7.777044823628533
7.488847026046416e-05,7.48822438539492
7.041116582321837e-05,7.0404939416703405
6.552917543066197e-05,6.552294902414701
6.126330207088455e-05,6.125707566436959
5.813897056528836e-05,5.81327441587734
5.619766284370916e-05,5.619143643719419
5.5099752424451814e-05,5.509352601793685
5.404934103241104e-05,5.404311462589607
5.188447612182291e-05,5.1878249715307945
4.755249070398424e-05,4.754626429746929
4.0531555177225395e-05,4.052532877071044
3.0837365210099036e-05,3.083113880358408
1.9028364173857806e-05,1.9022137767342846
5.759840886240205e-06,0.5753614479725248
-8.40505215068849e-06,-0.8411271302729155
-2.2875203832715603e-05,-2.2881273130122866
-3.6962018888932515e-05,-3.6967580867915246
-4.9670295740072565e-05,-4.967490917182854
-5.99437236106184e-05,-5.994711471816905
-6.720815824859207e-05,-6.721038854139404
-7.206817770253826e-05,-7.20694768977311
-7.579137265138461e-05,-7.579186809696707
-7.985746624012572e-05,-7.985698900203719
-8.55515143518144e-05,-8.554949860143171
-9.344007510781039e-05,-9.343556295145
-0.00010415826720919302,-10.414962021802818
-0.00011845827044609488,-11.844261932080611
-0.0001366887749287526,-13.666139180646422
-0.00015815174866678095,-15.810592330657276
-0.0001804894247785576,-18.041829227774617
-0.00019990693461952532,-19.98080658518021
-0.00021269329733516256,-21.25729565293847
-0.0002167117989869502,-21.65841518805373
-0.00021187377128510437,-21.174612417869145
-0.0001998377186640478,-19.971007155763488
-0.0001832339543780346,-18.31063072716217
-0.0001650436429201347,-16.491599581372178
-0.00014729499719741814,-14.716735009100521
-0.00013095165754964245,-13.082401044322951
-0.00011655420120254191,-11.642655409612901
-0.00010488027738157868,-10.475263027516577
-9.750485555330953e-05,-9.737720844689662
-9.625222827262895e-05,-9.612458116621605
-0.00010204567646588621,-10.191578580217298
-0.00011379837872300276,-11.36630910753061
-0.00012851563362399615,-12.837182496723093
-0.00014232767106512912,-14.217387412751053
-0.0001514866654337713,-15.132507779056532
-0.00015346551651327544,-15.330211614699834
-0.0001474833905681516,-14.731999020187448
-0.0001343590201126355,-13.41956197463584
-0.0001155084591288011,-11.5345058762524
-9.186529683119777e-05,-9.170189646492066
-6.418966868570135e-05,-6.402626831942424
-3.3508508541764124e-05,-3.334510817548701
-4.486413634662453e-07,-0.028524099718913107
3.538206544814082e-05,3.5544874445629957
7.420665140026987e-05,7.436463693877805
0.00011552843966076408,11.567145964044796
0.00015851951834797875,15.863034166999904
0.00020246882364322957,20.252277546643334
0.0002474098224645401,24.73736751782533
0.00029395966206132714,29.378860523194874
0.00034250035724481595,34.21351463215042
0.00039231519960597174,39.1684785476658
0.0004411953341948463,44.02306101530783
0.00048589231877847755,48.45499911777816
0.000522997828948943,52.12848081144326
0.0005498982282504186,54.78816415393187
0.0005658911427995867,56.36795148654967
0.0005722722810870005,56.99797128684975
0.0005715919639433919,56.929939572488884
0.0005665777925044952,56.42852242859921
0.0005593371229017293,55.70445546832262
0.000551205122738605,54.8912554520102
0.0005430960514776004,54.080348325909725
0.0005362917695274197,53.39992013089166
0.0005318760084576822,52.95834402391791
0.0005303662800584071,52.807371183990405
0.0005317841080471764,52.94758899139029
0.0005357593023228699,53.340676244864916
0.0005417260115606505,53.93057090751183
0.0005488329452541047,54.63299745553906
0.0005564503851022438,55.38564172583951
0.0005641092990855004,56.14213120388929
0.0005712174158362614,56.84398749521742
0.0005769190424148103,57.406805147825324
0.0005793287457235622,57.64462760024164
0.0005757799320097564,57.28974622886106
0.0005636489846109505,56.076651488980474
0.0005414476944814988,53.8565224760353
0.0005092887952559673,50.640632553482156
0.0004686978559461704,46.581538622502464
0.00042200604698192237,41.91235772607766
0.0003715080128950834,36.862554317393766
0.0003188746519839204,31.59921822627746
0.000264968026027583,26.208555630643723
0.00021029124440175373,20.74087746806079
0.0001554289040621854,15.25464343410396
0.0001006458465561702,9.77633768350244
4.49615945351622e-05,4.20791248140164
-1.2272869174868393e-05,-1.5155251358227513
-7.104657601126639e-05,-7.392366755755729
-0.0001311189367387393,-13.396963997265672
-0.00019290409876179216,-19.568766937572637
-0.0002572824648499153,-25.993312426600685
-0.00032510172193995606,-32.752017581868586
-0.00039644011526407245,-39.848602091235804
-0.0004697844521907608,-47.12811595853102
-0.0005424698941110155,-54.322669109359865
-0.0006110552860122804,-61.09090831754997
-0.0006715545700068501,-67.04271019671968
-0.0007189223118175612,-71.6894611321019
-0.0007495218506360343,-74.68469674667875
-0.0007617021337705818,-75.8754735417526
-0.0007548483453322757,-75.19009469792198
-0.0007284625699999364,-72.55151716468805
-0.0006805378916237643,-67.75904932707085
-0.0006081471288799914,-60.519973052693544
-0.0005098583587791498,-50.69109604260939
-0.00038819425486873106,-38.524685651567516
-0.0002504030052059406,-24.745560685288467
-0.00010706978714480508,-10.412238879174915
3.075345658794181e-05,3.3699819172142713
0.00015448282757464694,15.737827186261667
0.0002596251883838935,26.23337976133548
0.00034543921889870446,34.78301747650818
0.0004135895268727742,41.558719075197715
0.0004665343425053072,46.81232323518014
0.0005061038343582976,50.73207707182016
0.0005332623880483827,53.41883919366974
0.0005502454947472839,55.09740348637527
0.0005624783540067639,56.30570031371132
0.0005756490931912993,57.60590121378238
0.0005934689325347749,59.36381371159166
0.0006174859530963141,61.730743715530146
0.0006479641782418653,64.73044057485039
0.0006848018237291586,68.34978854412662
0.0007283256906920291,72.61677861522699
0.0007791532010208325,77.58630635846713
0.0008374895276335425,83.27090378971157
0.000902128765894296,89.54423792559736
0.0009698657630923152,96.08752157080677
0.0010359554519578213,102.43940910883602
0.001094882829362956,108.0744689597597
0.001140587699697713,112.42573573210494
0.0011659224546492208,114.83015799322789
0.0011649919613567548,114.73710866398129
0.0011337018920177565,111.60810173008144
0.0010691587409753132,105.15378662583711
0.0009688594174278565,95.12385427109146
0.0008307584473753425,81.31375726584005
0.0006543926608105082,63.67717860935663
0.00044202687069967885,42.44059959827369
0.00019969718636980206,18.207631165286024
-6.2679396831158e-05,-8.028898538434937
-0.00033225797261306363,-34.930924717224606
-0.0005960653742835494,-61.06503005586631
-0.0008433335229777249,-85.26345961709663
-0.0010665785551331169,-106.77104328562716
-0.00126214781399934,-125.28582264975766
-0.0014278401103165108,-140.6969629074376
-0.0015621291530473133,-152.98284459455874
-0.001664870638673061,-162.25016221059354
-0.0017385386201924382,-168.82106162304356
-0.001788603257084006,-173.25026872060732
-0.001822825210948647,-176.2606019003204
-0.0018495181833240756,-178.59877895188612
-0.0018753861535740642,-180.8563533709976
-0.0019042046278930321,-183.36167533090182
-0.0019364519294536354,-186.15278004056535
-0.0019703011594955095,-189.06842048173598
-0.002002826170840237,-191.85623977184878
-0.002030782419650007,-194.24158064136586
-0.002050940737996209,-195.95528392390526
-0.0020595998604469794,-196.68978925706
-0.0020524609926296723,-195.97590247532932
-0.002024825485941766,-193.21235180653863
-0.001972471935349732,-187.97699674733525
-0.0018930503694561782,-180.03484015797986
-0.0017865325429059175,-169.3830575029538
-0.0016540242566992528,-156.13222888228734
-0.00149503165771598,-140.23296898396006
-0.0013097189662424275,-121.70169983660482
-0.0010990260027029502,-100.6324034826571
-0.0008634585547794291,-77.07565869030498
-0.0006019220339313794,-50.922006605500016
-0.0003124587622526064,-21.975679437622716
5.6115291862551705e-06,9.8292066694825
0.00034967487272188864,44.12110227055852
0.0007124748977661872,79.8297708440366
0.0010823010269893061,115.39609741814918
0.0014449655110597025,149.13266763958785
0.0017860753876597277,179.5856593205329
0.0020935989094101938,205.81870080278858
0.00235881665175866,227.4266411950934
0.00257638881303984,244.41122750383812
0.002744403629247248,257.05543924334233
0.0028633256081571257,265.7524480565167
0.002934764134143366,270.8753659076841
0.0029587689682972944,272.5796054401032
0.002937280100705173,270.43071868089106
0.002874848469664412,264.187555576815
0.002777238297007657,254.42653831113947
0.0026492129958722533,241.62400819759907
0.0024929397737555054,225.99668598592427
0.0023077652559101093,207.4792342013847
0.002091919992248013,185.89470783517507
0.0018459691330356446,161.29962191393824
0.0015756246972697065,134.26517833734442
0.0012921965657972997,105.92236519010372
0.0010117489153228946,77.87760014266321
0.0007513601843696375,51.83872704733751
0.0005254433231902598,29.24704092939974
0.0003431733735949699,11.020045969870747
0.00020577243023535316,-2.71994132115639
0.00010770076466261673,-12.524102051645915
4.1285186387085665e-05,-19.158369830041156
4.128493681373852e-06,-22.867092152181645
-9.241649544857032e-06,-24.200999936595874
-9.51568102307604e-06,-24.228335807239635
-1.0903819106423477e-05,-24.366806544610693
-2.940346423875226e-05,-26.21182723790034
-6.88939575124347e-05,-30.14783251346463
-0.00011986352479618512,-35.22228719727739
-0.00016728410959237548,-39.936845298403234
-0.00020317886807790696,-43.500780596281956
-0.0002335008510383774,-46.50794007381939
-0.00027789751556603343,-50.90475655146907
-0.00036299667599419544,-59.30975750740307
-0.0005114176318164646,-73.88524524774199
-0.0007335215039554127,-95.45274586367304
-0.0010220340646996354,-122.92064700072531
-0.0013582698387236325,-153.96311429530041
-0.0017184496449725946,-185.83324709493408
-0.002076941946988654,-215.9314883041469
-0.0024079449174323575,-242.15069450969216
-0.0026864297083295428,-262.97879479784694
-0.002890309446656331,-277.49530591376725
-0.0030036577005630167,-285.2956941398136
-0.003020999648409169,-286.31690714228756
-0.002947330500231716,-278.9499923245422
-0.0027976993998666253,-263.98688228803303
-0.002595376194693197,-243.75456177069023
-0.0023650333201102863,-220.7202743123992
-0.0021263974893449286,-196.8566912358634
-0.0018951909103730794,-173.73603333867848
-0.0016854588013311246,-152.762822434483
-0.0015115898237157929,-135.37592467294982
-0.0013872267487058296,-122.9396171719535
-0.001321359681769449,-116.35291047831545
-0.0013139992810798902,-115.61687040935956
-0.0013538703079676918,-119.38838646345252
-0.0014200410035675895,-125.61643023333426
-0.0014877247402499537,-131.94496760636312
-0.0015357373978794964,-136.40753453268525
-0.001551891035050051,-137.90383251765513
-0.0015360389419092671,-136.31862320357672
-0.0014965398979094194,-132.36871880359197
-0.0014426431416433608,-126.9790431769861
-0.0013769186640599225,-120.40659541864227
-0.0012928779189381717,-112.00252090646717
-0.0011775696425400913,-100.47169326665914
-0.0010178880104134975,-84.50353005399977
-0.0008064128541507132,-63.35601442772133
-0.0005437776927919879,-37.0924982918488
-0.00023788048136432966,-6.5027771490829736
9.881680569736234e-05,27.139113419060955
0.0004504662850869231,62.007056723929495
0.0008007089403350817,96.14051772690888
0.0011323401494025339,127.63723520713089
0.0014266268194147564,154.72658126165464
0.001664013930519551,175.88817051353783
0.0018270294429903443,190.02712528260793
0.0019049593739753966,196.6670565711308
0.0018978856271491804,195.85445275443743
0.0018188290626144376,187.94879630096315
0.001688564012849117,174.9222913244311
0.00152968319308828,159.0342093483474
0.0013616495526911619,142.23084530863557
0.0011973204932658455,125.79793936610393
0.0010442802395600058,110.49391399551996
0.0009089343877470529,96.95932881422466
0.0008021263779139229,86.27852783091167
0.0007381239286008942,79.8782828996088
0.0007282277912422909,78.8812298147842
0.0007741979166387201,83.3582101066726
0.0008658217498106603,92.24028141158112
0.0009828443229911458,103.49783777161758
0.001100561856839044,114.71410420035573
0.001197143750566184,123.82819307021848
0.001259990870724494,129.71322269443664
0.0012877587792597363,132.3014931690052
0.0012850576628989046,132.01695350239527
0.0012574437630518288,129.25556351768768
0.0012079565448632381,124.30684169882859
0.0011371143734371053,117.22262455621531
0.0010453217950800093,108.04336672050572
0.0009350141878905464,97.01260600155942
0.0008105460246416965,84.56578967667444
0.0006750055560112431,71.0117428136291
0.000531334220503087,56.644609262813475
0.0003818634736782713,41.6975345803319
0.00022701711739923333,26.212898952428105
6.580956918683987e-05,10.09214413118876
-0.00010084048263929977,-6.572402744520319
-0.0002656469393472763,-23.03751743693908
-0.0004190079134381417,-38.315837417206964
-0.0005512738031166329,-51.43699594153776
-0.0006537223388402134,-61.55289848354057
-0.0007185262265154053,-67.92633935570578
-0.0007397721110495514,-70.01115919969496
-0.0007148033943164721,-67.51428752638704
-0.00064463058185387,-60.49700628012681
-0.0005349683313071586,-49.53078122545567
-0.000397105849578704,-35.744533052610215
-0.0002491988494594645,-20.953833040686263
-0.00010980085636431953,-7.014033731171769
5.310217856474161e-06,4.496945337016081
8.314387100837046e-05,12.277929552046725
0.00011242084329454411,15.203396646131027
8.362731449902387e-05,12.324043766579003
-9.084251466686202e-06,3.052887170007994
-0.00016437236339530674,-12.473503955246114
-0.000369694787098957,-32.9614962322813
-0.000606259180688257,-56.42796163830762
-0.0008525747530419872,-80.59966932171284
-0.0010872484089363447,-103.281837057758
-0.0012904282574339838,-122.57693886206204
-0.001444624193194078,-136.97312569126484
-0.0015359714783041622,-145.39105505086616
-0.0015563364297592362,-147.24295000827973
-0.0015067247061320336,-142.2817776455595
-0.0013935085795535045,-130.96016498770655
-0.0012265247311578115,-114.26178014813725
-0.00101928576303292,-93.53788333564812
-0.0007894110839054475,-70.55041542290087
-0.0005573375720724019,-47.3430642395963
-0.00034265174453991336,-25.874481486347445
-0.00016334632409315341,-7.943939441671457
-3.287470094855385e-05,5.10297592790565
4.272287751530513e-05,12.660097153164
6.622941639459063e-05,15.00890295977287
4.811054880767388e-05,13.197016201081194
2.7228839481169316e-06,8.6582497151255
-5.58734943288669e-05,2.7986118874271164
-0.00011818318471027206,-3.4323158100264237
-0.00017858140194727302,-9.471150474795186
-0.00023402354537660993,-15.012165430256134
-0.0002833945814857042,-19.94344954759372
-0.00032675876897523545,-24.2716678482363
-0.00036422210810047457,-28.00807623510437
-0.0003942188746838251,-30.99761496965586
-0.0004151443657888104,-33.08181614682554
-0.00042510082745470597,-34.07309793716783
-0.00042044183086697355,-33.607198278394584
-0.0003948258947323529,-31.045604664932526
-0.00033957950205813834,-25.52096539751107
-0.0002464813313615816,-16.211148327855398
-0.000111514680293565,-2.7144832210537344
6.175759619466036e-05,14.608463846710453
0.0002609346789780602,34.47517845008598
0.00046590435088978365,54.80611397566527
0.0006551638881584306,73.42017422740365
0.0008106859432176845,88.56584878367376
0.0009200892720092134,99.1234235953791
0.0009763626804926723,104.5193406205096
0.0009767163767791008,104.5250714897825
0.0009219856527576881,99.05199908764124
0.0008175685901148803,88.61029282336045
0.000675503235243214,74.40375733619382
0.0005116111573461211,58.01454954648453
0.00034366594577820114,41.22002838969253
0.0001896445367492894,25.817887486801354
6.61007820320704e-05,13.463512015079456
-1.3873503487636383e-05,5.466083463108777
-4.2470275065915444e-05,2.606406305280871
-1.768371599503469e-05,5.084896054274395
5.672084577610108e-05,12.522828402928532
0.00017189706883876012,24.02440564014138
0.00031480645332940623,38.258905941545954
0.00047208950045573715,53.852978563115656
0.0006323007734930404,69.62997021715884
0.0007860280841614914,84.63847914649561
0.0009255302053175563,98.1259207124751
0.001042689801275066,109.3418942397224
0.0011287310724438888,117.50752877717792
0.0011761422606792018,121.9795436294102
0.0011808475475957687,122.40406240651983
0.00114310866743383,118.63017439032598
0.001066431651784671,110.96247282541006
0.0009575031094927171,100.06961859621467
0.0008244009554440005,86.759403191343
0.0006743667440582211,71.75598205276508
0.0005126805469007602,55.58736233701899
0.00034345643853976555,38.664951500919514
0.00017138303587777877,21.457611234720837
3.2477992142308584e-06,4.644087568366045
-0.00015168639593395126,-10.847801700787546
-0.00028296864465584946,-23.959818747754298
-0.00038083339529884766,-33.714146861341064
-0.00043857500658280735,-39.457949848834126
-0.00045340685847579534,-40.93173561216292
-0.00042557218521839556,-38.14826828642294
-0.0003562363411574687,-31.214683880330252
-0.0002491084733835965,-20.501897102943033
-0.00011107656010733168,-6.698705775316554
4.855571358262639e-05,9.263508499807495
0.0002191924553096718,26.303906505163535
0.00039013854024575086,43.31443069566402
0.0005514638984454708,59.277081186400345
0.0006945738531156125,73.33768886690034
0.0008124746593476969,84.83515749953155
0.0008998842192960536,93.30140151409555
0.0009535326684093781,98.47101290302055
0.000972182546430376,100.26314377138542
0.0009566970294110636,98.71459206945418
0.000910232761849798,94.06816531332761
0.0008379080687426824,86.83569600261606
0.0007456061162454188,77.6055007528897
0.0006379118432138953,66.83607344973734
0.0005204439241944314,55.089281547790954
0.00040029063632500514,43.07395276084833
0.0002841037218295953,31.455261311307343
0.00017602222931743395,20.64711206009121
7.806509821357688e-05,10.851398949705507
-7.863032856568434e-06,2.2585858426909766
-8.171912457263764e-05,-5.126865298840561
-0.00014469635856584326,-11.42284219469831
-0.0001976971882782268,-16.718787780751274
-0.00023970472494207738,-20.913702840685605
-0.0002682052830182315,-23.758183785410466
-0.0002808162331083681,-25.01633942671327
-0.0002764051001888408,-24.575226134760545
-0.0002564821476957309,-22.582930885449553
-0.0002267888832392485,-19.613604439801307
-0.000198849187057265,-16.81963482160296
-0.00018386836960001588,-15.321553075878048
-0.0001899666167691569,-15.930796836278597
-0.00022232913107996503,-19.16314483677975
-0.00028540983279036247,-25.45883827607156
-0.0003840995663819006,-35.29176319856795
-0.0005224710031919499,-49.03134574404209
-0.0007021796003605872,-66.76321690382115
-0.0009191898941233675,-87.94946200127464
-0.0011607974914796203,-111.16223908488676
-0.001403656164582741,-134.00589832402684
-0.001623190618476952,-154.1612741653176
-0.0017997569246058862,-169.99059819716396
-0.0019206299184587497,-180.6159331886823
-0.0019804970196136314,-185.81218591659535
-0.001975076391394201,-185.19061072026093
-0.0018991936847794406,-177.6023400587849
-0.0017491481182182439,-162.59778340266524
-0.001528891001895778,-140.57207177041866
-0.0012537743078517454,-113.0604023660154
-0.0009500456552817121,-82.68753710901206
-0.0006492587760584238,-52.60884918668323
-0.0003799265587753776,-25.675627458378614
-0.00016106918326781166,-3.789889907622025
6.051488012787109e-07,12.374881711422923
0.00010856695512168413,23.156608876529432
0.00017194340516629627,29.476333384308756
0.00020260184159625737,32.53024403538031
0.00021508517561504706,33.773034514941955
0.00022142188499082015,34.40373267031411
0.00023043001458718007,35.300130188523816
0.00024950724954906354,37.19774484126617
0.00028673059812457343,40.89721482877339
0.0003505858571030213,47.23285088223886
0.00044807497053121217,56.87563133812033
0.0005812028472977542,69.97367361964135
0.0007434932639765755,85.8088272263795
0.0009254828685624951,103.35808135996459
0.001117943120389509,121.63427910944588
0.0013133217742096698,139.84492481739926
0.001504629005110546,157.3001290131993
0.0016837377499120765,173.2723097265564
0.0018403638087634217,186.92462295754353
0.0019627816927898487,197.37968226036568
0.0020412994976982783,203.98241984418522
0.002067491482399454,206.1666925826031
0.002034791978008371,202.8967421434948
0.0019400022753858495,193.41777188124263
0.0017858572609416108,178.00327043681878
0.001581781240794114,157.59566842206908
0.0013414080038241735,133.55834472507502
0.0010827799006866872,107.6955344113264
0.000824925760678599,81.91012041051759
0.0005829709484546944,57.71463918812712
0.00036420548160448496,35.838092503106175
0.00016762930803355174,16.18047514601286
-1.335516485921285e-05,-1.917927499773642
-0.0001874788681849963,-19.32077904326749
-0.00036161776635947155,-36.678945177552414
-0.0005380961618588286,-54.18103225949866
-0.0007134970682854895,-71.44595290898411
-0.0008819457133781856,-87.86714468029817
-0.001037712546331727,-102.88320603533319
-0.0011759168787559727,-116.0491900064202
-0.001292671611964949,-127.04361701656491
-0.001385988331171786,-135.73960068825863
-0.00145734947073826,-142.33161196647382
-0.001510609502184248,-147.21743240291985
-0.0015519939828098663,-150.9931416952323
-0.001589996318657531,-154.4439835473099
-0.0016349561476290077,-158.50606260277496
-0.0016965310150820368,-164.03237680128336
-0.0017810970859350112,-171.5507008940438
-0.0018905943918825724,-181.15857152548523
-0.0020220851839100247,-192.4996406445526
-0.002167998449127475,-204.8233908688192
-0.0023159168882093332,-217.02539321927281
-0.002453084884094133,-228.0703047453478
-0.0025683964620961965,-237.1491667146716
-0.002652304898825579,-243.63517389285946
-0.002696433505930677,-247.00514008628386
-0.0026944969198216596,-246.6947630970931
-0.0026454357071824634,-241.78864183317353
-0.002550373071553425,-232.28237827026965
-0.002410251089351351,-218.27018005006227
-0.0022271250103098805,-199.9575721459152
-0.0020083429536428745,-178.0793664792146
-0.0017686103344112852,-154.10610455605567
-0.001528165372627528,-130.06160837767993
-0.0013077522707464326,-108.02029818957041
-0.0011211351663814677,-89.35858775307392
-0.0009735638111366136,-74.6014522285885
-0.000860933822008608,-63.33845331578795
-0.0007707410134469621,-54.31917245962336
-0.0006853074909347588,-45.775820208403026
-0.0005863380753292023,-35.87887864784738
-0.0004596168532381257,-23.206756438739713
-0.00029845888982847916,-7.090960097775062
-0.00010528291875962971,12.2237727495418
0.00011174652256320584,33.874988742744925
0.0003421621520352956,56.71996016293784
0.000575684691179847,79.63056354926887
0.0008032825230058328,101.63698616722554
0.001017425613452626,121.97848522252345
0.0012122669431191605,140.12624425828358
0.0013844486126973641,155.84219982065656
0.0015341597077038662,169.24024727946377
0.0016653829325097,180.7662731830881
0.001785162421645831,191.1010627934492
0.0019018497759317884,200.99166439388554
0.002023648696837762,211.12268264630282
0.0021541893191698437,221.75580161166644
0.002291223766995827,232.6609426461158
0.0024281493076832176,243.28876527046435
0.0025571631971707735,253.0524602187812
0.002672179530227705,261.549631625862
0.0027700719101282274,268.6265164826126
0.0028499934709593873,274.29784284374125
0.0029109542329789984,278.559184503564
0.0029521854929065185,281.40967622253
0.0029732223252019276,282.85417980171474
0.0029737853933896508,282.8199223026558
0.002952868215175613,280.72820448125196
0.002908535385889557,276.2949215526464
0.0028389233118212434,269.333714145815
0.0027422804117232203,259.6694241360127
0.0026175055195059227,247.19193491428294
0.0024647499376573294,231.91637672942363
0.002285834781836901,214.02486114738076
0.0020843151697668033,193.87289994037104
0.0018650194247690432,171.943325440595
0.0016341335112145488,148.8547340851456
0.0013992395357182458,125.36533653551528
0.001166718926355976,102.1132755992883
0.0009399979307099736,79.44117603468806
0.0007214777677711988,57.58915974081058
0.0005139170583309381,36.8330887967845
0.00031960792327732457,17.40217529142315
0.0001390375507733049,-0.654847445072533
-2.9804002757069124e-05,-17.531345706456133
-0.00019154811862759407,-33.66103039468209
-0.0003512686451390297,-49.52026841165104
-0.0005127979604717131,-65.45771674048329
-0.0006778437975462201,-81.60421769592341
-0.0008461034011976066,-97.88835197287224
-0.0010163018804283813,-114.14535763874241
-0.0011869954343323354,-130.2006917509088
-0.0013565673866193285,-145.87396323530263
-0.0015220342508751549,-160.87601872202617
-0.0016804741656977057,-174.94940168702732
-0.001829250864008274,-187.88825786710373
-0.0019653647261893485,-199.47978011549634
-0.0020850392592534424,-209.4695520646257
-0.0021841981328429502,-217.59961136922394
-0.0022600999147951418,-223.7308095768254
-0.0023102843939337165,-227.7401804074566
-0.0023328471489356965,-229.53115447171123
-0.002327612601323903,-228.98316097547263
-0.0022969684652234144,-225.91874736542377
-0.002244628652288173,-220.68476607189962
-0.0021729968851380804,-213.52158935689033
-0.002085067006440668,-204.72860148714906
-0.001984958955474492,-194.71779639053145
-0.0018776252695725077,-183.98442780033304
-0.0017679837670210785,-173.0202775451901
-0.0016582961216332801,-162.05151300641026
-0.0015473145940925579,-150.95336025233806
-0.0014307920853371611,-139.30110937679837
-0.0013037121318641967,-126.5931140295019
-0.0011623733628787628,-112.45923713095851
-0.0010060243088833608,-96.82433173141833
-0.0008377994191274876,-80.00184275583099
-0.0006637431650929351,-62.59621735237576
-0.0004908117227834397,-45.30307312142621
-0.0003238176328750862,-28.603664130590865
-0.00016535386422135068,-12.757287265217311
-1.563872658392643e-05,2.2142000879117125
0.00012734461925793095,16.506500970673653
0.00026688641890639257,30.429134824677572
0.0004082475332666913,44.48550788226937
0.0005575844265376564,59.25872807623422
0.0007200415801434633,75.21208615808445
0.000897700999163033,92.48180064482057
0.0010877882041049147,110.71220741293276
0.0012827258481593654,129.09579544729016
0.0014715584145326012,146.55996790550984
0.001642426831211834,162.0393912527079
0.0017852891659831097,174.72676849191112
0.001893873920422482,184.2058566313326
0.0019665310203811487,190.46640480846142
0.0020056328511199135,193.80773986056522
0.002016469940864582,194.73029565556405
0.0020055369991221626,193.63700148132213
0.001979099487572904,190.99325032639626
0.0019421519401262703,187.29849558173294
0.0018970836613395803,182.79166770306395
0.0018441790447667457,177.5012060457805
0.001782449811510142,171.32828272012011
0.0017109517268276866,164.17847425187458
0.0016296330985136615,156.0466114204721
0.0015393840098598733,147.02170255509327
0.0014416912952597409,137.25243109508
0.001337912099054477,126.87451147455361
0.0012289916695773905,115.98246852684497
0.001115098635806004,104.5931651497063
0.0009970026767764418,92.78356924675009
0.0008763553947325299,80.71884104235889
0.000754754296563475,68.55873122545341
0.000632429011745473,56.3262027436532
0.000507155340400084,43.798835609114306
0.0003744651750131162,30.52981907041752
0.0002296870814530256,16.05200971440846
7.079611213786501e-05,0.1629128100974422
-0.00010197723554957936,-17.10757651313133
-0.0002867707215478692,-35.53346385259153
-0.00047922441739869156,-54.62059117072156
-0.000672711909738523,-73.65061512485883
-0.000859919342838153,-91.86049528716214
-0.0010344943770936093,-108.62106871634356
-0.0011918922197355676,-123.51997062660551
-0.001329651240744098,-136.37463086701828
-0.0014469672612177123,-147.17329177273112
-0.0015442047235441098,-156.0135693974314
-0.001622497775676555,-163.0554655770176
-0.0016837199034007758,-168.51302727556376
-0.0017300214759669163,-172.61127618630894
-0.001763543705505031,-175.56239868025716
-0.0017863151068755836,-177.5593133631638
-0.001800048638695478,-178.7606009988718
-0.0018057723202624565,-179.26057479877224
-0.0018036867047090655,-179.05201324343315
-0.0017930430175793696,-177.98764453046357
-0.0017721948586871174,-175.90282864123836
-0.00173909668677134,-172.5930114496606
-0.001691938669973205,-167.8772097698471
-0.0016294697590738404,-161.63031867991063
-0.001550536545803889,-153.7369973529155
-0.0014557007578736398,-144.2534185598906
-0.0013470611702473293,-133.38945979725958
-0.001227218886568399,-121.40523142936652
-0.0010977572708101774,-108.45906985354436
-0.0009583401384464516,-94.51735661717177
-0.0008070977741133982,-79.39312018386643
-0.000641921940313493,-62.87553680387592
-0.0004628129961172912,-44.96464238425573
-0.0002712453690586789,-25.807879678394507
-7.001149242155383e-05,-5.684492014681999
0.00013626787035433144,14.939212711531518
0.0003410958148504204,35.367828796626384
0.0005370051879475442,54.798761712914725
0.0007176048998989715,72.56724483794511
0.0008772772697004464,88.12585462010195
0.001012036432812529,101.12439140191182
0.001120421501630737,111.4789041134377
0.0012034962827737923,119.34938862971646
0.0012662395691780918,125.25325965257254
0.0013164270237916702,129.94952001491865
0.0013622125351416617,134.2129001662878
0.0014092192250716902,138.56857470140045
0.001459149782280342,143.17076187491378
0.0015100177216648297,147.83279038620054
0.0015572048357019395,152.13289491997858
0.0015955597157732736,155.61031162666134
0.001621168225431375,157.92303847105887
0.0016329112132491429,158.98110700088006
0.001631192512771486,158.801486037723
0.001616777380047529,157.35997276532737
0.0015905069456968806,154.73292933026252
0.0015539667381117696,151.0789085717514
0.0015099960167331943,146.6818364338939
0.001462125590613761,141.89479382195054
0.001414692896697021,137.1515244302766
0.0013713702524371378,132.81926000428825
0.001332500879945735,128.93232275514796
0.0012935281435174988,125.03504911232437
0.0012457406176709911,120.25629652767358
0.0011787225190489931,113.5544866654738
0.0010840582082340088,104.08805558397536
0.0009579895368658068,91.48118844715518
0.0008021739717141034,75.89963193198483
0.0006225961111915484,57.94184587972932
0.0004273550190079999,38.41773666137448
0.0002247743299533121,18.159667755905694
2.2396835385934067e-05,-2.0780165536179527
-0.00017280035563586063,-21.58425165646105
-0.00035490909362855466,-39.724964508791466
-0.0005194487696161499,-56.027710016053376
-0.0006633678240535543,-70.19137662028957
-0.0007854073336872633,-82.1143874759652
-0.0008865026677950242,-91.9205464443392
-0.0009700788690617042,-99.9735347660736
-0.0010401291657146804,-106.68261197282175
-0.0010999108716731388,-112.37709909121952
-0.0011513109785751428,-117.24918238713185
-0.0011945521317359808,-121.33003918277926
-0.0012300660317013953,-124.66906138200949
-0.0012591903184336452,-127.39865912089697
-0.001283710247520491,-129.69054970264483
-0.0013046952669468386,-131.6474770547435
-0.0013217592806870518,-133.235621413767
-0.0013330065307674047,-134.28084797262517
-0.0013358357499184523,-134.54357685116042
-0.0013283104540283129,-133.7910472621465
-0.0013093961921805653,-131.8996210773717
-0.001279224968554698,-128.88249871478502
-0.0012390454553652716,-124.86454739584237
-0.0011907821488370048,-120.0382167430157
-0.0011363682866179468,-114.5968305211099
-0.0010771512087233944,-108.67512273165465
-0.0010136195312313169,-102.3219549824469
-0.0009454464318064904,-95.50464503996426
-0.0008715907157265512,-88.11907343197032
-0.0007905077193814013,-80.01077379745534
-0.000700648976945484,-71.0248995538636
-0.0006008044986208435,-61.04045172139956
-0.0004899752257405287,-49.95752443336808
-0.0003672394164908666,-37.68394350840186
-0.00023256558192875034,-24.216560052190236
-8.725166201874266e-05,-9.685168061189474
6.55704438999529e-05,5.596730788338832
0.00022082534677021735,21.110104871588224
0.000374029661078075,36.37946588980133
0.0005231382642421141,51.17654675154488
0.0006668491053621403,65.35422770441993
0.0008033595447418542,78.7250021653584
0.0009305161368364803,91.07848015751601
0.0010466483529531405,102.26319344054181
0.0011512752171918155,112.2509035987054
0.0012454043330320257,121.15810490034158
0.0013310968401778235,129.19785232263757
0.0014104966904421232,136.58502697754085
0.001484803146915746,143.44151282876214
0.0015536920461590937,149.7470092387029
0.0016154507746248574,155.35660995343713
0.0016676929506357107,160.06894913798874
0.0017079998614814083,163.68364447529856
0.001734456727007048,166.04613580979134
0.001746086895068664,167.0820922721055
0.0017427566344737112,166.74906621261024
0.0017245891591495784,164.93231868019697
0.0016911139353892517,161.58479630416429
0.0016423840301084066,156.7118057760798
0.001579333977447013,150.40680050994044
0.0015032873092635382,142.80213369159296
0.0014151798534065873,133.99138810589787
0.0013155812593932945,124.0315287045686
0.0012054623899775407,113.01964176299323
0.0010850596415619038,100.97936692142953
0.0009542186654651138,87.89526931175054
0.0008134283143050819,73.81623419574733
0.000664946324250051,58.96803519024424
0.0005129112094727733,43.76452371251647
0.0003625376329030993,28.727166055549073
0.00021868842208470652,14.34224497370979
8.409800212639629e-05,0.8832029778787673
-4.005056142745895e-05,-11.52951374915918
-0.00015388449128352105,-22.89873787232953
-0.00025875658475348404,-33.35226461223494
-0.00035738848727525925,-43.15744962383073
-0.0004536632922507684,-52.69647345647823
-0.0005519555561163853,-62.39584006836996
-0.0006565872958870263,-72.66896454692913
-0.0007706829596102625,-83.80075714502028
-0.0008952578223861232,-95.85883070123742
-0.0010286252850826411,-108.64210494132637
-0.0011666129466547952,-121.71496840247859
-0.0013034014866888024,-134.50440802913747
-0.0014327235860480429,-146.42661030331467
-0.0015490802889992245,-157.00297260516896
-0.0016482939606186455,-165.90210829342087
-0.0017277685109337315,-172.94832159097214
-0.001786667430504921,-178.1215448564451
-0.0018260244416191003,-181.55472838939895
-0.001847720086793514,-183.4390741469024
-0.0018537918571890698,-183.9653774810025
-0.001845972286881125,-183.183420450208
-0.0018255781619502779,-181.14400795712328
-0.0017936138196776184,-177.94757372985734
-0.0017507291257551655,-173.65910433761206
-0.0016977967772644515,-168.36586948854065
-0.0016357457539288643,-162.16076715498193
-0.0015647849625843658,-155.06468802053206
-0.0014838676143059,-146.9729531926855
-0.0013910898521369277,-137.69517697578829
-0.0012845388640073602,-127.04007816283153
-0.0011637358503837404,-114.95977680046954
-0.0010303433829530692,-101.62053005740243
-0.0008878882634223574,-87.37501810433125
-0.000740643116101759,-72.65050337227142
-0.0005921521148843759,-57.8014032505331
-0.0004442847698148617,-43.01466874358168
-0.00029733486767438943,-28.319678529534453
-0.00015088378956599585,-13.674570718695097
-4.575697983454241e-06,0.9562288112555566
0.00014129697129447268,15.538514129006016
0.00028601427039882027,29.979530397187247
0.00042929987826820443,44.22904267784356
0.00057048376861769,58.20004015354393
0.0007083378000829107,71.7544960636623
0.0008414565959672411,84.7435137447124
0.0009686878717352131,97.05070555336695
0.0010890676770293332,108.58556313155918
0.0012015973017175132,119.2614923113982
0.0013051538262348168,128.98709831319758
0.001398381591582505,137.65578891076524
0.0014792779085861644,145.10739496029305
0.0015443975641025907,151.05611632524545
0.00159113570504915,155.29748762257714
0.0016183858874905838,157.7592644698042
0.0016260093091927917,158.44647995925342
0.0016135900536178227,157.20455440175652
0.0015798548689651198,153.83103593648622
0.0015227494020655966,148.1204892465339
0.0014397936699158786,139.8249160315621
0.0013298076170224445,128.8263107422187
0.0011944905966292734,115.29460870290158
0.001039637559137876,99.80930495376184
0.0008733531493474413,83.18086397471838
0.000704132520210561,66.25880106103035
0.00054003135303818,49.848684343792264
0.0003878966860172782,34.63521764170208
0.00025286882219482135,21.13243125945639
0.00013710745082760986,9.55629412273524
4.141789195281256e-05,-0.012661639274971779
-3.4569817978416636e-05,-7.6108223803366455
-9.3768072366684e-05,-13.527904262163482
-0.00014225404780664295,-18.371514908942476
-0.00018771405854986823,-22.90974188770916
-0.00023563962164560608,-27.690025646342534
-0.00029088775414282516,-33.194395766439925
-0.0003566625723071483,-39.73700539528802
-0.00043264165212069826,-47.27764862152261
-0.0005135789714932145,-55.28674777732695
-0.0005903825215995541,-62.86068360965341
-0.0006531464462785664,-69.02883159723537
-0.000693548831451486,-72.98834614786956
-0.0007074770408026074,-74.35122585769274
-0.0006967362431187168,-73.27714608930367
-0.0006696891278150459,-70.57243455893659
-0.0006366449650046639,-67.26801827789838
-0.0006065524216543007,-64.25876394286206
-0.0005859393312019529,-62.19745489762728
-0.0005792484542917584,-61.52836720660783
-0.0005911692192333176,-62.70221601513653
-0.0006266964024340526,-66.19644787680559
-0.0006895074707197412,-72.35806452582177
-0.0007807659191161686,-81.27045422948791
-0.0008932738540458012,-92.18586045137893
-0.0010113670187151254,-103.5472120001325
-0.001115087869699361,-113.43621683270958
-0.0011860275877020419,-120.14760644824126
-0.0012175480975533605,-123.11536964901583
-0.0012161507605866154,-122.97563595234134
-0.0011951128187507904,-120.87184176875883
-0.0011646084190596432,-117.82140179964411
-0.0011258588055255668,-113.94644044623647
-0.0010703921197335287,-108.39977186703267
-0.0009856335179529874,-99.92391168897854
-0.0008630340592457238,-87.66396581825218
-0.0007013670662037933,-71.49726651405912
-0.0005068565405569397,-52.04621394937376
-0.00028917567504999634,-30.278127398679427
-5.7260836159009684e-05,-7.086643509580758
0.0001809568140135189,16.729320100773233
0.00041717136615133894,40.27087677721795
0.0006405396106908646,62.37207690570297
0.0008377141680637832,81.68362248086262
0.0009947057435059075,96.88802496281397
0.0011009144858250333,107.07304172226229
0.001152918008300129,112.02733400645421
0.001155805388671967,112.28157196322135
0.0011215498188209608,108.85601497812075
0.00106363868364214,103.06490146023867
0.0009964934638124724,96.3503794772719
0.0009328644295150373,89.98747604752839
0.0008807797868565837,84.77901178168305
0.0008422494620897613,80.92597930500081
0.000813282719741557,78.02930507018037
0.0007864749908257223,75.34853217859691
0.0007551712541551447,72.21815851153916
0.0007187602288492592,68.5770559809506
0.0006793110630465278,64.63213940067746
0.0006399889547681267,60.69992857283735
0.000604894286609346,57.19046175695927
0.0005786277888821654,54.56381198424122
0.0005700199560794071,53.70302870396539
0.00059069017718185,55.745695361261994
0.0006495458042806938,61.551531923126674
0.0007462515409337194,71.05446979358507
0.0008686441759216009,83.00717720960891
0.00099459760938112,95.20801893356766
0.0010976274723000147,105.10362828587115
0.001154315224014215,110.51288286344223
0.0011500610906874163,110.08746953076235
0.001082209964513603,103.30235691338103
0.0009565144577726274,90.73280623928346
0.0007835819680529126,73.43955726731198
0.0005769509598834878,52.7764564503695
0.00035293317884189983,30.374678346210704
0.00013044303249625804,8.125663711646522
-7.04037003187085e-05,-11.956844546869595
-0.00023101354686175287,-27.990773600461072
-0.0003387164147180536,-38.71291014780322
-0.000390807744254703,-43.88665677063796
-0.000396605000966961,-44.461885187388944
-0.00037290392599980234,-42.09177769067308
-0.0003384011082047091,-38.64149591116375
-0.00030900528260357097,-35.70191335104994
-0.00029531536487123787,-34.33292157781663
-0.0003021368963950565,-35.01180857196925
-0.0003296919602481906,-37.752787702837686
-0.0003756338236681075,-42.31764961347528
-0.0004363712707018118,-48.34171912542228
-0.0005071442717827586,-55.343370208838444
-0.0005814860546957403,-62.67469900892207
-0.0006534420070402126,-69.7450881539911
-0.0007190556667239643,-76.16794343099505
-0.0007767598862444675,-81.79568916586607
-0.0008268294576774902,-86.66191726249603
-0.0008704238266604402,-90.88529221426371
-0.0009082677889291382,-94.54089298237544
-0.0009396265961510772,-97.56225000109528
-0.000961885310136831,-99.70241955375332
-0.0009714244606662981,-100.61846366616794
-0.0009649019033415395,-99.96620793369209
-0.0009389036304082582,-97.36638064036396
-0.0008898699459819216,-92.46301219773031
-0.0008158047549242998,-85.05649309196812
-0.0007176381159794037,-75.23982919747851
-0.0005997910407713701,-63.455121676675155
-0.0004705944464675452,-50.53546224629266
-0.0003387373750338284,-37.34975510292098
-0.0002115883809825512,-24.634855697793263
-9.498029121207662e-05,-12.974046720745807
6.6922950996287555e-06,-2.8067880895752686
8.768335068122385e-05,5.292146702733432
0.00014129059911301676,10.651511624145927
0.00016324164893619515,12.84543851601411
0.00015559103136565233,12.080376758959828
0.00012725500082012015,9.246773704406609
9.166536953226976e-05,5.687810575621571
6.35816107074491e-05,2.879434693139506
5.5100316732437543e-05,2.03130529563835
7.235094126642794e-05,3.756313178769802
0.00011487883182040065,8.008516883760862
0.00017770866174847327,14.288393840528036
0.00025402266156239646,21.909892977062274
0.00033856740082796924,30.341568600621247
0.0004283717579318582,39.27906214755217
0.0005209076866497273,48.462418818459206
0.0006119323377297913,57.46423678843684
0.000695035567382584,65.65048970705621
0.00076293367935053,72.31305955872459
0.0008101433824743108,76.93053349820056
0.0008351084329946631,79.36702298179321
0.0008405982895164923,79.90230520185612
0.0008320990586614301,79.05238211634992
0.0008157877834177041,77.42125459197733
0.0007972352849959924,75.56600474980615
0.0007782946141836538,73.6719376685723
0.0007572380502403215,71.56628127423907
0.000730827360391752,68.92521228938212
0.0006977532361935622,65.61779986956313
0.0006603462789806571,61.87710414827263
0.0006241995039638063,58.262426646587556
0.0005964666868073815,55.48914493094508
0.0005830659383428527,54.149070084492195
0.0005864894563588716,54.48745207545682
0.0006044272543521987,56.25961217197983
0.0006323589316383489,59.01629569177045
0.0006654033927951608,62.27294751017954
0.0006987150984934846,65.55059794061694
0.0007273712658242129,68.36567739631445
0.000744264541236777,70.02318955123356
0.0007401890803472737,69.61564346228323
0.0007060776364044159,66.20449906799743
0.0006363770982595816,59.23444525351401
0.0005318103161173542,48.77776703929126
0.0003994818296489008,35.54491839244592
0.00025017883461438915,20.614618888994762
9.348606446762005e-05,4.94534187431785
-6.264465652842354e-05,-10.666161720867661
-0.0002125445233543941,-25.63524333326993
-0.00035363431863232996,-39.68337443155611
-0.00048625224920227975,-52.8316921177727
-0.0006120237640751965,-65.23434728147669
-0.0007313789527768292,-76.93033511400624
-0.000844974406676511,-87.98355398416015
-0.0009534775063278998,-98.46025815280284
-0.0010564110729696587,-108.31799343056734
-0.0011507637023309531,-117.27827222130078
-0.001230861500427637,-124.82392794983227
-0.0012895892787038892,-130.3189371751756
-0.0013202901023839258,-133.17845553208755
-0.0013194565892911145,-133.09510422280644
-0.001287361325332276,-129.8855778269226
-0.0012282603998647614,-123.97548528017113
-0.0011495480299701358,-116.10424829070857
-0.0010608783622731745,-107.23728152101245
-0.0009731605326711695,-98.46549856081195
-0.0008969612813247058,-90.84557342616557
-0.0008417684888661185,-85.32629418030685
-0.0008142855063535997,-82.57799592905496
-0.0008169868467223001,-82.84082656432955
-0.0008471553079087725,-85.77292225430205
-0.0008968554821205503,-90.59018393363208
-0.0009544973013340513,-96.15574617581396
-0.0010074249568659249,-101.24477983785033
-0.0010454498928074603,-104.8877118653363
-0.0010611802838595378,-106.39141744231372
-0.001050781490708503,-105.35153812721025
-0.0010147977108753792,-101.75316014389787
-0.0009579997332895251,-96.07336238531246
-0.0008877361582927463,-89.04700488563456
-0.0008110341605892075,-81.3768051152807
-0.0007342535607639043,-73.69874513275037
-0.0006617030086773099,-66.44368992409093
-0.0005941559769547809,-59.68898675183804
-0.0005281289290381976,-53.086281960179704
-0.00045712684004385417,-45.986073060745355
-0.0003746086192987342,-37.73425098623336
-0.0002750322241527133,-27.776611471631274
-0.00015590899528668736,-15.864288585028676
-1.935630746154858e-05,-2.2090198025148
0.0001274381610833642,12.467913305537753
0.0002734358832734144,27.044177087360058
0.00040635238027841424,40.27561710063596
0.0005156707988459365,51.11693105636396
0.0005958040262084275,59.0341511958473
0.000645121321446565,63.89231443783772
0.0006655399859158045,65.90024150820992
0.000662360233114374,65.58226622806686
0.0006440812515976586,63.75436807639532
0.0006218674801726968,61.532990933899136
0.0006080091946278304,60.14716237941251
0.000613289068630622,60.6672062393189
0.0006435257908926279,63.64477256104123
0.0006995831391726645,69.15292350805775
0.0007773709528087642,76.7681538744783
0.000868336779312875,85.62784454139617
0.0009607628437571803,94.57416004507223
0.001041690317032011,102.3572082704556
0.0010992669795051734,107.86390254135183
0.001125104666690421,110.32638066890777
0.001116334748414219,109.44938884128757
0.0010743318241294732,105.249096412813
0.001003906592208529,98.20657322071858
0.0009126642790617219,89.08234190603787
0.0008101391837241467,78.82983237228036
0.0007065042147050457,68.46633547037027
0.0006106284971244922,58.878763712314914
0.00052790825724006,50.6067397238717
0.00045835851184652596,43.6517651845183
0.0003978713022539434,37.60304422526004
0.00033982866605625456,31.798780605491157
0.00027693908379581786,25.509822379447485
0.00020282643295158317,18.098557295024012
0.0001133398471753977,9.149898717405465
7.350712019202578e-06,-1.4489987548648129
-0.00011340883764111447,-13.521653742613616
-0.00024467166936825377,-26.62616367486616
-0.00038010608562295063,-40.10900068744561
-0.0005116957742874091,-53.15390957980858
-0.0006322799505690416,-65.0450919322642
-0.0007372027764604538,-75.33255862442498
-0.0008244133187974394,-83.83501579656209
-0.0008940590344647136,-90.59010036238378
-0.0009483526384958966,-95.83299593987294
-0.0009917735011815935,-100.01055111543589
-0.0010289550178860757,-103.5764789312313
-0.0010637911064901868,-106.90765829877185
-0.0010993702039587112,-110.29980013441639
-0.001138331882472165,-114.00240611558397
-0.0011826775991875369,-118.20089628270507
-0.001233352635970906,-122.97739690294402
-0.0012898057190538542,-128.27093018189325
-0.0013496174947946668,-133.8465245888665
-0.0014087480577861878,-139.32417071509548
-0.001462102995167829,-144.23641677853888
-0.0015046354619266558,-148.1310539893613
-0.0015323306076646822,-150.6567280756541
-0.0015426225556451026,-151.5932037804903
-0.0015343148425406748,-150.76243247004751
-0.0015070284285597661,-148.0337910719567
-0.0014607669865133509,-143.40764686731515
-0.0013956726011167483,-136.8982083276549
-0.0013120763810500744,-128.53858632098752
-0.0012107323851386677,-118.40418672984684
-0.001092876343316488,-106.61858254762889
-0.0009601468422209813,-93.34563243807818
-0.0008140180933738657,-78.73275755336664
-0.0006562351886540336,-62.95446708138343
-0.0004887751925437192,-46.208467470351984
-0.0003134930624373535,-28.680254459715407
-0.0001320376165525166,-10.534709871231719
5.408722573912093e-05,8.076958656429856
0.00024296943789743614,26.939878024210117
0.0004316963810454155,45.71156303598753
0.0006159142253940943,63.9120941773239
0.0007910877782106156,81.06347959271457
0.0009535694232088338,96.80209759413009
0.001101626120779885,110.9751897602757
0.0012366079991630995,123.73821366523444
0.0013602285662492543,135.28093979847097
0.0014736894757266168,145.74236864300153
0.0015782313932798922,155.26186980344295
0.0016764032699622111,164.0914592001519
0.0017721738832617005,172.59803055054695
0.0018703358531464162,181.20305525571422
0.001975013675490437,190.24767471602001
0.0020878634782447877,199.8411805221955
0.002207329564991002,209.81384025236792
0.002328560696443085,219.73561821527247
0.0024441705164585186,229.0067527931313
0.0025450026810276724,236.93789939178632
0.002623063678926847,242.97735361873382
0.002672583236101105,246.76265100271863
0.0026893294921985504,248.03462653457066
0.0026695891333428806,246.06059064900367
0.002609833186086436,240.0849959233592
0.0025067409255594805,229.77576987066368
0.002357723954658267,214.87407278054232
0.002163200218267225,195.42169914143815
0.0019285842235403261,171.96009966874823
0.0016644186221761925,145.54353953233488
0.0013841455910528152,117.51623641999714
0.001100333142854594,89.13499160017504
0.0008230076272533429,61.40244004004992
0.0005581643909841277,34.918116413128395
0.00030750231088726615,9.851908403442255
6.940783034669573e-05,-13.953741454007162
-0.00015917900917230106,-36.747474559343225
-0.0003809410507597059,-58.71512155549035
-0.0005971215127238364,-79.91208547022426
-0.0008069953870275076,-100.21480689527397
-0.0010090822553441969,-119.44756999574699
-0.0012021101237011875,-137.4789486803849
-0.0013853524517330362,-154.2505280893404
-0.0015585773315178473,-169.7654899274863
-0.0017219184795322022,-184.0699242301931
-0.0018761546628914077,-197.27012737833434
-0.0020216603824605825,-209.437302173532
-0.002158553338852857,-220.62176666713447
-0.0022873000445132476,-230.90187234563646
-0.0024093553949568612,-240.42926539846587
-0.002527004499384853,-249.40807402873858
-0.0026423384832535216,-258.0126562433379
-0.002756262886379695,-266.31817366615843
-0.0028674211911458697,-274.2349690446184
-0.002971449591679786,-281.47583867068585
-0.0030607941863053352,-287.5645887067079
-0.00312759161028407,-292.03820906462425
-0.0031657386904442027,-294.5628875338105
-0.003171157208847937,-294.86590375729617
-0.0031411493004559914,-291.86511291810154
-0.0030733027710701083,-285.0804599795133
-0.0029642846472147776,-274.1786475939802
-0.002810530468418024,-258.80322971430485
-0.002610977367365196,-238.84791960902203
-0.0023701908639769545,-214.76926927019787
-0.002099535403482429,-187.7037232207453
-0.0018139948561561045,-159.14966848811287
-0.0015272942140666605,-130.47960427916846
-0.0012501129284540262,-102.76147571790501
-0.0009886671259797836,-76.61689547048077
-0.000744982901410085,-52.248473013510896
-0.000518666864650479,-29.616869337550305
-0.0003063704565682489,-8.387228529327292
-0.00010232293922544574,12.015018914708751
9.835946807990822e-05,32.039702028374066
0.0002976074114677094,51.81898017848306
0.0004945538552591842,71.21023061301418
0.0006865783351279244,89.90996256346966
0.0008714717198879437,107.67513386645724
0.0010489852790781416,124.46994896083112
0.0012198067322202297,140.3570487566649
0.00138469038110532,155.40927633654704
0.0015439667915791598,169.66358682932704
0.0016976633608126973,183.13380361719783
0.0018460761637764593,195.8608352965836
0.0019900478235749535,207.9322192432178
0.0021305501627273244,219.44227381859818
0.0022674469898013045,230.39244003118796
0.0023993785168380383,240.69258827734117
0.0025234109549645387,250.14558944217018
0.0026350147784828374,258.45790069227047
0.0027285627163736448,265.28290457120767
0.0027982567536821118,270.2826175701117
0.002839519730322197,273.2084302980736
0.002849084292403961,273.8614930488068
0.002825177002404886,271.47076404889935
0.0027675920080078606,265.7122646091968
0.0026763817818352196,256.5912419919327
0.0025516076770009163,244.11383150850236
0.0023950206158746047,228.45512539587122
0.0022115223714919015,210.10530095760092
0.002009003336763446,189.85339748475536
0.001798037213295135,168.75678513792425
0.0015892337139509455,147.87643520350528
0.001389780186391871,127.93108244759784
0.0012009373196334714,109.04679577175789
0.001018144525430711,90.76751635148183
0.0008336590083898079,72.31896464739152
0.0006406511459365172,53.01817840206246
0.00043702254369919116,32.65531817832986
0.00022553937014499058,11.507000822909797
1.230090743124183e-05,-9.815467286001729
-0.00019570533946640647,-30.578474557517442
-0.0003925994562641537,-50.13657608062496
-0.0005744826649082221,-68.06914714701742
-0.0007392956131581021,-84.1686132180523
-0.0008863375587225539,-98.38465832562669
-0.0010163561869317018,-110.82082211911526
-0.001131052847635471,-121.67500001730521
-0.0012332659581792505,-131.247827248092
-0.0013270638122724252,-139.94394458169862
-0.001417145660956142,-148.2112711423274
-0.00150765347210571,-156.43050210857064
-0.0016006073508378414,-164.77692014780422
-0.0016951120686320782,-173.1599906054379
-0.0017874334279309662,-181.24584313624376
-0.0018719588839812102,-188.5562925213636
-0.0019427230779676839,-194.6066731223331
-0.0019946949565108414,-199.00891203556608
-0.0020245807345496006,-201.52427141721262
-0.0020307662063174365,-202.0433974880234
-0.0020125708839963297,-200.2238652559127
-0.0019688857187010896,-195.8553487263887
-0.0018968731780308386,-188.6540946593636
-0.001794740375390854,-178.44081439536512
-0.0016639358912970382,-165.36036598598358
-0.001509602399377971,-149.92701679407685
-0.0013388948762003167,-132.85626447631142
-0.0011585712850566152,-114.82390536194127
-0.0009728022080940423,-96.24699766568399
-0.0007826875465999025,-77.23553151627002
-0.0005876465103995736,-57.731427896237115
-0.00038663483478279146,-37.630260334558905
-0.00017990184638398956,-16.956961494678712
2.9457726080710726e-05,3.9787740854012643
0.00023492522853184192,24.506134482803986
0.0004287458589177947,43.79635866971658
0.0006037393052793125,61.10361871192539
0.000754684238602402,75.91702410316988
0.0008785433821801774,87.97378154810768
0.0009745431360738146,97.24832425412028
0.0010440984228171908,103.92589910762985
0.001090311322872035,108.34166630354713
0.0011180212925165983,110.98112645376514
0.0011338431405089964,112.48534858943299
0.0011466163955671472,113.69819618054728
0.0011643918162909624,115.3836980088706
0.0011927182333477645,118.06402653074612
0.0012338697962725575,121.94530089831262
0.0012863733651184567,126.8749645918592
0.0013486323241078488,132.68707653069208
0.001420071984892104,139.30972504871858
0.001499908764758529,146.64956459270215
0.0015849167506842528,154.39076797428996
0.0016689403155923088,161.96421569413738
0.0017444534325520885,168.70189650280048
0.001801947066796913,173.78688799545264
0.0018316091367278475,176.3948391450637
0.0018254072018410747,175.77464565638644
0.0017800611351518644,171.2400389874654
0.0016985406346280351,163.08798893508248
0.001588754424165366,152.10936788881557
0.001460556124698819,139.28953794216085
0.0013211152490006791,125.34545037234686
0.001175534695601424,110.78739503242133
0.0010268711803576016,95.9210435080391
0.0008757095639303191,80.80488186531086
0.0007200945437294114,65.24337984522009
0.0005564353468592922,48.87746015820817
0.00038181640265600044,31.415565737878996
0.00019332878413915117,12.566803886194071
-1.0452065744631982e-05,-7.810622721096669
-0.00022728989428166186,-29.4606354331736
-0.00044985567880330803,-51.56781124357642
-0.0006653915713981513,-72.7868620836549
-0.0008584832295200898,-91.57624758203559
-0.0010151941176707701,-106.6361108404403
-0.0011274994546623361,-117.30863351804459
-0.0011951707340056694,-123.68678431721241
-0.0012254849284386682,-126.53045269375725
-0.001230962250482218,-127.04334948663836
-0.0012258360494769717,-126.53072938611375
-0.0012236084100892167,-126.30783787666165
-0.001235134527582804,-127.38707579885131
-0.0012664274434493444,-130.31083460311697
-0.0013183634781152274,-135.1425146663656
-0.001387518983886889,-141.5346208030538
-0.0014677850115265804,-148.8919744201972
-0.001551528711089244,-156.49457794838722
-0.0016305361076443346,-163.59570793222733
-0.0016971844068308169,-169.5302285044114
-0.0017450332410701202,-173.7584972741137
-0.0017688785345541605,-175.85538278221262
-0.0017636963592119578,-175.33716524799235
-0.0017270165351614835,-171.66918284294493
-0.0016599503621333137,-164.96256554012794
-0.0015662263343246344,-155.59016275926
-0.00145002326391301,-143.9698557180976
-0.001314093921928226,-130.37692151961917
-0.0011588264371818367,-114.85017304498025
-0.0009829954468859074,-97.26707401538734
-0.0007855991410834771,-77.52744343514429
-0.0005673536856494135,-55.70289789173794
-0.0003318752873423235,-32.155058061028946
-8.625212371007905e-05,-7.5927416978045
0.00015863419675895621,16.889859508584536
0.0003914582871803383,40.09329710078346
0.0006020853219427787,60.940393826215015
0.0007818344874403858,78.56779681348844
0.0009230552854003485,92.28190387247037
0.001019937107856299,101.61025616781205
0.0010702098001268282,106.42275967630378
0.001075481482398322,106.92624792259544
0.001042205598557714,103.59865953853466
0.0009806048132147871,97.43858100424197
0.0009028478856161673,89.66288824438
0.0008239884409797344,81.77694378073669
0.0007620858914554959,75.58668882831284
0.0007302513091276254,72.4032305955258
0.0007314441108516234,72.51300231619405
0.0007627069377609118,75.57163345843037
0.0008200588362114912,81.16774886100035
0.0009001186149763109,88.94499336785465
0.0009997009039628439,98.55753711505872
0.0011142505289381884,109.52282639585133
0.0012360923174166833,121.06755181482248
0.001354327745957893,132.1431841557453
0.0014563291513064725,141.5896705939026
0.00153011551222355,148.35691811418147
0.0015662537429563966,151.65026526636763
0.001560733841296781,151.09827510040606
0.0015145862161325186,146.48351258397983
0.0014317092218756472,138.19581315829268
0.0013160517206276612,126.63006303349408
0.001169927919843841,112.01768295511206
0.0009946788038571954,94.49277135644749
0.0007922149114980629,74.24638212053426
0.0005672323506887526,51.748126039603235
0.00032876765618692684,27.90165658942065
9.055212277409893e-05,4.0801032481378625
-0.00013307430584989235,-18.274442015895257
-0.00033009106799606773,-37.911517402799475
-0.0004915448683245753,-53.920200384799415
-0.0006106978638868502,-65.66589481800239
-0.0006822819328627125,-72.68835709690907
-0.0007024140027222452,-74.65825118371181
-0.0006698910613895134,-71.40595705043862
-0.0005880870848511328,-63.22555939660056
-0.00046603965412487554,-51.020816323974834
-0.0003182000267588167,-36.236853587368955
-0.00016210364431055107,-20.627215342542385
-1.5365646234322503e-05,-5.953415534919529
0.00010683492424649066,6.2663376978656355
0.00019273025598355833,14.85197767730105
0.00023583268738761704,19.15735173426915
0.0002346540203543018,19.038768990404005
0.00019110213983278125,14.68358093825195
0.00010898826727367081,6.472193682340907
-6.730914084064217e-06,-5.099537912784465
-0.00014965966910657907,-19.382804210800664
-0.00031099683882935696,-35.46673867357734
-0.00047862515445750787,-52.10033240216047
-0.0006396252251824889,-67.96881700401892
-0.0007822795143281118,-81.91586746058553
-0.0008970499929035281,-93.0446980535828
-0.0009764989400942743,-100.69442324343714
-0.0010153534672577523,-104.41819387406885
-0.0010107071090304381,-103.93949886890196
-0.0009607068065435782,-98.93946862021598
-0.0008648670269973174,-89.35549066558988
-0.0007253081631807964,-75.39960428393779
-0.0005483828899185078,-57.707076957708935
-0.00034562343324254696,-37.43113129011285
-0.00013278684749431436,-16.147472715289595
7.284174415809423e-05,4.415133111250667
0.0002558212313829624,22.69795762391056
0.0004046449807818838,37.52627152090029
0.000512687746585071,48.25198456764324
0.000577612334743225,54.67669769845322
0.0006003876961052103,56.92632191080851
0.0005841806176338898,55.30561406367646
0.0005338111032745836,50.268662627745826
0.0004564436842028927,42.53192072057674
0.00036167461502634933,33.05501380292241
0.00026004849488664005,22.892401788951478
0.00016067126799276855,12.95467909956433
7.116052401528894e-05,4.003604701816367
-2.7496497134947495e-06,-3.387353638516228
-5.7562304987571685e-05,-8.867726553539837
-9.162016089691872e-05,-12.271969142868684
-0.00010539849609622604,-13.648874288051859
-0.00010079001674494435,-13.188026352923691
-7.994737309804443e-05,-11.103761988233698
-4.478881835052181e-05,-7.587906513481437
4.590492833225661e-06,-2.64997539510669
7.001952821987217e-05,3.892861316237752
0.0001510308352799472,11.991847627843208
0.00024266084261793353,21.144777380724943
0.0003359570986203022,30.449800711473046
0.0004208838864365628,38.902179181729686
0.0004892852876912598,45.694114162327786
0.0005365800887737577,50.3806434460884
0.0005620693965970804,52.902831841560975
0.0005670170480021063,53.392099574940154
0.000552252025889547,51.91559736368422
0.0005159709655845225,48.28749133318178
0.00045681611598609873,42.3720063733394
0.0003762899776674332,34.31939254147285
0.00027930795817778,24.621190592507535
0.000174045337359251,14.094928510654633
6.712478204876905e-05,3.402872979606437
-3.8345090098478604e-05,-7.14364167926866
-0.0001410948672032556,-17.41204339351772
-0.00023848583484792452,-27.131583839290734
-0.0003249109232156572,-35.739936524871304
-0.0003930331272447418,-42.510662966244766
-0.00043409530105191247,-46.58453682702745
-0.0004411132010264674,-47.28019714844547
-0.0004124568195052074,-44.41455899631946
-0.00035368886570897917,-38.53776361669664
-0.000275792677726804,-30.74814481847912
-0.00019091242069895989,-22.260119115694703
-0.00011066213495781663,-14.235090541580378
-4.4194227211464714e-05,-7.588299766945187
2.9083886958575507e-06,-2.8780381762129594
2.8829632379477062e-05,-0.2859138078510083
3.470883989597683e-05,0.3020069276964696
2.380954227538193e-05,-0.7879219377916162
1.0343800137451832e-06,-3.065397409885017
-2.7498871945102716e-05,-5.918477588658878
-5.511578457419129e-05,-8.679565224154054
-7.570130359720629e-05,-10.73733254311156
-8.489364310119366e-05,-11.656103178638665
-8.114979564420921e-05,-11.28171843294022
-6.638282872831177e-05,-9.805021741350474
-4.5784232320447216e-05,-7.74516210056402
-2.502898089347868e-05,-5.669636957867165
-8.101486143965313e-06,-3.9768874829158283
3.59632745691985e-06,-2.8071061228273115
1.092839389000634e-05,-2.0738994795186625
1.6386377575593037e-05,-1.528101110959993
2.363040310847547e-05,-0.8036985576717495
3.533912526299348e-05,0.36717360192283716
5.269880799266078e-05,2.1031312881775843
7.574738132410561e-05,4.407893848723077
0.00010411247701614786,7.244028407494128
0.00013744253000410757,10.57599951025495
0.00017492042949153753,14.321514632740392
0.00021458695883817589,18.284033905283987
0.0002522662732214326,22.04595640893539
0.0002833750458866306,25.150040058095897
0.00030427203275493485,27.234117374079897
0.0003125791713774581,28.06234138441283
0.00030717147667569145,27.52157191423616
0.0002880395046877182,25.608374715438835
0.00025663278636484387,22.467702883151407
0.00021466171224194375,18.270595470861394
0.0001640538665599338,13.2098109026604
0.00010757676278508689,7.562100525175708
4.896107686735456e-05,1.700531933402474
-5.9515385935614814e-06,-3.7906560224863775
-5.01388247311423e-05,-8.20870729326566
-7.783594022397524e-05,-10.977384514302255
-8.684572762681789e-05,-11.877890334994827
-7.91577919342929e-05,-11.109096765742327
-5.934570220955046e-05,-9.127887793268084
-3.3561351207774396e-05,-6.549452693090479
-7.381056666459983e-06,-3.9314232389590384
1.5858187050594065e-05,-1.6074988672536334
3.5348921059812026e-05,0.3415744580403991
5.298092841229479e-05,2.104764586845534
7.18969283365718e-05,3.996297270436413
9.466379908192408e-05,6.272752481171127
0.00012182445645735936,8.988203222060545
0.00015224264486247236,12.028711219069887
0.0001845170484709975,15.253803212135262
0.000216355396957009,18.434102213899376
0.00024495411861281214,21.289555985734538
0.00026755209381949016,23.544904977138444
0.0002823725173253861,25.0235232129091
0.00028885119280486237,25.66975995995688
0.00028768047910563316,25.55268859003396
0.0002810785930393958,24.89249998341022
0.0002723825690748246,24.022897586953103
0.00026516360875572596,23.30100155504324
0.0002615381391802575,22.938454597496396
0.00026326729924933123,23.111011740120382
0.0002716467965277641,23.947144875265508
0.0002860892799051197,25.38794995093988
0.00030302558771901485,27.077011884026227
0.0003164710494673311,28.41749890960619
0.0003200949153837685,28.778723312498315
0.0003080086644196053,27.570098216081995
0.00027651444620817317,24.42067639493878
0.00022572968560226429,19.342200334347893
0.00016022101790531422,12.79133356465289
8.784049539127355e-05,5.553281313248821
1.7540367923253833e-05,-1.476719932432755
-4.2826142967133317e-05,-7.512795388559461
-8.82333786994822e-05,-12.051737111320303
-0.0001172271974458331,-14.94899328358618
-0.00013202339036124644,-16.42715518106453
-0.00013643986654340883,-16.868313625992666
-0.00013468015208805854,-16.69234218045764
-0.00013108839097444598,-16.333166069096382
-0.0001303473017099373,-16.259057142645517
-0.00013740123901088435,-16.963672892602478
-0.00015661344846638054,-18.882427269766243
-0.00019033241749624727,-22.248625457368618
-0.0002372694524498026,-26.930997083082435
-0.0002934142987136382,-32.52569897998211
-0.00035319457197742764,-38.47374185248867
-0.0004105386131046564,-44.16923767634805
-0.0004599718828604544,-49.06992507997293
-0.0004973306168734227,-52.76739088078024
-0.0005202268581953091,-55.030654093125136
-0.0005285697224975327,-55.85477967746027
-0.0005249185935813166,-55.48966678583866
-0.0005128617693784234,-54.28398436554934
-0.0004959995348475743,-52.59776091246444
-0.00047736812520039436,-50.73461994774644
-0.00045930441518467083,-48.92824894617408
-0.0004440656484232475,-47.40437227003175
-0.00043401541617913754,-46.39934904562075
-0.00043021483615208263,-46.019291042915256
-0.00043141760069559143,-46.138554998063334
-0.00043395413818967483,-46.39005628413031
-0.00043206256846691935,-46.20089931185476
-0.000421624258783852,-45.15706834354802
-0.0004017830797833736,-43.17295044350018
-0.0003742214326463032,-40.41678572979314
-0.00034103197793587225,-37.09784025875004
-0.0003028151211759039,-33.2761545827532
-0.00025822291264103084,-28.816933729265898
-0.00020541176078344057,-23.53581854350687
-0.0001449921173510047,-17.493854200263286
-7.898021462841749e-05,-10.892663928004563
-1.0342469254410608e-05,-4.028889390603875
5.7143940031707e-05,2.719720883597154
0.00011922388964293328,8.92683204640169
0.00017145430817633154,14.147125712759108
0.00020987563826835542,17.985368925451336
0.00023220710200945598,20.21532575238641
0.00023933599514595796,20.927034436313885
0.00023307414639624143,20.300849561342233
0.00021491076749922925,18.484511671641016
0.0001877787912598073,15.771314047698821
0.00015713890917935837,12.70732583965393
0.0001304190931680691,10.035344238525001
0.00011513301310002292,8.506736231720383
0.00011686946333120571,8.680331705860585
0.0001378660885801587,10.779221207484685
0.00017619037349283202,14.609228119302173
0.0002266808316769169,19.652443959693713
0.0002831246293924815,25.285605233379517
0.0003403464791009997,30.989957560576595
0.0003949497933533546,36.42587327346646
0.00044494904025854036,41.39600963805259
0.000489198226952222,45.7878427060082
0.0005267477373867028,49.50924936696255
0.0005567834962706702,52.482091181016386
0.0005791819743939841,54.69662888376155
0.0005939435288631988,56.154940891092664
0.0006010712960020428,56.8587622735947
0.00060035300675055,56.786933348445416
0.0005909247369657308,55.8441063699635
0.0005722217486584274,53.973807539233164
0.0005440830735352222,51.159940026912636
0.0005066564157705279,47.417274250443214
0.00045995597872750573,42.74723054614099
0.0004040621528762915,37.15784796101957
0.000339530366390089,30.704669312399318
0.0002677418277011408,23.5258154435045
0.00019122988222042557,15.874620895432976
0.00011369079106797742,8.120711780188161
3.994176221731606e-05,0.7458088951220255
-2.6146550953228166e-05,-5.862744740275349
-8.258213929625537e-05,-11.504524867990883
-0.00012911974070223476,-16.154685910196143
-0.00016658328029778052,-19.896162266839085
-0.00019514655748133664,-22.74730641977547
-0.0002140281145612364,-24.63124040679735
-0.0002224301192695677,-25.469342098506406
-0.0002211714333791138,-25.343473509461017
-0.00021356065991296136,-24.58239616284577
-0.00020522070586052594,-23.748400757602234
-0.0002024663115439151,-23.47296132594115
-0.00021036718453642982,-24.261256366995365
-0.00023156844145388354,-26.375969909922865
-0.00026605581488563565,-29.81386820079427
-0.0003119253810821298,-34.38201625170382
-0.0003663413799684935,-39.793849164165465
-0.00042639756562202834,-45.75580746471194
-0.000489327921871335,-51.98917306753482
-0.000551755934896943,-58.15686975709141
-0.0006090529552476503,-63.80212465187989
-0.0006569505193652952,-68.50884569808659
-0.0006934359337692094,-72.08599939549563
-0.0007171355899798752,-74.405637365397
-0.000726561112106467,-75.32728163962159
-0.0007208638038920742,-74.7575508181823
-0.0007007557536888783,-72.7467457978627
-0.0006681701271157947,-69.48818314055436
-0.0006249323967561889,-65.16441010459377
-0.0005737622757845482,-60.0473980074297
-0.0005176670679747105,-54.43787722644593
-0.00045859464689815656,-48.530635118790535
-0.0003961983285357495,-42.29100328254982
-0.00032820179230792876,-35.49134965976776
-0.0002517432057571625,-27.84549100469113
-0.00016486965796150087,-19.158136225124963
-6.78736376334694e-05,-9.458534192321817
3.638609584451914e-05,0.9674337833744786
0.00014287225890893753,11.61403203819481
0.0002461603025962124,21.931112116504814
0.0003416944463138408,31.457523854393628
0.00042595973407576757,39.8417654895845
0.0004961343718351063,46.8073071297593
0.0005497302459894942,52.11525044740252
0.0005847101621691904,55.57331371919427
0.0006003764235706996,57.12036000305469
0.0005980820227244692,56.890919918431656
0.0005817990344884781,55.26262109483255
0.0005573954224198974,52.82225988797447
0.0005315078132734866,50.2334989733334
0.0005102415234083344,48.10686998681817
0.0004967244261339025,46.755160259374975
0.0004906360040329282,46.14631804927755
0.000489394757277858,46.02219337377053
0.0004903466806282562,46.11659103730009
0.0004920866450055488,46.28912649800998
0.000494748543095439,46.5530600160974
0.0004992458448127611,46.998919534970135
0.0005059213395758424,47.66058655087067
0.0005137505924395782,48.43640116446619
0.0005199033064652091,49.045922072627675
0.0005215289336150434,49.20694129933205
0.000516694957540578,48.72354369188551
0.000504166339068516,47.47068184467931
0.00048252495336391653,45.30654327421936
0.0004487945504123172,41.933502979059426
0.00039812238556804136,36.86628649463185
0.0003264922382433884,29.70327176216655
0.0002339231713592192,20.446365073749632
0.00012263689255165376,9.317737192993087
-4.529557834216665e-06,-3.398805906536938
-0.0001424429386013688,-17.18341000099926
-0.0002831686022914987,-31.22225997150048
-0.0004173774228390905,-44.56588032919706
-0.0005365282751996325,-56.360176767915306
-0.0006346659599808577,-66.0281209556006
-0.0007093148511388969,-73.34939447037107
-0.0007616291015756404,-78.46151879242603
-0.0007953286528539393,-81.74592463477573
-0.0008150753330014709,-83.66716464784365
-0.0008250781760528162,-84.63943210151342
-0.0008285885545559287,-84.98048409845644
-0.0008280586679465596,-84.92749543751953
-0.0008255084986387232,-84.67247850673587
-0.000822955932887452,-84.41722193160876
-0.0008220243825123382,-84.32406689409738
-0.0008236175089535862,-84.4788911714459
-0.0008279145844861601,-84.89641031445764
-0.0008346563380192134,-85.5512205139429
-0.0008434357946789396,-86.40350061836102
-0.0008540236820991184,-87.43065782119906
-0.0008665134036263723,-88.6413512441662
-0.0008812430467050094,-90.06781148593306
-0.0008986549115867293,-91.75209807094389
-0.0009189904073285199,-93.71650372745893
-0.0009411181312093496,-95.85068173356157
-0.0009620661398609926,-97.86779032009632
-0.0009774053223426246,-99.3427536766516
-0.0009822719741199694,-99.81034500047821
-0.0009723424385852679,-98.81739144700806
-0.0009445400130421646,-96.03714889269773
-0.000897450435647382,-91.32819115321948
-0.0008311617574623253,-84.6993233347138
-0.0007466547619606463,-76.2486237845459
-0.0006448983203958142,-66.0729796280627
-0.0005280340500059647,-54.38655258907773
-0.00039960799036793085,-41.54394662527435
-0.0002638764083710174,-27.970788425583006
-0.00012460980671206035,-14.0441282596873
1.565217031526487e-05,-0.01793055695477991
0.00015569052020196055,13.982342290263185
0.0002950089802317907,27.88929605290651
0.0004327363930592548,41.59571568120977
0.0005669937929443901,54.89751389594366
0.0006947234507360769,67.48128949528713
0.0008120224214929471,78.96273988136323
0.000914740429629162,88.94876816396498
0.0009999041556403875,97.17419598185106
0.0010663797096232734,103.55770508742762
0.0011145673142774297,108.16358284209966
0.0011457129233182076,111.13055235692582
0.0011614023079382365,112.62209495629016
0.001163389807829075,112.80787752802226
0.0011537068967147185,111.83958641658661
0.0011348438282271563,109.95327956783039
0.0011099104562790176,107.45994237301652
0.00108247223393188,104.71612013830277
0.00105590821843923,102.05971858903776
0.001032625743384747,99.73147108358945
0.001013641083343926,97.83300507950737
0.0009984710572836792,96.31600247348268
0.0009853482462404241,95.00372136915718
0.0009718110836969002,93.65000511480478
0.000955421351609811,92.01103190609587
0.0009344664971967356,89.91554646478833
0.0009075677597874021,87.22567272385498
0.0008734617170868434,83.81506845379911
0.000831107171718692,79.57961391698396
0.000779922230211287,74.46111976624346
0.0007197847611559279,68.44737286070753
0.0006506657716009823,61.535473905212974
0.0005732347959585493,53.792376340969675
0.0004886364304160892,45.33253978672367
0.0003978727644278891,36.256173187903656
0.0003011655762224569,26.585454367360434
0.00019810879620341443,16.279776365456193
8.855937200021086e-05,5.324833945135829
-2.734082478396299e-05,-6.264865555094813
-0.00014848644008873146,-18.37145339565239
-0.00027234356655422924,-30.72680144765158
-0.0003947918374768939,-42.905099044446544
-0.0005106341323333867,-54.38010857187581
-0.0006146411811671852,-64.634507668269
-0.0007026400190107262,-73.26849406656606
-0.0007727083285133738,-80.11209333502138
-0.0008244858301871833,-85.1499039520984
-0.0008588090189771906,-88.47986549218736
-0.0008777866680306659,-90.31762950399718
-0.0008848559349124361,-91.0015726765312
-0.0008844098522847615,-90.95548060360568
-0.0008806608090100395,-90.58057627613348
-0.0008779462522511474,-90.30912060024427
-0.0008800637022514994,-90.51401906708243
-0.000888964302939977,-91.37496020490028
-0.0009038640639150743,-92.81495126810405
-0.0009214904134209708,-94.51642331452312
-0.0009375840936407056,-96.06799454763345
-0.0009472439871399714,-96.99838548724864
-0.000946023748801872,-96.8763616534387
-0.000931315934747538,-95.4055802480053
-0.000903246839532513,-92.59867072650279
-0.0008645110776300802,-88.7250945362595
-0.0008191397097807332,-84.18795775132482
-0.0007714540377780755,-79.41939055105904
-0.00072472117354862,-74.7461041281135
-0.0006802869780653444,-70.30268457978593
-0.000637262223468479,-66.00020912009937
-0.0005928960168142719,-61.56358845467866
-0.0005433979664849193,-56.613783421743406
-0.0004848184757108417,-50.75583434433564
-0.00041390525812155907,-43.66451258540739
-0.00032874503605521233,-35.148490378772706
-0.0002291974427041285,-25.19373104366432
-0.00011712645025103753,-13.986631798355228
3.6547273737351526e-06,-1.908514035877959
0.00012780094726678648,10.50463401530602
0.0002491679983770341,22.627708876761464
0.0003618440000088725,33.85952196033382
0.0004611445463134815,43.73045627046348
0.0005444961953103962,51.99027012757668
0.0006117283724273704,58.632391196286164
0.0006647419544926665,63.85538409717124
0.000706758522089747,67.98509735493347
0.0007413148004839555,71.37461827699515
0.0007715121033241615,74.33120026935877
0.0007995270567314771,77.06944157228354
0.0008265330954801298,79.70466342738752
0.0008529016540877061,82.27337135439562
0.0008784303826631624,84.75608699022602
0.0009025496730855661,87.09784778132862
0.0009244146310612865,89.21738862003744
0.0009430859640361673,91.02477194661155
0.000957724817875548,92.44012209932912
0.000967872256827549,93.42033812351528
0.0009738261435740958,93.99512771727998
0.0009759775601810186,94.2027637143637
0.0009746210798987708,94.06711568613892
0.0009699844785307005,93.60345554933188
0.00096232405572296,92.83741326855782
0.0009518155544861979,91.78656314488163
0.0009382318960177061,90.42819729803244
0.0009208073253108089,88.68574022734272
0.0008980311042525085,86.4081181215127
0.0008676747757791873,83.37248527418058
0.0008268360831256646,79.2886160088283
0.0007732653722822487,73.93154492448672
0.0007061207524390906,67.2170829401709
0.0006257547337155844,59.18048106782028
0.0005332376848032906,49.928776176590894
0.00043021446365728054,39.6264540619899
0.00031930730587120495,28.535738283382337
0.00020310730993852637,16.915738690114484
8.411572453375832e-05,5.016580149637679
-3.4633827658661725e-05,-6.857963223076927
-0.0001491231716411944,-18.299130357080948
-0.00025508230045661207,-28.871169088225923
-0.00034952162561937097,-38.27253198230613
-0.0004303797205400132,-46.30079531444342
-0.0004969108790840424,-52.888932465321425
-0.0005501107113805435,-58.14388983585536
-0.0005929965075602324,-62.370757898318935
-0.0006299333042577768,-66.00415132246883
-0.0006656264486609637,-69.50856761325436
-0.0007041259938798705,-73.2808163538001
-0.0007479097196966191,-77.56058642346449
-0.0007977690617792228,-82.42023854807672
-0.0008528628274252356,-87.77172562840262
-0.0009108673833348403,-93.38388754588307
-0.00096797895943743,-98.88625956500148
-0.0010202005036511464,-103.89611783709971
-0.0010640534211546204,-108.08664007892462
-0.0010964624751063261,-111.17358221390616
-0.0011145872304148402,-112.8961477833984
-0.0011159660637074552,-113.02707801911242
-0.001098771381460779,-111.3076097944448
-0.0010624079622799211,-107.671267876359
-0.0010079155422350937,-102.22202587187626
-0.0009380779636403458,-95.23826801240148
-0.0008568732193937499,-87.11779358774189
-0.0007683803242455075,-78.26850407291765
-0.0006758892274492266,-69.01939439328957
-0.0005816739079648632,-59.59786244485323
-0.0004877160393415986,-50.20207558252677
-0.0003950462713891532,-40.93509878728222
-0.00030406242322008774,-31.836713970375673
-0.00021560859147540468,-22.99133079590737
-0.00013172484749058897,-14.602956397425796
-5.539492415231303e-05,-6.969964063598202
1.0594864348720748e-05,-0.37098521349482466
6.41285479152024e-05,4.982225160682659
0.00010447960317687681,9.01653828293543
0.000133028454472435,11.870196641935904
0.00015331471850040283,13.897499718706676
0.00017003017122444749,15.56761942488148
0.00018762431218695872,17.325162663703377
0.00021055535140060788,19.615188391886605
0.00024352999253397705,22.906779487084208
0.00028960176645014587,27.50240834030371
0.00034932771924179923,33.45309075917517
0.00042103461238586867,40.58495073888641
0.0005018318699104912,48.601191869502806
0.0005883597115104209,57.158397132336376
0.000677267810733623,65.91625371360104
0.0007654297521798499,74.560750930035
0.0008497067937038161,82.78261340474107
0.0009267606830168965,90.26044251563594
0.0009928276423903826,96.63959071025761
0.0010446329263792751,101.61939202089857
0.0010799774318635232,105.00512034695497
0.0010976649549414243,106.69575357718603
0.0010971939775429845,106.64865583734206
0.0010781371483348542,104.74297291652903
0.0010398250941733834,100.91176750038194
0.0009817840768853235,95.10766577157594
0.0009044471861556762,87.3739766986112
0.0008096723059012403,77.89648867316762
0.0007005960909203439,66.98886717507797
0.0005821610079676805,55.145358879811646
0.0004605889961828308,42.98815770132667
0.0003419838087779649,31.127638960840084
0.0002310959160378238,20.03884968682598
0.00013094442139676226,10.023700222719825
4.348701018009109e-05,1.2779591010527083
-3.0968432482791433e-05,-6.16726656680361
-9.336619369705255e-05,-12.404794348943982
-0.00014490029645388032,-17.553535541173076
-0.00018623541785624766,-21.68068226211923
-0.00021752458120612798,-24.802859969884903
-0.00023897120274855578,-26.941808648566788
-0.0002514802704321169,-28.188935772360804
-0.00025710514487660094,-28.7496110128139
-0.00025894772413653837,-28.93325975165402
-0.00026068754614272106,-29.10665961959009
-0.0002658617489153372,-29.622306781947483
-0.0002773829368523751,-30.770250970547387
-0.0002976112879028508,-32.784969565007145
-0.00032888282256427663,-35.89747086286199
-0.00037233291165880445,-40.21748083333443
-0.0004274772823709532,-45.69151281612256
-0.0004924091346356802,-52.12305071230882
-0.0005642864625945213,-59.22240947661588
-0.000639817672536395,-66.65691509194677
-0.0007154497855834237,-74.07177187922886
-0.0007871665899780811,-81.07258276609247
-0.0008498781746105042,-87.16813117388863
-0.0008988292374474949,-91.90800360285087
-0.000930256208661222,-94.94223224679016
-0.0009413734718451454,-96.01388967559167
-0.0009300369387726589,-94.88023636834302
-0.0008946137816441441,-91.33792065549154
-0.0008342505870037208,-85.30160119144922
-0.0007493670693056968,-76.81324942164682
-0.0006422531188223527,-66.1018543733124
-0.0005173049947937068,-53.60704197044782
-0.0003807896487077424,-39.955507361851375
-0.00024000972092889981,-25.877514583967113
-0.00010229601001444877,-12.10614349252201
2.5665803148245215e-05,0.6900344599686654
0.00013817673913605542,11.93892020606394
0.00023115879901429806,21.226835129482705
0.0003023245060698941,28.326117312337953
0.0003511017024462049,33.185649075408236
0.00037840631270793834,35.90328140338476
0.0003864742850370263,36.70589327652829
0.0003786706215025537,35.92552692308102
0.0003592041317230646,33.978877945132126
0.00033277983823946764,31.336448596772428
0.00030400430544610057,28.458895317435722
0.0002768889690484823,25.747361677673894
0.0002546902453951003,23.527489312335693
0.0002398886215350826,22.047326926333923
0.00023421373674779376,21.47983844760504
0.00023858820441812568,21.916476413519153
0.00025340170766919044,23.394839135540497
0.00027845690188905753,25.89437366544358
0.00031278175858229744,29.31656207639233
0.00035438454953681716,33.460694383518586
0.0004001927786882723,38.01845982865634
0.0004462582811602601,42.595515932920684
0.0004883388559593546,46.77046600750001
0.000522690089095759,50.17378965669968
0.0005459649136072517,52.477118162622006
0.0005553597578858496,53.40623013837083
0.0005489982064650794,52.7700749962938
0.000526312439186051,50.50149826839096
0.00048824871320469543,46.6951256702554
0.00043713157629635764,41.58341197942162
0.0003760229682819619,35.47255117798205
0.0003078340945897722,28.653663808763078
0.00023564024730675782,21.434279080461643
0.00016263885426425715,14.134139776211573
9.180407478112635e-05,7.050661827898494
2.5460816089057656e-05,0.416335958691626
-3.4886917706513345e-05,-5.61819610910848
-8.84256876852115e-05,-10.97054494741403
-0.00013483121114762046,-15.607796101026493
-0.00017386615184315145,-19.506483523133245
-0.000204913895708289,-22.605778525826764
-0.00022656645041706585,-24.76620730083644
-0.0002378038067024663,-25.88708147100244
-0.00023862003009139285,-25.968486047135098
-0.0002298602930153234,-25.09251233952815
-0.00021271853644542617,-23.37833668253843
-0.00018833126118192792,-20.939609156188606
-0.00015776677008917761,-17.883160046913574
-0.00012233334009034735,-14.33981704703055
-8.406440974661352e-05,-10.512924012657168
-4.5918175803361794e-05,-6.698300618331994
-1.1491311157820486e-05,-3.255614153777864
1.5736070238256725e-05,-0.5328760141701417
3.33205464150003e-05,1.2255696790832453
4.0359559477947285e-05,1.9294645130517332
3.7596963335224054e-05,1.6532048987794103
2.6956156114947047e-05,0.5891241767517097
1.0961883640693422e-05,-1.010301533068562
-7.804686481850677e-06,-2.8869263189433214
-2.6982852849557665e-05,-4.804624802178396
-4.436162957545909e-05,-6.542274755017226
-5.7878180107516294e-05,-7.8936458813794115
-6.592177411937335e-05,-8.697783080285546
-6.804880093605155e-05,-8.910419688287462
-6.433475497657111e-05,-8.539015092339417
-5.5309825797775845e-05,-7.63652217445989
-4.219796015219038e-05,-6.3253356099013445
-2.7137331180020346e-05,-4.819272712684341
-1.2831021847863797e-05,-3.3886417794686863
-1.9297669128724032e-06,-2.298516285969547
3.7111299044807683e-06,-1.73442660423423
3.5973007855211083e-06,-1.7458093696472132
-1.5402323619079101e-06,-2.2595539654398653
-1.0140657337947017e-05,-3.11957048299767
-2.0135584535708136e-05,-4.119009297152798
-2.894789373799806e-05,-5.0001655667781275
-3.480252455465534e-05,-5.5855622134586875
-3.697976673788702e-05,-5.803257908799279
-3.520021287677684e-05,-5.625302522688262
-2.8764075145224588e-05,-4.981688749533036
-1.6456871922660862e-05,-3.750968427276663
3.091265707136643e-06,-1.7961546642969122
3.0665583797077824e-05,0.9612756872481916
6.580567057763277e-05,4.4751724121505
0.00010680360565691144,8.574267719777596
0.00015111288114001874,13.003154583508886
0.00019571949939295547,17.45973565207951
0.00023714773851604825,21.596339367211044
0.0002730078320429861,25.174632845893132
0.00030213574855837585,28.079301766304898
0.00032378927853365084,30.23741460111859
0.00033655465331577765,31.509167341942415
0.00033819436973751686,31.67249551446958
0.0003263039105538167,30.483449596099568
0.00029930697085820855,27.78375562653875
0.0002575526204880007,23.608320589517966
0.0002039589437589216,18.248952916610055
0.0001441295426019484,12.266012800912737
8.398105335359964e-05,6.25116387607786
2.8315013136135143e-05,0.68455985433141
-1.931483795245762e-05,-4.078332417460665
-5.584814704586942e-05,-7.731132920069637
-7.815766061545794e-05,-9.961380835039018
-8.312219029690464e-05,-10.457626759239671
-6.837315710153731e-05,-8.982723439702937
-3.354540143394275e-05,-5.4999478729434825
1.8888287498605048e-05,-0.25657897968870275
8.365788023685643e-05,6.220073936238203
0.00015362576690332888,13.214176554021826
0.00022137701848563425,19.98188769070281
0.00028051269997432813,25.883178476129494
0.000326369281772774,30.454505043733946
0.0003561485250642297,33.42047698780884
0.00036846149892426583,34.64616457718533
0.0003624420296306886,34.0442176478276
0.0003368006680918264,31.480081493941384
0.00029172927570530533,26.972942255289276
0.00022952620803744596,20.75263548850334
0.00015407036011304495,13.207050696063241
6.932695493157118e-05,4.732710177915865
-2.1729627359233043e-05,-4.372829860548088
-0.0001173390844393071,-13.930278676738867
-0.00021654518820196221,-23.836497588701338
-0.00031777986582073994,-33.926122145904294
-0.00041751846208007236,-43.8399052955044
-0.0005092615837404412,-52.92892646598107
-0.0005857796226449697,-60.48321217010982
-0.0006409660825478839,-65.91460316690129
-0.0006704833818253534,-68.81334460453027
-0.0006717521454077122,-68.93784049262683
-0.0006436683184498652,-66.12945779684213
-0.000586714623888125,-60.43408834066811
-0.0005030124191605953,-52.06386786791514
-0.00039693881912195885,-41.456507864051495
-0.0002757480224478777,-29.337428196643376
-0.00014932895829390105,-16.69552178124571
-2.8784867292698987e-05,-4.641112681125506
7.58917308101353e-05,5.826309628739399
0.00015720774455718183,13.954627458077642
0.0002112416916261584,19.352091513590825
0.00023767774513563537,21.99125362977107
0.0002387710535989874,22.100375694674483
0.00021949841660619544,20.17311199539529
0.00018659660388228898,16.88293072300464
0.0001470078798211508,12.924058316890825
0.00010634671643178837,8.85794197795458
6.836035105321023e-05,5.0593054400967645
3.5106040037443723e-05,1.7338743385201143
7.502743598705191e-06,-1.0264531808839779
-1.3844510993427535e-05,-3.161136518602657
-2.794494624889e-05,-4.5710935156169725
-3.280871959760562e-05,-5.057425276816678
-2.6607677585935004e-05,-4.437321075649615
-8.179674544338025e-06,-2.5945207714899188
2.3223253643877885e-05,0.5457715494346811
6.842688280937576e-05,5.065968988305129
0.00012836672812583495,11.05836508001744
0.00020348677661083885,18.563771346044636
0.0002927869472734056,27.474957653319457
0.00039279073832900624,37.433556084384655
0.0004972915715883929,47.80850285028315
0.0005979327976680339,57.76180939714023
0.0006855690417552036,66.3921295174745
0.0007519211863318578,72.90040473671623
0.0007910621699892551,76.72813984982753
0.0008002423106455425,77.62460352967338
0.0007797049803981935,75.57087050493847
0.0007321011866663414,70.81049113175325
0.000661825699585198,63.78294242363892
0.0005744762790593766,55.04800037105677
0.00047661202730718967,45.261575195838084
0.0003752550890634052,35.125881371459634
0.0002770294561438737,25.30331807950648
0.00018691115940502875,16.291488405621983
0.00010817866985810675,8.418239450929782
4.227364033922498e-05,1.827736499041607
-1.1147941423636306e-05,-3.514364559620111
-5.3692004457816346e-05,-7.768196723528495
-8.806415769715566e-05,-11.204158113329377
-0.00011734657612489945,-14.130514488867561
-0.0001440126004232899,-16.794568910993245
-0.0001692414188816683,-19.314171475021446
-0.00019294183246952083,-21.680248092272134
-0.00021445228814512052,-23.826864266814557
-0.0002331447311945273,-25.69155463545671
-0.00024912386630201566,-27.285015057348343
-0.00026360817042183856,-28.728934591079916
-0.00027885699495098354,-30.248553701095375
-0.0002975348499223406,-32.10913358130816
-0.00032179641989719043,-34.52460503635172
-0.0003533236636191873,-37.66103620134909
-0.00039308166453630244,-41.612061190585706
-0.0004409851179448177,-46.365649148267394
-0.0004954770579878452,-51.76284285776627
-0.0005534761940356992,-57.494174170054336
-0.0006106017975851772,-63.12444706402421
-0.0006617405147951366,-68.15110715354174
-0.0007018754030969439,-72.08651957371409
-0.0007270278339453136,-74.54828311668184
-0.0007351239803984581,-75.33991405475942
-0.0007257479338562169,-74.40230940053527
-0.0006999352959747638,-71.82104561238998
-0.0006601001091645405,-67.83752693136765
-0.0006100122366330245,-62.828739678216046
-0.000554392506141572,-57.266766629070794
-0.0004982196648325162,-51.64948249816521
-0.00044611548409911374,-46.43906442482497
-0.00040152218260146793,-41.97973427506038
-0.00036612148941622447,-38.439664956536035
-0.0003395449819044526,-35.78201420535885
-0.0003199572491352904,-33.82324092844263
-0.0003048403413709389,-32.31155015200748
-0.00029177735478622986,-31.005251493536576
-0.0002791062922583646,-29.738145240750043
-0.00026572868693413367,-28.400384708326953
-0.0002510164052304297,-26.929156537956555
-0.0002350813662875987,-25.335652643673455
-0.00021955950781967282,-23.783466796880873
-0.00020553394528316412,-22.38091054323
-0.0001928524224169346,-21.112758256607048
-0.0001803745552494236,-19.864971539855944
-0.00016614219938972634,-18.44173595388622
-0.0001500265632670923,-16.830172341622816
-0.00013379320365009708,-15.206836379923294
-0.00011916507126201986,-13.744023141115571
-0.00010525048942599594,-12.352564957513179
-8.774629878071261e-05,-10.602145892984845
-6.0052567168756344e-05,-7.83277273178922
-1.5921734724117076e-05,-3.419689487325292
4.756427546788504e-05,2.9288770590190976
0.00012908089154108114,11.078806743866837
0.00022360122662668568,20.521310947713474
0.0003241881549667552,30.553879290550032
0.0004239181383027541,40.47703783658885
0.0005171677649481309,49.72702611221074
0.0006000631160950854,57.921759966085105
0.0006693485016846959,64.74748342080548
0.0007219714342056101,69.91571473750089
0.000755433778859081,73.19441658981243
0.0007689437432086627,74.51637047581127
0.0007642803048353551,74.05002663848049
0.0007458436414420557,72.20636029915055
0.0007199570035835624,69.61769651330124
0.000693018372538668,66.92383340881179
0.000669322392069204,64.5542353618654
0.0006493460901401944,62.55660516896443
0.0006311376937121493,60.735765526159916
0.0006118035203252488,58.80234818746986
0.0005884436777910008,56.46636393404506
0.0005585319977258393,53.47519592752891
0.000520139139078898,49.63591006283478
0.00047210791413448896,44.83278756839388
0.0004142502054681428,39.04701670175926
0.0003477820013487473,32.40019628981972
0.00027585170162853313,25.2071663177983
0.00020377041456463748,17.999037611408735
0.00013698672644660753,11.320668799605741
7.951572976627803e-05,5.57356913157279
3.330000452722711e-05,0.9519966076676962
-1.5461960642958701e-06,-2.5326010293892427
-2.6242793572110596e-05,-5.00211195404869
-4.270733552787652e-05,-6.648338458392607
-5.30391378857386e-05,-7.681304574730591
-5.942714758858726e-05,-8.31994101350055
-6.424394538089606e-05,-8.801478958226841
-7.023775551186605e-05,-9.400660677469453
-7.972699097441329e-05,-10.349213086587604
-9.400783782235039e-05,-11.776597442429232
-0.00011331543869307382,-13.706103123727932
-0.00013707611790510332,-16.080064962928173
-0.00016435606828023072,-18.804748362952626
-0.00019424372944630807,-21.788608640972964
-0.00022597218184029582,-24.954556832165437
-0.0002587781648846732,-28.225933974671246
-0.00029192769692818604,-31.52913332740996
-0.00032463965995293626,-34.786054669228946
-0.0003559240112865134,-37.898099430518414
-0.00038452764542936546,-40.74092960768427
-0.000409022531175533,-43.17332851985368
-0.00042791048859250515,-45.047563764818854
-0.0004398469886168005,-46.23136524651794
-0.0004437284204155687,-46.61619530616322
-0.00043880162455845384,-46.123515720451735
-0.0004247466954605233,-44.71802281065868
-0.00040161664275795665,-42.40501754040203
-0.00036997297222343033,-39.24065048694939
-0.00033089020710537357,-35.33237397514372
-0.0002859629596311199,-30.839649227718347
-0.0002375999566843209,-26.003348933038446
-0.00018886316066335322,-21.12966933094168
-0.00014291307941473886,-16.53466120608024
-0.00010223352073839276,-12.466705338445633
-6.833175492468529e-05,-9.076528757074884
-4.161876978383846e-05,-6.405230242990201
-2.1751645118914437e-05,-4.418517776497799
-8.10155134397238e-06,-3.053508399003593
2.449710532636281e-07,-2.2188561592799925
4.3397069399062575e-06,-1.8093825706157294
5.093053463813185e-06,-1.7340479182250368
2.443729324374092e-06,-1.9989764053655115
-3.0464233552048925e-06,-2.5479797190413946
-9.923042774009555e-06,-3.2356177434298905
-1.6972067962445187e-05,-3.9404829125667975
-2.4332200169120588e-05,-4.67644030024062
-3.33264177604414e-05,-5.575765950889379
-4.496512595573808e-05,-6.739458044832874
-6.026075483676623e-05,-8.268673324353875
-7.937685422987718e-05,-10.179629002682864
-0.0001004931294951701,-12.290187904548617
-0.00011932254502163055,-14.171811964938566
-0.0001300984582866012,-15.248473418693635
-0.00012743122540356217,-14.981750130389731
-0.00010766994580283877,-13.005622170317393
-6.993455643216544e-05,-9.23208323325006
-1.6247610497728524e-05,-3.8633886398063675
4.9046114394832905e-05,2.665954873123178
0.00012041601358890543,9.80175413180218
0.0001922764422824018,16.982638002451278
0.00025925904597644706,23.669945831274973
0.00031652083649607216,29.38023764971092
0.0003600699088871634,33.718077315741
0.0003873807616631337,36.43594030824323
0.0003978466455725527,37.4769056525299
0.0003930363824737158,36.99587934264622
0.00037645123750945414,35.337364846220055
0.0003526649024351228,32.95873133878692
0.00032633834808122705,30.32607590339734
0.00030111448843633554,27.80368993890819
0.0002788253082183191,25.574771917106546
0.0002591253450032518,23.604775595599815
0.0002405214605201498,21.74438714728961
0.00022128121388454857,19.82036248372949
0.00019999458819010808,17.69169991428544
0.00017586211329949093,15.278452425223726
0.00014841068759191808,12.533309854466442
0.00011752337922237055,9.444579017511687
8.371008883839154e-05,6.063249979113785
4.847592896911082e-05,2.5398339921857134
1.4256133962376857e-05,-0.8821434608701146
-1.6149837594045572e-05,-3.9226578902393396
-4.0388035408656184e-05,-6.346213603173662
-5.750171265644607e-05,-8.05722220503437
-6.846718001010318e-05,-9.153442521131122
-7.631649545978701e-05,-9.938087235810054
-8.471236959586353e-05,-10.77731386162483
-9.678118228778642e-05,-11.983569563118708
-0.00011470382132655144,-13.774644623061675
-0.00013973911500635792,-16.275915775366723
-0.000172272017394319,-19.525045491492097
-0.00021156789713026,-23.447402439935658
-0.0002563551884239933,-27.914373816953812
-0.00030467205779350184,-32.72840078689021
-0.0003535317319712585,-37.590384503195175
-0.00039875321627447414,-42.08406508135803
-0.00043546971638873855,-45.72766283482551
-0.0004591704544293481,-48.077085165912926
-0.0004668006002774825,-48.833005961952004
-0.00045759468750127815,-47.91241468433156
-0.0004330998683881632,-45.46293277302007
-0.0003965973277861546,-41.812678712819206
-0.00035209353867812846,-37.362299802016594
-0.00030334436244810467,-32.48738217901422
-0.00025358369554635477,-27.51131548883923
-0.00020545165970931384,-22.698111905135136
-0.00016098790839523305,-18.251736773727057
-0.0001215650748567242,-14.309453419876174
-8.7785718406368e-05,-10.931517774840556
-5.9447189226757305e-05,-8.097664856879485
-3.568676885248829e-05,-5.721622819452584
-1.5400314831513173e-05,-3.692977417355073
2.3767340002498156e-06,-1.9152725341787737
1.8098585164267812e-05,-0.34308741777697405
3.1394643799592675e-05,0.9865174773855521
4.103121831165774e-05,1.950167157045261
4.5895241590278355e-05,2.4365607593677496
4.5706201188813716e-05,2.417656719221286
4.102856631722217e-05,1.949893232062131
3.295668437847065e-05,1.1427050381869792
2.286392345704237e-05,0.13342894604415093
1.2203665046937537e-05,-0.932595584669947
2.5269415957016174e-06,-1.9002592276900485
-4.504032364325156e-06,-2.603341586501725
-7.222149063924008e-06,-2.8751447999061943
-4.321487738130098e-06,-2.585078667326803
4.974258550733769e-06,-1.6555040384404167
2.0797601153008026e-05,-0.07316977821299099
4.193774180495304e-05,2.040834181901382
6.59511657962752e-05,4.442076443592641
8.981102549200077e-05,6.827765809007323
0.00011095265607891242,8.941415496453805
0.00012792918608545305,10.638433103878418
0.0001405526307183321,11.900151324527688
0.0001496507288091278,12.809418403534304
0.00015639382726183326,13.483272618246446
0.000161403848705039,13.983905196724711
0.00016397166499978972,14.240486787570811
0.00016339122089822518,14.182442377414356
0.0001596450333857547,13.807823626167309
0.00015345485575906802,13.18880586349864
0.00014612909568515608,12.456229856107447
0.00013747246611748912,11.59056689934075
0.00012545601371295544,10.388921658887382
0.00010759714233796427,8.603034521388267
8.307863447720182e-05,6.151183735312021
5.4002188509518687e-05,3.243539138543707
2.5150108433255886e-05,0.3583311309174266
2.173350322447581e-06,-1.9393341503005097
-1.1106080215829705e-05,-3.2672390516023793
-1.3040152973490799e-05,-3.4606373365101657
-4.25229839902025e-06,-2.581851879063111
1.2901857346708903e-05,-0.8664363044901962
3.498952486681024e-05,1.3423279115619577
5.808364865422997e-05,3.6516823745252402
7.825557040498059e-05,5.668703775832658
9.169991221425528e-05,7.012928175863369
9.52700749213834e-05,7.369872869504613
8.727003641519902e-05,6.569869018886175
6.873811249656529e-05,4.716676627022803
4.236558982169894e-05,2.079424359536168
1.1952766855604833e-05,-0.9618558194941723
-1.7761475080068548e-05,-3.9331972070039956
-4.1442941699919474e-05,-6.301088206575928
-5.3906062768187046e-05,-7.547159158324413
-5.124055367442633e-05,-7.280608248948341
-3.2249867645889654e-05,-5.381539646094674
3.1057969153009456e-07,-2.1254949123526985
4.1572760602944344e-05,2.0007130212395032
8.591368066877788e-05,6.434474653026712
0.00012789754477987174,10.63164836888738
0.00016250233510907756,14.090048410733644
0.00018544839109584896,16.382564997375685
0.0001935555105915891,17.192381750563133
0.00018500610905255224,16.337441596659446
0.00015993706330459846,13.830537021864068
0.0001208331647363988,9.920147165044101
7.285082109094087e-05,5.1219128004983085
2.1828252219661923e-05,0.019655920866057726
-2.710628130892912e-05,-4.873638690298321
-6.996797533681651e-05,-9.158933013840203
-0.00010380472153559346,-12.541002503554573
-0.000126289007191528,-14.787753313646883
-0.0001356540452773351,-15.72338864600856
-0.0001310255412959426,-15.26053824786931
-0.00011294909486489212,-13.452893604764261
-8.376325517255818e-05,-10.534309635530867
-4.730271952099507e-05,-6.888256070374555
-8.129423492287353e-06,-2.9709264675037836
2.951196199143193e-05,0.7932107734526647
6.261748781863168e-05,4.10367726152433
8.95326615173612e-05,6.794880296823223
0.00010932787428737169,8.773933441130886
0.00012015539066373644,9.856318964041138
0.0001208043971382448,9.921194887879027
0.00011094311015801276,8.93506618985582
9.043244363779876e-05,6.883999537834419
5.8573544656767485e-05,3.6981096397312925
1.3834256160428855e-05,-0.7758171194310777
-4.5346896964993026e-05,-6.693526505798853
-0.00011878452924111821,-14.03400435043024
-0.00020213610610137013,-22.357993614382615
-0.0002892446852631911,-31.043988178834923
-0.00037339847821671194,-39.417771040083075
-0.00044725172935910693,-46.74867069203084
-0.0005024917593754119,-52.21907100721735
-0.0005304698912729869,-54.98506240179005
-0.0005234284311579638,-54.28091639028774
-0.0004765576521328903,-49.59383848778039
-0.0003896983981165552,-40.907913086146884
-0.00026806279790824524,-28.744353065315888
-0.00012177424202673178,-14.115497477164546
3.6553969330942235e-05,1.717295035514889
0.0001940005251901404,17.45502339400619
0.00033816068393649387,31.83564241184062
0.0004563570972221211,43.58857441142951
0.0005397108256161795,51.849006321173455
0.0005842419548850567,56.250844765878966
0.0005902575727121992,56.84278739577262
0.0005614672754663472,53.9637576711874
0.0005007478742735674,47.89181755190943
0.0004096114574230415,38.77817586685684
0.0002905105616319314,26.86808628774582
0.00015034284918741353,12.851315043294036
1.3439780556266467e-06,-2.0485281600154988
-0.0001405081791178844,-16.228057008591048
-0.0002590639493040489,-28.059988263202847
-0.000342101416580431,-36.32941884116706
-0.0003833888468856582,-40.43403915580699
-0.0003829394338162823,-40.38909784886941
-0.00034387666711450465,-36.482821178691644
-0.00026998015091707844,-29.093169558949022
-0.00016530249458485052,-18.62540392572623
-3.5020856093944934e-05,-5.5972400766356705
0.00011213399663038676,9.117340034755387
0.00026353424475759375,24.23971935277895
0.0004048021023203004,38.311235845074016
0.0005234675375333935,50.0859656930204
0.000612089259029187,58.844365343883204
0.0006691816161475436,64.4680420168917
0.0006982795468862906,67.32804598689856
0.0007049840251678712,67.98640273759608
0.0006942843603879011,66.91643625959908
0.0006692799350985002,64.41599373065898
0.0006305606681618683,60.54406703699579
0.0005777924293285113,55.26724315366009
0.0005117527079719955,48.66327101800851
0.0004359712077671039,41.08512099751936
0.0003566530972477775,33.15330994558671
0.0002813900704060418,25.627007261413144
0.00021751654795347216,19.23965501615618
0.0001708116338497894,14.569163605787903
0.0001450597591080732,11.993976131616286
0.00014206479794258827,11.69448001506779
0.0001624526010216062,13.73197218515246
0.00020559258198693284,18.041686314394635
0.000268601927367819,24.331451987222597
0.0003453193895766849,31.979167770604118
0.000426267519752363,40.03254772307626
0.0004997960490144396,47.33007320655197
0.0005545291221534741,52.74938619728362
0.0005817591393910169,55.441013795117904
0.0005767717680415953,54.942276660175736
0.0005389442897955111,51.15952883556732
0.00047079900635043845,44.34500049106005
0.0003768397394179654,34.94907379781274
0.00026228636453302895,23.4937363093191
0.00013264723409610492,10.529823265626693
-6.094609359931261e-06,-3.344253720361786
-0.00014737605782742558,-17.465331590255722
-0.000284647442904599,-31.159353073692564
-0.00041298725443488887,-43.92089805601157
-0.000528144215220075,-55.32375163790812
-0.0006266858182746195,-65.0363095467257
-0.0007068558699001034,-72.90224218479442
-0.0007690664074419852,-78.98129182439173
-0.0008151191176631492,-83.46637131929891
-0.0008463500568447283,-86.50026397407824
-0.0008645077202695253,-88.26121066466146
-0.0008714109754984481,-88.93011269638633
-0.0008683044679221137,-88.6194619387529
-0.0008552774999845421,-87.31676514499574
-0.0008312646384706598,-84.91547899360751
-0.0007949672233468933,-81.28573748123085
-0.0007458672616865359,-76.37574131519511
-0.0006858054893309582,-70.36956407963734
-0.000618279519415663,-63.61696708810782
-0.0005478924159679216,-56.578256743333675
-0.0004800251761566477,-49.79153276220629
-0.00042021479967087533,-43.81049511362906
-0.00037322247285646024,-39.111262432187544
-0.0003415509144808754,-35.944106594629055
-0.00032583472243875877,-34.3724873904174
-0.00032451123376899975,-34.240138523441495
-0.00033324573102493424,-35.10942784638647
-0.0003447095966395838,-36.25003323428635
-0.0003494387048697442,-36.72045066056994
-0.00033751493894674975,-35.528074068270485
-0.00030070229732479453,-31.846809906074967
-0.00023428425236773115,-25.20500541036863
-0.00013799764411431657,-15.576344585027172
-1.588758347568438e-05,-3.3653385211639533
0.00012491467749237525,10.713349077924168
0.0002756886335175478,25.76992223886585
0.0004275091901898334,40.88445506129801
0.0005721208697897031,55.213102002763435
0.0007027857658224183,68.08315468810787
0.0008146872040617039,79.03418995565032
0.0009050491164845564,87.82224005572695
0.000973162291113086,94.41057070519837
0.001019789636003241,98.90158508789824
0.0010466709249882956,101.48335550473617
0.0010559170825866803,102.37011308093241
0.0010494198898274188,101.72039380500627
0.0010289712393970515,99.67552876196953
0.0009961074993328242,96.3891547555468
0.0009516900856783026,91.94741339009465
0.0008948981683940347,86.26822166166787
0.0008260392737755065,79.38233219981504
0.0007475585248682249,71.53425730908687
0.0006636233669324346,63.14074151550785
0.0005797724082161612,54.755645643880506
0.0004989702348017915,46.67542830244353
0.0004211297913217486,38.89138395443925
0.0003454498857028975,31.323393392554138
0.00027373184701230793,24.151589523495183
0.0002113101622972279,17.909421051987177
0.00016533514103531972,13.31191892579636
0.00014257517955507205,11.035922777771592
0.0001459819040868413,11.37642927533879
0.0001730298718209922,14.079516240084452
0.00021581381401067205,18.3534963078318
0.00026350205199908607,23.114266803808725
0.00030552000943684577,27.30557682860244
0.0003333731723735145,30.081893819204684
0.0003415265234785659,30.89425581637082
0.00032724029743530286,29.465633212044512
0.00029058039351835963,25.79964282035019
0.0002327839164620866,20.019995114722885
0.00015626323207589335,12.36792667610356
6.588726617461797e-05,3.330330085976023
-3.025493218885549e-05,-6.283568842131107
-0.0001213781498855338,-15.391336317438443
-0.00019633584546582128,-22.876016599124497
-0.0002468401494491633,-27.91344168359211
-0.0002698704230290765,-30.20873172949917
-0.000268386105578689,-30.06029998446041
-0.0002496688526813235,-28.188574694723865
-0.00022249849133889127,-25.471538560480646
-0.0001944125219260482,-22.66294161919634
-0.0001699157761242361,-20.21326703901513
-0.00015063309174194808,-18.284998600786327
-0.00013694836992052725,-16.916526418644246
-0.00013064146855152874,-16.285836281744395
-0.00013276170948600864,-16.49763267244754
-0.00014295786899296275,-17.51607006878316
-0.0001602443119327662,-19.24238179892913
-0.00018450612156743467,-21.66451104599235
-0.00021762801436322156,-24.969516727762883
-0.00026338949500032274,-29.532116343386598
-0.0003255006565763698,-35.71689050194686
-0.00040428520658765903,-43.54607902759525
-0.0004974939257042502,-52.78096195480219
-0.0006001234409722811,-62.90751935567372
-0.0007041606338282627,-73.12032908448356
-0.0007985424938171813,-82.33260142796094
-0.0008706297858021605,-89.33113135185728
-0.0009081474673140928,-92.95962193134963
-0.0009015645076917021,-92.30132596911056
-0.0008461657148612294,-86.7614466860633
-0.0007425665645995929,-76.40153165989966
-0.0005967717231500852,-61.82204751494888
-0.00041957342639533404,-44.10221783947375
-0.00022624007712448632,-24.76888291238899
-3.242242195297349e-05,-5.387117395237701
0.00014811294400006298,12.663926370514462
0.0003036541645047285,28.19134358535574
0.00042432077568924266,40.201922032060104
0.0005032343626963933,48.03265826311066
0.0005387360319499075,51.5481558453686
0.0005330907881166429,50.98363146204213
0.0004923184916625699,46.90640181663484
0.00042620134234887936,40.29468688526578
0.000347734847080047,32.44803735838255
0.00027104212624497073,24.778765274874917
0.0002088799536747572,18.56254801785357
0.00017060029031982948,14.734581682360796
0.0001610960311966761,13.784155770045457
0.00018112079888121666,15.784918264020527
0.00022849483020733318,20.516172287885162
0.00029949742583779143,27.60018312406678
0.0003898470464451665,36.598307685913184
0.0004949364970951406,47.0345620571225
0.0006096337476609847,58.37833334179713
0.000727986250429702,70.02089563027126
0.000843318371296857,81.29351566974186
0.000948777458799837,91.52877907349728
0.0010380148962322283,100.12940768706916
0.0011058126152895024,106.623618439725
0.0011481280818024392,110.65837348856277
0.0011620642615312847,111.98395250665936
0.0011453388482412822,110.31141117765912
0.0010957067172962878,105.34819808315969
0.0010106200938994766,96.83953574347856
0.0008891602502450279,84.69355137803369
0.0007333419311195401,69.11171946548491
0.0005482464309596431,50.602169449495214
0.0003413993427729403,29.917460630824927
0.00012182223723278992,7.959750076809888
-0.00010079346148598019,-14.298129751586776
-0.00031670572867754677,-35.83190743859091
-0.0005163986651703444,-55.632705974188596
-0.0006914747434340192,-72.85211059971621
-0.0008354633172029043,-86.88624442439406
-0.0009445297188577348,-97.42588910906623
-0.0010179640377875093,-104.4731595157697
-0.0010581206797916792,-108.30904412978975
-0.0010699856949796366,-109.43992990020358
-0.0010602125694135073,-108.46261734359065
-0.0010361257219578212,-106.05393259802204
-0.0010049797114346037,-102.9393315457003
-0.0009734083501259107,-99.782195414831
-0.0009469974178384742,-97.14110218608732
-0.0009300081008467751,-95.44217048691742
-0.0009253154390622821,-94.97290430846813
-0.0009343179679966492,-95.84074765314641
-0.0009569630139067347,-98.02110530326583
-0.0009917434069317973,-101.3624435597163
-0.0010358571963475886,-105.58704638810673
-0.0010855038563425323,-110.32294627699538
-0.0011361583256982162,-115.13393277112768
-0.0011828437719124411,-119.54842255371979
-0.0012207077298319038,-123.11456062664601
-0.0012453507896320205,-125.42850855270564
-0.0012529291797449293,-126.13898047079327
-0.0012401663751860918,-124.86270001490954
-0.0012044904507368078,-121.29510756998113
-0.0011442536839326991,-115.27143088957027
-0.001058872109550166,-106.73327345131695
-0.0009490423592399065,-95.750298420291
-0.0008169639442734609,-82.54245692364645
-0.0006665949854882742,-67.50556104512776
-0.0005029194834112202,-51.13801083742237
-0.00033152275078447696,-33.99833757474804
-0.00015836455972195854,-16.682518468496195
1.0332444535930204e-05,0.18718166945162243
0.00016839956128747745,15.988536592590025
0.00031028802887261164,30.146694850444817
0.00043165144133295956,42.219796468595156
0.0005300662111351957,51.97486427208888
0.0006055788764479693,59.43357124524237
0.000661073057900982,64.89834280432349
0.0007009484453639316,68.81555894174063
0.0007302053882841868,71.68429594635596
0.0007539504402025647,74.00909678635526
0.0007772971802679123,76.29176109076985
0.0008051080522366417,79.00670403910296
0.0008416084450713544,82.56277498819404
0.0008898771838370633,87.25236532127948
0.0009512329378034295,93.19089271150975
0.0010249160271344696,100.28712871505704
0.0011080215433266882,108.24123025774212
0.001196206277148023,116.6199541694377
0.0012844577961865081,124.93734862599118
0.0013676833351754026,132.7152617576729
0.0014411557382598915,139.52583905528803
0.0015007762431236114,145.0122904842968
0.0015431275910823543,148.88705970134254
0.001565528180891105,150.92878753515726
0.0015659326043446695,150.96559953323336
0.0015426284416054006,148.63518325930647
0.0014942235613165666,143.79469523042306
0.0014206275268209467,136.4350917808611
0.0013234190392875976,126.71424302752617
0.001205580636240476,114.93040272281401
0.0010708599134929982,101.45833044806623
0.000923115584151774,86.6838975139438
0.0007660917647700446,70.98151557577086
0.0006036550503818419,54.737844136950585
0.0004404319081361208,38.41552991237848
0.0002813175441195778,22.50409351072418
0.00013114104164236478,7.486443263002879
-5.645539516251498e-06,-6.191849993595919
-0.00012530145666633273,-18.149676845108743
-0.00022523703203678779,-28.121464137782436
-0.0003044068259575501,-36.00579168194666
-0.00036354948837619323,-41.884254624656236
-0.00040528225474085143,-46.02542086015314
-0.00043375340323999954,-48.84704857128759
-0.0004542011756941605,-50.871614166130904
-0.0004723891352421111,-52.67103294394163
-0.0004941706427032717,-54.824178237660426
-0.0005244182734248627,-57.810824688722874
-0.0005664135661839797,-61.95053875727026
-0.0006217802003253753,-67.39523935141987
-0.000690635129481334,-74.14383399477097
-0.0007716635012528267,-82.05056550273268
-0.0008620361460200092,-90.820051869336
-0.0009580550345919028,-100.07521122816921
-0.0010554584768309278,-109.3923125196486
-0.001149554541779898,-118.31901027416498
-0.0012353718277938672,-126.39238453692604
-0.001308112044382969,-133.18182186216455
-0.0013638315961880703,-138.34776092434956
-0.0013994695370435823,-141.63552421838193
-0.0014130137185284736,-142.88162812765052
-0.001403585563033033,-141.93881257810645
-0.0013713815812036484,-138.718414395168
-0.0013175251283628732,-133.33276911109047
-0.0012438980947779203,-125.97006575259518
-0.0011535160436108001,-116.93186063588317
-0.0010504033298869024,-106.6205892634934
-0.0009390933375343207,-95.48959002823523
-0.0008239280931188993,-83.9730655866931
-0.0007086059833961351,-72.44085461441666
-0.0005960491238918127,-61.18516866398443
-0.0004884110963271767,-50.42136590752083
-0.0003873450256449135,-40.314758839294505
-0.00029433269446822085,-31.01352572162524
-0.0002109367996957572,-22.673936244378876
-0.00013817726870326728,-15.397983145129885
-7.612501402382748e-05,-9.192757677185904
-2.3993053210553472e-05,-3.979561595858505
1.9577081888201555e-05,0.3774516044332294
5.627811611679162e-05,4.047470918628482
8.804898251024778e-05,7.224155405658282
0.00011714430936459784,10.132824388909237
0.00014624229066959515,13.041084765622218
0.00017832698755518335,16.246844787965287
0.00021632147204493876,20.041362665529217
0.0002626370630726845,24.6637913492245
0.00031879382730945623,30.262744520404155
0.00038462154485871227,36.816268901748856
0.00045816141462514575,44.122684607526665
0.0005362530209229459,51.860820475414165
0.0006153639251238475,59.67478380687869
0.0006922156149538808,67.23782888584492
0.000763984308969358,74.27294773584836
0.0008281994560601056,80.54269886536227
0.0008824825222686146,85.82289086685766
0.0009244029523949005,89.88736359626652
0.0009516547564011458,92.52317895107048
0.0009623710514716015,93.55824133116674
0.0009554931734762268,92.87045353162928
0.0009310218368231321,90.42331986631979
0.000889999863654632,86.32112254946979
0.00083410843785181,80.73197996918758
0.0007650969084150288,73.83082702550946
0.0006850454701666564,65.82568320067222
0.0005964281208266008,56.96394826666666
0.0005020139056776426,47.52252675177085
0.0004045902479088078,37.780160974887366
0.00030673909178474847,27.99504536248143
0.00021063094921344738,18.38423110535132
0.00011796616989728315,9.117753173734894
2.9999003708617718e-05,0.3210365548683523
-5.236897289771119e-05,-7.915087885048684
-0.00012860907063605033,-15.534754305835289
-0.00019838336154074407,-22.502018929118233
-0.0002615809663778381,-28.80516728257274
-0.0003184985609266771,-34.4742498680716
-0.00036994910295400183,-39.59127427624648
-0.0004169805917457708,-44.261618177517114
-0.00046023862984804597,-48.55048424254594
-0.000500608105525206,-52.54655291320107
-0.0005391379760506601,-56.35428535237211
-0.0005766619116070755,-60.05633287953441
-0.0006132111632055954,-63.6558895688188
-0.0006479105185748479,-67.06714627610768
-0.0006792362268754519,-70.14136936135051
-0.0007054043291487453,-72.70536053289692
-0.0007249864584253532,-74.62153607933267
-0.0007373350657677478,-75.82875474093963
-0.0007429933571231627,-76.38162055068112
-0.0007427741992103791,-76.35970475940275
-0.0007372671794615539,-75.80900278452023
-0.0007269694528693354,-74.77923012529837
-0.0007127050471945484,-73.35278955781966
-0.00069585388878939,-71.66767371730384
-0.0006781581648848564,-69.89810132685048
-0.00066107234077097,-68.18951891546183
-0.0006450255824198296,-66.58484308034778
-0.0006290030791722943,-64.98259275559425
-0.0006106911336326383,-63.15139820162864
-0.0005872238498180851,-60.80466982017333
-0.0005560767099394088,-57.68995583230569
-0.0005155531698774414,-53.637601826108956
-0.0004646607630932299,-48.54836114768781
-0.0004037189192587385,-42.45417676423866
-0.0003341005031123369,-35.492335149598496
-0.00025761826706078824,-27.84411154444364
-0.00017582504977004803,-19.664789815369616
-8.979907317838043e-05,-11.062192156202856
-3.3369044145180846e-07,-2.115653882509992
9.17825682664716e-05,7.095529574267615
0.0001853867972603849,16.450615104493156
0.00027864271960669466,25.759637406872432
0.0003687900233907862,34.741690933617946
0.0004533395558312104,43.1459814802292
0.0005305382918287544,50.79863752689518
0.0005990845484255369,57.57388867127681
0.0006574900650296508,63.33029468743092
0.0007038574972154587,67.88837171606033
0.0007361426903227376,71.05548813108906
0.0007528203798858262,72.68931169947493
0.000753729740080639,72.77835226168419
0.000740636218364778,71.4690000900981
0.0007174279006816765,69.14816832178795
0.000688724596590287,66.277837912649
0.0006587982658640921,63.28520484002951
0.000631072979940763,60.5126762476966
0.0006082490918264043,58.23028743626073
0.0005925188014268419,56.65725839630449
0.0005856092268785004,55.96630094147035
0.0005884800848792607,56.24982811184559
0.0006006652315250881,57.45283461035977
0.0006201050001307045,59.370690599772395
0.0006432056419274024,61.64744262240504
0.0006653281916838663,63.82540250250819
0.0006816200349501852,65.42778598858115
0.0006878641850653227,66.04157403900052
0.0006810860399826939,65.36375953073764
0.0006597006770089437,63.22522323336261
0.0006233171165700032,59.586867189468556
0.0005723877971924519,54.493935251713424
0.0005078999539373827,48.04515092620651
0.00043126900668733826,40.38205620120206
0.0003442122953268208,31.676385065150324
0.0002491442600872258,22.169581541190823
0.0001491411999611624,12.169275528584482
4.735913938742854e-05,1.991069471211096
-5.352884393457585e-05,-8.097022790814027
-0.00015149908351473176,-17.887121381498506
-0.0002447687641357644,-27.194967631904458
-0.000331918406669681,-35.87530773217997
-0.00041156439958941565,-43.789632266714676
-0.0004820148069230874,-50.77215430056745
-0.0005411872668655552,-56.62176103502988
-0.0005870458225483996,-61.14463431018606
-0.0006183202005826203,-64.2234209377872
-0.0006349380037601935,-65.85737791109516
-0.0006383055810185122,-66.18832624563143
-0.0006313277600541574,-65.49054414919594
-0.0006183226308485675,-64.19003122863697
-0.0006037029991096569,-62.7280680547459
-0.0005912585459703589,-61.483622740816095
-0.0005840073535337114,-60.758503497151345
-0.0005844646817435104,-60.80229129709291
-0.0005946449856592595,-61.805177820921756
-0.0006157591675812284,-63.883589039457014
-0.0006477368479070349,-67.02712883400312
-0.0006887263751279373,-71.04875910144895
-0.0007350975254199368,-75.58723207935729
-0.0007817828511275276,-80.1437777232489
-0.0008229728329070612,-84.15283164836865
-0.0008527538889690312,-87.04464869337785
-0.0008665356876284861,-88.38090676046427
-0.000861590079144957,-87.88634591211135
-0.0008367502850467322,-85.40236650228888
-0.0007917558268794673,-80.90292068556239
-0.0007268615239141862,-74.41349038903428
-0.0006428480298443742,-66.01214098205307
-0.0005413785319180318,-55.86519118941884
-0.00042539809780589637,-44.26714777820529
-0.00029914740114652717,-31.642078112268372
-0.00016776450279082144,-18.5037882766978
-3.650471086766095e-05,-5.3778090843817505
8.994367701018115e-05,7.266570228706196
0.00020777431331873102,19.041109631398275
0.0003138841164832138,29.626993894286706
0.000405892884430275,38.78523799551205
0.0004820075063538879,46.342246111424316
0.00054093342265509,52.17843968980933
0.0005820300818852816,56.24049843859682
0.000605593009808596,58.5661924697418
0.0006131183433582697,59.308425173291596
0.0006074316194766996,58.73975278513459
0.0005925456668949838,57.25115752696301
0.0005728529566357394,55.28188650103858
0.0005524701651210752,53.24360734957216
0.0005348495318190591,51.48154401937054
0.0005227099705555329,50.26758789301792
0.0005180951494260043,49.80610578006507
0.0005224169656385288,50.23402805082126
0.0005362412652118593,51.60233860996703
0.0005589985064697742,53.85313439005068
0.0005887975266747164,56.797093367488344
0.0006222730844745853,60.09957891962506
0.0006553903657902816,63.361568959737035
0.0006839759985798953,66.17287357502148
0.000704223057309256,68.16158156069669
0.0007128703585297699,69.01028177134083
0.0007067497420233565,68.39822012069949
0.0006823800974689755,65.96125566526139
0.0006381312421088498,61.536370129248816
0.0005759849523715047,55.321741155514296
0.0004987176277189226,47.595008690256094
0.0004080756075051125,38.53080666887509
0.00030589842067805536,28.313087986169368
0.00019554623191861802,17.277869110225634
8.223170747487741e-05,5.946416665851571
-2.758085138873135e-05,-5.034650856007926
-0.00012746924669452137,-15.019140689653241
-0.00021259996650102315,-23.51943616615242
-0.00028061775344600355,-30.301559550312046
-0.00033161848534626345,-35.379777221370546
-0.00036724323968572787,-38.922750034524505
-0.00038956769688496033,-41.1410169579045
-0.0004005507182688396,-42.23175767766348
-0.0004020436069621542,-42.37998808937695
-0.00039617628991205615,-41.79325638436715
-0.00038571088716452364,-40.74671610961389
-0.00037389811460003736,-39.565438853165276
-0.0003639513932935452,-38.570766722516055
-0.00035836814549225916,-38.012441942387454
-0.0003585114491375225,-38.026690220563644
-0.0003645593090067505,-38.62795563259658
-0.0003759166871302089,-39.7567805424986
-0.00039179514062072276,-41.334282958936164
-0.0004115756590341128,-43.298301533711815
-0.00043485602028867906,-45.60811351240737
-0.00046107232026254487,-48.20689581027508
-0.0004890265636884585,-50.97509544829112
-0.0005165694408371443,-53.69951193098841
-0.0005406762746992216,-56.08144377818888
-0.0005578880337166964,-57.780541427658775
-0.0005649307913782531,-58.47540046923834
-0.0005592718522382706,-57.90950655524009
-0.0005394138255095087,-55.9237038823639
-0.0005049267619557646,-52.4749975269895
-0.0004563573790600987,-47.6180592374229
-0.000395115528947521,-41.49387422616513
-0.000323373251805495,-34.319646511962524
-0.0002439971953657131,-26.382040867984337
-0.00016039578684024503,-18.02190001543753
-7.625349411416497e-05,-9.607670742829523
4.894143118894847e-06,-1.4929070195235412
8.007960037717315e-05,6.0253664575163315
0.00014718027182999616,12.733033619342013
0.00020499992269813885,18.509407281703492
0.0002531510662300398,23.31621813044808
0.0002918648485380212,27.177880653337088
0.00032177180525412883,30.15890353598254
0.0003437985650787742,32.3531126464841
0.0003591482211464648,33.88145453185962
0.00036930709389941963,34.892615317323056
0.0003759896765241014,35.55761094148051
0.000380993109699476,36.05543002720169
0.0003860133950000954,36.554854679365285
0.00039247709366280924,37.19776549057167
0.00040140526042744195,38.08560343665583
0.00041339808498410356,39.27782270030415
0.0004286956116290897,40.79792169203869
0.00044724513202629417,42.64016218035923
0.00046870680580415734,44.77018617212973
0.0004923785139686542,47.11767755355391
0.000517159864481402,49.57299817644108
0.0005415248428506446,51.984748022755944
0.0005636023285597986,54.16799604913691
0.0005813225630640086,55.918869673354074
0.000592648616201591,57.03724318929903
0.0005958111492527375,57.349421353256844
0.0005894648224948845,56.71478867747156
0.0005728219426692608,55.05050069490918
0.0005457181816461478,52.34012459259788
0.0005086360610076467,48.63191252874777
0.00046265504531014845,44.03381095899794
0.0004093581935862458,38.70412578660767
0.0003507293844677389,32.84124487475698
0.00028899326617844607,26.6676330458277
0.00022640963479905035,20.409269907888124
0.00016506994007877912,14.275300435861002
0.00010673759742754573,8.442066170737661
5.277005547575096e-05,3.045311975558185
4.05841755915908e-06,-1.8258403053049233
-3.895646553486845e-05,-6.127024439660951
